000981   000
000982   000
000985   000
000986   000
000987   000
000988   000
000988   001
000989   000
000990   000
000991   000
000992   000
000993   000
000994   000
000995   000
000995   001
000996   000
000999   000
001010   000
001022   000
001023   000
001036   000
001039   000
001040   000
001041   000
001042   000
001043   000
001044   000
001045   000
001046   000
001048   000
001049   000
001050   000
001051   000
001052   000
001053   000
001056   000
001058   000
001061   000
001062   000
001064   000
001069   000
001070   000
001071   000
001072   000
001073   000
001074   000
001075   000
001076   000
001077   000
001078   000
001079   000
001080   000
001081   000
001082   000
001083   000
001084   000
001086   000
001087   000
001088   000
001091   000
001092   000
001093   000
001097   000
001098   000
001100   000
001101   000
001101   001
001102   000
001103   000
001104   000
001105   000
001106   000
001107   000
001109   000
001110   000
001111   000
001112   000
001113   000
001114   000
001115   000
001116   000
001117   000
001118   000
001119   000
001123   000
001124   000
001125   000
001126   000
001127   000
001128   000
001129   000
001130   000
001131   000
001132   000
001133   000
001133   001
001134   000
001135   000
001136   000
001137   000
001137   001
001138   000
001138   001
001139   000
001140   000
001141   000
001142   000
001142   001
001143   000
001143   001
001144   000
001145   000
001146   000
001147   000
001150   000
001151   000
001152   000
001153   000
001154   000
001155   000
001156   000
001156   001
001159   000
001160   000
001160   001
001161   000
001162   000
001163   000
001163   001
001163   002
001164   000
001164   001
001166   000
001168   000
001169   000
001170   000
001172   000
001173   000
001175   000
001176   000
001178   000
001180   000
001182   000
001183   000
001184   000
001185   000
001186   000
001187   000
001188   000
001189   000
001190   000
001191   000
001192   000
001194   000
001195   000
001195   001
001195   002
001196   000
001197   000
001203   000
001204   000
001204   001
001205   000
001206   000
001207   000
001208   000
001209   000
001210   000
001211   000
001212   000
001213   000
001214   000
001215   000
001216   000
001217   000
001218   000
001219   000
001220   000
001222   000
001223   000
001225   000
001225   001
001227   000
001227   001
001227   002
001228   000
001229   000
001230   000
001231   000
001232   000
001233   000
001234   000
001235   000
001236   000
001237   000
001238   000
001239   000
001240   000
001241   000
001242   000
001243   000
001244   000
001245   000
001246   000
001247   000
001248   000
001249   000
001250   000
001251   000
001252   000
001253   000
001254   000
001255   000
001256   000
001257   000
001258   000
001259   000
001260   000
001261   000
001261   001
001266   000
001267   000
001268   000
001269   000
001270   000
001272   000
001273   000
001276   000
001276   001
001277   000
001277   001
001277   002
001278   000
001278   001
001279   000
001280   000
001280   001
001280   002
001280   003
001281   000
001282   000
001282   001
001282   002
001282   003
001286   000
001286   001
001287   000
001288   000
001289   000
001290   000
001291   000
001294   000
001295   000
001296   000
001297   000
001298   000
001299   000
001300   000
001301   000
001302   000
001303   000
001304   000
001305   000
001306   000
001307   000
001308   000
001309   000
001310   000
001311   000
001312   000
001313   000
001314   000
001315   000
001316   000
001316   001
001316   002
001316   003
001317   000
001318   000
001319   000
001320   000
001321   000
001322   000
001323   000
001324   000
001324   001
001325   000
001327   000
001328   000
001329   000
001330   000
001331   000
001332   000
001334   000
001335   000
001336   000
001337   000
001338   000
001340   000
001341   000
001342   000
001344   000
001350   000
001351   000
001352   000
001353   000
001354   000
001355   000
001356   000
001357   000
001358   000
001359   000
001360   000
001361   000
001362   000
001363   000
001364   000
001365   000
001366   000
001367   000
001368   000
001369   000
001370   000
001371   000
001372   000
001373   000
001374   000
001377   000
001378   000
001379   000
001380   000
001382   000
001383   000
001384   000
001384   001
001386   000
001387   000
001388   000
001389   002
001389   000
001389   001
001390   000
001390   001
001390   002
001391   000
001392   000
001392   001
001392   002
001392   003
001393   000
001393   001
001393   002
001394   000
001395   000
001395   001
001395   002
001396   000
001396   001
001397   000
001398   000
001399   000
001400   000
001400   001
001402   000
001403   000
001404   000
001405   000
001406   000
001406   001
001407   000
001407   001
001407   002
001408   000
001408   001
001409   000
001409   001
001410   000
001410   001
001411   000
001412   000
001413   000
001414   000
001415   000
001416   000
001418   000
001419   000
001420   000
001420   001
001421   000
001422   000
001423   000
001423   001
001423   002
001425   000
001426   000
001427   000
001428   000
001428   001
001428   002
001428   003
001429   000
001429   001
001429   002
001430   000
001430   001
001430   002
001430   003
001431   000
001432   000
001433   000
001434   000
001435   000
001436   000
001437   000
001438   000
001439   000
001440   000
001442   000
001443   000
001444   000
001445   000
001446   000
001449   000
001450   000
001451   000
001452   000
001453   000
001457   000
001458   000
001459   000
001460   000
001461   000
001462   000
001463   000
001464   000
001465   000
001466   000
001467   000
001468   000
001469   000
001470   000
001471   000
001472   000
001474   000
001475   000
001476   000
001481   000
001482   000
001483   000
001484   000
001486   000
001488   000
001489   000
001490   000
001490   001
001490   002
001490   003
001491   000
001492   000
001492   001
001493   000
001494   000
001495   000
001496   000
001497   000
001498   000
001498   001
001501   000
001502   000
001503   000
001504   000
001504   001
001505   000
001505   001
001505   002
001505   003
001506   000
001506   001
001506   002
001506   003
001506   004
001506   005
001506   006
001508   000
001509   000
001510   000
001511   000
001512   000
001512   001
001512   002
001513   000
001513   001
001513   002
001513   003
001513   004
001513   005
001513   006
001513   007
001513   008
001513   009
001513   010
001513   011
001514   000
001514   001
001514   002
001514   003
001514   004
001514   005
001514   006
001514   007
001514   008
001514   009
001514   010
001514   011
001514   012
001514   013
001515   000
001515   001
001515   002
001515   003
001515   004
001515   005
001515   006
001516   000
001516   001
001516   002
001516   003
001516   004
001516   005
001516   006
001516   007
001517   000
001517   001
001517   002
001517   003
001517   004
001517   005
001518   000
001518   001
001518   002
001518   003
001518   004
001518   005
001518   006
001519   000
001519   001
001519   002
001519   003
001519   004
001519   005
001520   000
001520   001
001520   002
001520   003
001520   004
001520   005
001520   006
001521   000
001521   001
001522   000
001522   001
001523   000
001523   001
001524   000
001524   001
001525   000
001525   001
001525   002
001525   003
001525   004
001525   005
001526   000
001529   000
001533   000
001533   001
001533   002
001533   003
001533   004
001533   005
001533   006
001534   000
001534   001
001535   000
001536   000
001536   001
001537   000
001537   001
001537   002
001538   000
001539   000
001540   000
001540   001
001540   002
001540   003
001540   004
001540   005
001540   006
001541   000
001541   001
001541   002
001541   003
001541   004
001541   005
001541   006
001541   007
001542   000
001543   000
001544   000
001544   001
001545   000
001545   001
001545   002
001545   003
001546   000
001546   001
001546   002
001546   003
001547   000
001547   001
001547   002
001547   003
001547   004
001547   005
001547   006
001550   000
001551   000
001551   001
001551   002
001553   000
001553   001
001553   002
001553   003
001553   004
001553   005
001553   006
001553   007
001553   008
001553   009
001555   000
001556   000
001556   001
001556   002
001556   003
001556   004
001556   005
001556   006
001556   007
001556   008
001556   009
001556   010
001557   000
001557   001
001557   002
001557   003
001557   004
001557   005
001557   006
001557   007
001557   008
001558   000
001558   001
001558   002
001558   003
001558   004
001558   005
001558   006
001558   007
001558   008
001560   000
001561   000
001561   001
001561   002
001561   003
001561   004
001561   005
001561   006
001561   007
001561   008
001562   000
001563   000
001563   001
001563   002
001563   003
001563   004
001563   005
001563   006
001563   007
001563   008
001563   009
001563   010
001565   000
001566   000
001567   000
001568   000
001568   001
001568   002
001568   003
001568   004
001568   005
001568   006
001568   007
001568   008
001568   009
001568   010
001569   000
001570   000
001570   001
001572   000
001573   000
001573   001
001575   000
001575   001
001576   000
001576   001
001576   002
001576   003
001576   004
001576   005
001576   006
001576   007
001576   008
001576   009
001578   000
001579   000
001580   000
001580   001
001580   002
001580   003
001581   000
001582   000
001583   000
001583   001
001583   002
001584   000
001585   000
001585   001
001585   002
001585   003
001585   004
001585   005
001585   006
001585   007
001585   008
001585   009
001585   010
001587   000
001587   001
001588   000
001590   000
001591   000
001592   000
001592   001
001592   002
001592   003
001592   004
001592   005
001592   006
001592   007
001592   008
001592   009
001592   010
001594   000
001594   001
001594   002
001594   003
001594   004
001594   005
001594   006
001594   007
001594   008
001594   009
001596   000
001597   000
001597   001
001597   002
001598   000
001598   001
001598   002
001598   003
001598   004
001598   005
001598   006
001598   007
001598   008
001599   000
001599   001
001599   002
001599   003
001599   004
001599   005
001599   006
001599   007
001599   008
001599   009
001600   000
001600   001
001600   002
001601   000
001602   000
001602   001
001602   002
001602   003
001602   004
001603   000
001603   001
001603   002
001603   003
001603   004
001603   005
001603   006
001603   007
001603   008
001604   000
001605   000
001606   000
001606   001
001606   002
001607   000
001608   000
001611   000
001611   001
001613   000
001613   001
001613   002
001613   003
001613   004
001613   005
001613   006
001613   007
001613   008
001613   009
001613   010
001613   011
001613   012
001613   013
001613   014
001613   015
001613   016
001613   017
001613   018
001613   019
001614   000
001614   001
001614   002
001614   003
001614   004
001614   005
001614   006
001614   007
001614   008
001614   009
001614   010
001614   011
001615   000
001616   000
001617   000
001618   000
001619   000
001620   000
001620   001
001620   002
001620   003
001620   004
001620   005
001620   006
001620   007
001620   008
001620   009
001620   010
001620   011
001620   012
001620   013
001620   014
001620   015
001620   016
001620   017
001620   018
001620   019
001620   020
001620   021
001622   000
001623   000
001624   000
001625   000
001625   001
001626   000
001627   000
001628   000
001629   000
001630   000
001632   000
001633   000
001635   000
001636   000
001637   000
001638   000
001639   000
001640   000
001641   000
001642   000
001643   000
001644   000
001645   000
001646   000
001647   000
001648   000
001649   000
001650   000
001653   000
001655   000
001656   000
001656   001
001656   002
001656   003
001656   004
001656   005
001656   006
001656   007
001656   008
001656   009
001656   010
001656   011
001656   012
001656   013
001656   014
001656   015
001656   016
001656   017
001656   018
001656   019
001656   020
001656   021
001656   022
001656   023
001656   024
001656   025
001656   026
001656   027
001656   028
001656   029
001656   030
001656   031
001656   032
001656   033
001656   034
001656   035
001656   036
001657   000
001658   000
001659   000
001660   000
001661   000
001662   000
001663   000
001666   000
001667   000
001668   000
001669   000
001669   001
001669   002
001669   003
001669   004
001669   005
001669   006
001669   007
001669   008
001669   009
001669   010
001672   000
001672   001
001672   002
001672   003
001672   004
001672   005
001673   000
001675   000
001675   001
001675   002
001675   003
001675   004
001675   005
001676   000
001676   001
001676   002
001676   003
001676   004
001676   005
001676   006
001676   007
001676   008
001676   009
001676   010
001676   011
001676   012
001676   013
001676   014
001676   015
001676   016
001676   017
001676   018
001676   019
001676   020
001676   021
001676   022
001676   023
001676   024
001676   025
001676   026
001676   027
001676   028
001676   029
001676   030
001676   031
001676   032
001676   033
001676   034
001676   035
001676   036
001676   037
001676   038
001676   039
001676   040
001676   041
001676   042
001676   043
001676   044
001676   045
001676   046
001676   047
001676   048
001676   049
001676   050
001676   051
001676   052
001676   053
001676   054
001676   055
001676   056
001676   057
001676   058
001676   059
001679   000
001680   000
001683   000
001685   000
001685   001
001685   002
001687   000
001688   000
001691   000
001692   000
001693   000
001694   000
001695   000
001696   000
001699   000
001701   000
001703   000
001704   000
001705   000
001708   000
001709   000
001710   000
001712   000
001714   000
001716   000
001718   000
001720   000
001721   000
001722   000
001723   000
001723   001
001724   000
001724   001
001724   002
001724   003
001724   004
001726   000
001727   000
001727   001
001727   002
001727   003
001728   000
001728   001
001730   000
001732   000
001733   000
001733   001
001734   000
001735   000
001737   000
001739   000
001739   001
001740   000
001741   000
001741   001
001743   000
001745   000
001748   000
001749   000
001749   001
001749   002
001750   000
001751   000
001752   000
001753   000
001753   001
001754   000
001756   000
001757   000
001757   001
001757   002
001758   000
001758   001
001759   000
001760   000
001760   001
001761   000
001762   000
001763   000
001764   000
001768   000
001769   000
001769   001
001769   002
001769   003
001769   004
001769   005
001769   006
001769   007
001769   008
001769   009
001769   010
001769   011
001770   000
001770   001
001770   002
001771   000
001771   001
001771   002
001771   003
001771   004
001771   005
001771   006
001771   007
001771   008
001772   000
001777   000
001777   001
001777   002
001777   003
001777   004
001777   005
001777   006
001777   007
001777   008
001777   009
001777   010
001777   011
001778   000
001779   000
001780   000
001781   000
001782   000
001783   000
001784   000
001784   001
001784   002
001784   003
001784   004
001784   005
001784   006
001784   007
001784   008
001785   000
001785   001
001785   002
001785   003
001785   004
001785   005
001785   006
001785   007
001786   000
001786   001
001786   002
001786   003
001786   004
001786   005
001787   000
001787   001
001787   002
001787   003
001787   004
001787   005
001787   006
001787   007
001787   008
001787   009
001787   010
001787   011
001787   012
001787   013
001787   014
001787   015
001787   016
001787   017
001787   018
001787   019
001787   020
001787   021
001787   022
001787   023
001787   024
001787   025
001787   026
001787   027
001787   028
001787   029
001787   030
001787   031
001787   032
001787   033
001788   000
001788   001
001789   000
001793   000
001794   000
001795   000
001795   001
001795   002
001796   000
001796   001
001796   002
001796   003
001797   000
001797   001
001797   002
001797   003
001797   004
001797   005
001797   006
001798   000
001799   000
001800   000
001801   000
001802   000
001802   001
001802   002
001802   003
001802   004
001802   005
001802   006
001802   007
001803   000
001803   001
001803   002
001803   003
001803   004
001803   005
001803   006
001803   007
001803   008
001803   009
001803   010
001803   011
001803   012
001803   013
001803   014
001803   015
001803   016
001803   017
001803   018
001803   019
001803   020
001803   021
001803   022
001803   023
001803   024
001803   025
001803   026
001803   027
001803   028
001806   000
001806   001
001806   002
001806   003
001806   004
001806   005
001806   006
001806   007
001806   008
001806   009
001806   010
001806   011
001806   012
001806   013
001806   014
001806   015
001806   016
001806   017
001806   018
001806   019
001806   020
001806   021
001806   022
001806   023
001806   024
001806   025
001806   026
001806   027
001806   028
001806   029
001806   030
001806   031
001806   032
001806   033
001806   034
001807   000
001807   001
001807   002
001807   003
001807   004
001807   005
001807   006
001807   007
001807   008
001807   009
001807   010
001807   011
001807   012
001807   013
001807   014
001807   015
001807   016
001807   017
001807   018
001808   000
001810   000
001810   001
001810   002
001810   003
001810   004
001810   005
001810   006
001810   007
001810   008
001810   009
001810   010
001810   011
001810   012
001810   013
001810   014
001810   015
001810   016
001810   017
001810   018
001810   019
001810   020
001810   021
001810   022
001810   023
001810   024
001810   025
001810   026
001811   000
001811   001
001811   002
001811   003
001811   004
001811   005
001811   006
001811   007
001811   008
001811   009
001811   010
001812   000
001812   001
001812   002
001812   003
001813   000
001820   000
001821   000
001821   001
001822   000
001823   000
001823   001
001824   000
001824   001
001824   002
001824   003
001824   004
001824   005
001824   006
001824   007
001824   008
001824   009
001824   010
001824   011
001824   012
001824   013
001824   014
001824   015
001824   016
001824   017
001824   018
001824   019
001824   020
001824   021
001824   022
001824   023
001824   024
001824   025
001824   026
001824   027
001824   028
001824   029
001824   030
001824   031
001824   032
001824   033
001824   034
001824   035
001824   036
001824   037
001824   038
001824   039
001824   040
001824   041
001824   042
001824   043
001824   044
001824   045
001824   046
001824   047
001824   048
001824   049
001824   050
001824   051
001824   052
001824   053
001824   054
001824   055
001824   056
001824   057
001824   058
001824   059
001824   060
001824   061
001824   062
001824   063
001824   064
001824   065
001824   066
001824   067
001824   068
001824   069
001824   070
001825   000
001825   001
001825   002
001825   003
001825   004
001825   005
001825   006
001825   007
001825   008
001825   009
001825   010
001825   011
001825   012
001825   013
001828   000
001829   000
001830   000
001831   000
001832   000
001833   000
001834   000
001835   000
001836   000
001837   000
001838   000
001838   001
001838   002
001839   000
001840   000
001841   000
001841   001
001841   002
001841   003
001842   000
001843   000
001844   000
001846   000
001846   001
001846   002
001846   003
001846   004
001846   005
001846   006
001846   007
001846   008
001846   009
001846   010
001846   011
001846   012
001846   013
001846   014
001846   015
001846   016
001846   017
001846   018
001846   019
001846   020
001847   000
001847   001
001847   002
001847   003
001847   004
001847   005
001847   006
001847   007
001847   008
001847   009
001847   010
001847   011
001847   012
001847   013
001847   014
001847   015
001847   016
001847   017
001847   018
001847   019
001847   020
001847   021
001847   022
001847   023
001847   024
001847   025
001847   026
001847   027
001847   028
001847   029
001847   030
001847   031
001847   032
001847   033
001847   034
001847   035
001847   036
001847   037
001848   000
001848   001
001848   002
001848   003
001848   004
001848   005
001848   006
001848   007
001848   008
001848   009
001849   000
001852   000
001852   001
001852   002
001852   003
001852   004
001852   005
001852   006
001852   007
001852   008
001852   009
001852   010
001852   011
001852   012
001852   013
001852   014
001852   015
001852   016
001852   017
001852   018
001852   019
001852   020
001852   021
001852   022
001852   023
001852   024
001852   025
001852   026
001852   027
001852   028
001852   029
001852   030
001852   031
001852   032
001852   033
001852   034
001852   035
001852   036
001852   037
001852   038
001852   039
001852   040
001852   041
001852   042
001852   043
001852   044
001852   045
001852   046
001852   047
001852   048
001852   049
001852   050
001852   051
001852   052
001852   053
001852   054
001852   055
001852   056
001852   057
001852   058
001852   059
001852   060
001852   061
001852   062
001852   063
001852   064
001852   065
001852   066
001852   067
001852   068
001852   069
001852   070
001852   071
001854   000
001854   001
001854   002
001854   003
001854   004
001854   005
001854   006
001854   007
001854   008
001854   009
001854   010
001854   011
001854   012
001854   013
001854   014
001854   015
001854   016
001854   017
001854   018
001854   019
001854   020
001854   021
001854   022
001854   023
001854   024
001854   025
001854   026
001854   027
001854   028
001854   029
001854   030
001854   031
001854   032
001854   033
001854   034
001854   035
001854   036
001854   037
001854   038
001854   039
001854   040
001854   041
001854   042
001857   000
001858   000
001859   000
001859   001
001859   002
001859   003
001859   004
001859   005
001859   006
001860   000
001860   001
001860   002
001860   003
001860   004
001860   005
001861   000
001861   001
001861   002
001861   003
001861   004
001861   005
001862   000
001863   000
001864   000
001865   000
001866   000
001867   000
001868   000
001869   000
001869   001
001870   000
001871   000
001871   001
001871   002
001871   003
001871   004
001871   005
001871   006
001871   007
001871   008
001871   009
001871   010
001871   011
001871   012
001871   013
001871   014
001871   015
001871   016
001871   017
001872   000
001872   001
001872   002
001872   003
001872   004
001872   005
001872   006
001872   007
001872   008
001872   009
001872   010
001872   011
001872   012
001872   013
001872   014
001872   015
001872   016
001872   017
001872   018
001872   019
001872   020
001872   021
001872   022
001872   023
001872   024
001872   025
001872   026
001872   027
001872   028
001872   029
001872   030
001872   031
001873   000
001874   000
001875   000
001876   000
001878   000
001879   000
001880   000
001881   000
001882   000
001883   000
001884   000
001885   000
001886   000
001887   000
001889   000
001890   000
001890   001
001890   002
001890   003
001890   004
001891   000
001892   000
001894   000
001894   001
001894   002
001894   003
001894   004
001894   005
001897   000
001898   000
001898   001
001898   002
001898   003
001898   004
001898   005
001898   006
001899   000
001899   001
001899   002
001899   003
001899   004
001899   005
001900   000
001900   001
001900   002
001900   003
001900   004
001900   005
001900   006
001900   007
001900   008
001900   009
001900   010
001900   011
001900   012
001900   013
001900   014
001900   015
001900   016
001900   017
001900   018
001900   019
001900   020
001900   021
001900   022
001900   023
001900   024
001900   025
001900   026
001900   027
001900   028
001904   000
001904   001
001904   002
001904   003
001904   004
001904   005
001904   006
001904   007
001904   008
001904   009
001904   010
001904   011
001904   012
001904   013
001904   014
001904   015
001905   000
001917   000
001919   000
001920   000
001921   000
001923   000
001924   000
001925   000
001926   000
001929   000
001930   000
001933   000
001934   000
001934   001
001934   002
001936   000
001937   000
001937   001
001938   000
001938   001
001966   000
001966   001
001987   000
001987   001
001987   002
001987   003
001987   004
001988   000
001988   001
001989   000
001989   001
001989   002
001990   000
001990   001
001991   000
001991   001
001992   000
001993   000
001993   001
001993   002
001993   003
001993   004
001993   005
001993   006
001993   007
001993   008
001993   009
001993   010
001993   011
001993   012
001993   013
001993   014
001993   015
001993   016
001993   017
001993   018
001993   019
001993   020
001993   021
001993   022
001993   023
001993   024
001993   025
001993   026
001993   027
001993   028
001993   029
001993   030
001993   031
001993   032
001993   033
001995   000
001996   000
001996   001
001996   002
001996   003
001996   004
001996   005
001996   006
001996   007
001996   008
001996   009
001998   000
001998   001
001998   002
001998   003
001998   004
001998   005
001998   006
001998   007
001998   008
001998   009
001998   010
001998   011
001998   012
001998   013
001998   014
001998   015
001998   016
001998   017
001998   018
001998   019
001998   020
001998   021
001998   022
001998   023
001998   024
001998   025
001998   026
001998   027
001998   028
001998   029
001998   030
001998   031
001998   032
001998   033
001998   034
001998   035
001998   036
001998   037
001998   038
001998   039
001998   040
001998   041
001998   042
001998   043
001998   044
001998   045
001998   046
001998   047
001998   048
001998   049
001998   050
001998   051
001998   052
001998   053
001998   054
001998   055
001998   056
001998   057
001998   058
001998   059
001998   060
001998   061
001998   062
001998   063
001998   064
001998   065
001998   066
001998   067
001998   068
001998   069
001998   070
001998   071
001998   072
001998   073
001998   074
001998   075
001998   076
001998   077
001998   078
001998   079
001998   080
001998   081
001998   082
001998   083
001998   084
001998   085
001998   086
001998   087
001998   088
001998   089
001998   090
001998   091
001998   092
001998   093
001998   094
001998   095
001998   096
001998   097
001998   098
001998   099
001998   100
001998   101
001998   102
001998   103
001998   104
001998   105
001998   106
001998   107
001998   108
001998   109
001998   110
001998   111
001998   112
001998   113
001998   114
001998   115
001998   116
001998   117
001998   118
001998   119
001998   120
001998   121
001998   122
001998   123
001998   124
001998   125
001998   126
001998   127
001998   128
001998   129
001998   130
001998   131
001998   132
001998   133
001998   134
001998   135
001998   136
001998   137
001998   138
001998   139
001998   140
001998   141
001998   142
001998   143
001998   144
001998   145
001998   146
001998   147
001998   148
001998   149
001998   150
001998   151
001998   152
001998   153
001998   154
001998   155
001998   156
001998   157
001998   158
001998   159
001998   160
001998   161
001998   162
001998   163
001998   164
001998   165
001998   166
001998   167
001998   168
001998   169
001998   170
001998   171
001998   172
001998   173
001998   174
001998   175
001998   176
001998   177
001998   178
001998   179
001998   180
001998   181
001998   182
001998   183
001998   184
001998   185
001998   186
001998   187
001998   188
001998   189
001998   190
001998   191
001998   192
001998   193
001998   194
001998   195
001998   196
001998   197
001998   198
001998   199
001998   200
001998   201
001998   202
001998   203
001998   204
001998   205
001998   206
001998   207
001998   208
001998   209
001998   210
001998   211
001998   212
001998   213
001998   214
001998   215
001998   216
001998   217
001998   218
001998   219
001998   220
001998   221
001998   222
001998   223
001998   224
001998   225
001998   226
001998   227
001998   228
001998   229
001998   230
001998   231
001998   232
001998   233
001998   234
001998   235
001998   236
001998   237
001998   238
001998   239
001998   240
001998   241
001998   242
001998   243
001998   244
001998   245
001998   246
001998   247
001998   248
001998   249
001998   250
001998   251
001998   252
001998   253
001998   254
001998   255
001998   256
001998   257
001998   258
001998   259
001998   260
001998   261
001998   262
001998   263
001998   264
001998   265
001998   266
001998   267
001998   268
001998   269
001998   270
001998   271
001998   272
001998   273
001998   274
001999   000
002000   000
002001   000
002002   000
002003   000
002003   001
002004   000
002004   001
002004   002
002005   000
002005   001
002005   002
002006   000
002006   001
002006   002
002007   000
002007   001
002007   002
002007   003
002007   004
002007   005
002007   006
002007   007
002007   008
002008   000
002008   001
002008   002
002008   003
002008   004
002009   000
002009   001
002010   000
002011   000
002011   001
002011   002
002011   003
002011   004
002011   005
002013   000
002013   001
002013   002
002013   003
002013   004
002013   005
002013   006
002013   007
002013   008
002013   009
002013   010
002013   011
002013   012
002013   013
002013   014
002013   015
002013   016
002013   017
002013   018
002013   019
002013   020
002013   021
002013   022
002013   023
002014   000
002014   001
002014   002
002014   003
002015   000
002015   001
002015   002
002015   003
002016   000
002016   001
002016   002
002016   003
002016   004
002016   005
002016   006
002016   007
002016   008
002016   009
002016   010
002016   011
002016   012
002016   013
002016   014
002016   015
002016   016
002016   017
002016   018
002016   019
002016   020
002016   021
002016   022
002016   023
002016   024
002016   025
002016   026
002016   027
002016   028
002016   029
002016   030
002016   031
002016   032
002016   033
002016   034
002016   035
002016   036
002016   037
002016   038
002016   039
002016   040
002016   041
002016   042
002016   043
002016   044
002016   045
002016   046
002016   047
002016   048
002016   049
002016   050
002016   051
002016   052
002016   053
002016   054
002016   055
002016   056
002016   057
002016   058
002016   059
002016   060
002016   061
002016   062
002016   063
002016   064
002016   065
002016   066
002016   067
002016   068
002017   000
002021   000
002021   001
002022   000
002022   001
002024   000
002025   000
002025   001
002025   002
002025   003
002025   004
002025   005
002026   000
002026   001
002026   002
002026   003
002026   004
002026   005
002026   006
002026   007
002027   000
002027   001
002028   000
002028   001
002028   002
002029   000
002030   000
002030   001
002030   002
002030   003
002031   000
002031   001
002031   002
002032   000
002032   001
002032   002
002032   003
002032   004
002032   005
002033   000
002033   001
002034   000
002034   001
002034   002
002034   003
002035   000
002035   001
002035   002
002035   003
002035   004
002037   000
002037   001
002037   002
002037   003
002037   004
002037   005
002037   006
002037   007
002037   008
002037   009
002037   010
002037   011
002037   012
002037   013
002037   014
002037   015
002037   016
002037   017
002037   018
002037   019
002037   020
002037   021
002037   022
002037   023
002037   024
002037   025
002037   026
002037   027
002037   028
002037   029
002037   030
002037   031
002037   032
002037   033
002037   034
002037   035
002037   036
002037   037
002037   038
002037   039
002037   040
002037   041
002037   042
002037   043
002037   044
002037   045
002037   046
002037   047
002037   048
002037   049
002037   050
002037   051
002037   052
002037   053
002037   054
002037   055
002037   056
002037   057
002037   058
002037   059
002037   060
002037   061
002037   062
002038   000
002038   001
002038   002
002038   003
002038   004
002038   005
002038   006
002038   007
002038   008
002039   000
002039   001
002040   000
002041   000
002042   000
002043   000
002044   000
002045   000
002045   001
002045   002
002045   003
002045   004
002045   005
002045   006
002045   007
002045   008
002045   009
002045   010
002045   011
002045   012
002045   013
002045   014
002045   015
002045   016
002045   017
002045   018
002045   019
002045   020
002045   021
002045   022
002045   023
002045   024
002045   025
002045   026
002045   027
002045   028
002045   029
002045   030
002045   031
002045   032
002045   033
002045   034
002045   035
002045   036
002045   037
002045   038
002045   039
002045   040
002045   041
002047   000
002047   001
002047   002
002047   003
002047   004
002048   000
002048   001
002048   002
002048   003
002048   004
002048   005
002050   000
002050   001
002050   002
002050   003
002051   000
002052   000
002052   001
002052   002
002052   003
002052   004
002052   005
002052   006
002052   007
002052   008
002052   009
002052   010
002052   011
002053   000
002054   000
002055   000
002057   000
002057   001
002060   000
002061   000
002061   001
002061   002
002061   003
002061   004
002061   005
002062   000
002063   000
002064   000
002065   000
002065   001
002068   000
002068   001
002069   000
002070   000
002071   000
002072   000
002076   000
002077   000
002078   000
002078   001
002078   002
002079   000
002079   001
002079   002
002079   003
002079   004
002079   005
002079   006
002079   007
002079   008
002079   009
002079   010
002079   011
002079   012
002079   013
002079   014
002079   015
002079   016
002079   017
002079   018
002079   019
002079   020
002079   021
002079   022
002079   023
002079   024
002079   025
002079   026
002079   027
002079   028
002079   029
002079   030
002079   031
002079   032
002079   033
002079   034
002079   035
002079   036
002079   037
002079   038
002079   039
002079   040
002079   041
002079   042
002079   043
002079   044
002079   045
002079   046
002079   047
002079   048
002079   049
002079   050
002079   051
002079   052
002084   000
002084   001
002084   002
002084   003
002084   004
002084   005
002084   006
002084   007
002084   008
002084   009
002084   010
002084   011
002084   012
002084   013
002084   014
002084   015
002084   016
002084   017
002084   018
002084   019
002084   020
002084   021
002084   022
002084   023
002084   024
002084   025
002084   026
002084   027
002084   028
002084   029
002084   030
002084   031
002084   032
002084   033
002084   034
002084   035
002084   036
002084   037
002084   038
002084   039
002084   040
002084   041
002084   042
002084   043
002084   044
002084   045
002084   046
002084   047
002084   048
002084   049
002084   050
002084   051
002084   052
002084   053
002084   054
002084   055
002084   056
002084   057
002084   058
002084   059
002084   060
002084   061
002084   062
002084   063
002084   064
002085   000
002085   001
002085   002
002085   003
002085   004
002085   005
002085   006
002085   007
002085   008
002085   009
002085   010
002085   011
002085   012
002085   013
002085   014
002085   015
002085   016
002085   017
002085   018
002085   019
002085   020
002085   021
002085   022
002085   023
002085   024
002085   025
002085   026
002085   027
002085   028
002085   029
002085   030
002085   031
002085   032
002085   033
002085   034
002085   035
002085   036
002085   037
002085   038
002086   000
002086   001
002086   002
002086   003
002087   000
002087   001
002087   002
002087   003
002087   004
002087   005
002087   006
002087   007
002087   008
002087   009
002087   010
002087   011
002087   012
002087   013
002087   014
002087   015
002087   016
002087   017
002087   018
002087   019
002087   020
002087   021
002087   022
002087   023
002087   024
002087   025
002087   026
002087   027
002087   028
002087   029
002087   030
002087   031
002087   032
002087   033
002087   034
002087   035
002087   036
002087   037
002087   038
002087   039
002088   000
002089   000
002089   001
002090   000
002090   001
002090   002
002090   003
002090   004
002090   005
002090   006
002090   007
002090   008
002090   009
002090   010
002090   011
002090   012
002090   013
002090   014
002090   015
002090   016
002090   017
002090   018
002090   019
002090   020
002090   021
002090   022
002090   023
002090   024
002090   025
002090   026
002090   027
002090   028
002090   029
002090   030
002090   031
002091   000
002092   000
002092   001
002092   002
002092   003
002092   004
002092   005
002092   006
002092   007
002092   008
002093   000
002093   001
002093   002
002093   003
002094   000
002095   000
002095   001
002095   002
002095   003
002095   004
002095   005
002095   006
002095   007
002096   000
002096   001
002096   002
002096   003
002096   004
002096   005
002096   006
002096   007
002096   008
002096   009
002096   010
002096   011
002097   000
002097   001
002098   000
002098   001
002098   002
002099   000
002099   001
002100   000
002100   001
002100   002
002100   003
002100   004
002101   000
002101   001
002101   002
002101   003
002101   004
002101   005
002102   000
002102   001
002102   002
002103   000
002104   000
002105   000
002105   001
002105   002
002105   003
002106   000
002107   000
002108   000
002109   000
002110   000
002111   000
002111   001
002112   000
002112   001
002112   002
002112   003
002112   004
002112   005
002113   000
002114   000
002115   000
002115   001
002115   002
002115   003
002115   004
002115   005
002115   006
002115   007
002115   008
002115   009
002115   010
002117   000
002117   001
002117   002
002118   000
002119   000
002119   001
002119   002
002120   000
002120   001
002120   002
002120   003
002120   004
002120   005
002120   006
002120   007
002120   008
002120   009
002120   010
002120   011
002121   000
002122   000
002122   001
002122   002
002122   003
002122   004
002122   005
002122   006
002122   007
002122   008
002122   009
002122   010
002122   011
002122   012
002122   013
002122   014
002122   015
002122   016
002122   017
002122   018
002122   019
002122   020
002122   021
002122   022
002122   023
002122   024
002122   025
002122   026
002122   027
002122   028
002123   000
002123   001
002123   002
002123   003
002123   004
002123   005
002123   006
002123   007
002123   008
002123   009
002123   010
002123   011
002123   012
002123   013
002123   014
002123   015
002123   016
002123   017
002123   018
002123   019
002123   020
002123   021
002123   022
002123   023
002123   024
002123   025
002123   026
002123   027
002123   028
002123   029
002123   030
002123   031
002123   032
002123   033
002123   034
002123   035
002123   036
002123   037
002123   038
002123   039
002123   040
002123   041
002123   042
002123   043
002123   044
002123   045
002123   046
002123   047
002123   048
002123   049
002123   050
002123   051
002123   052
002123   053
002123   054
002123   055
002123   056
002123   057
002123   058
002123   059
002123   060
002123   061
002123   062
002123   063
002123   064
002123   065
002123   066
002123   067
002123   068
002123   069
002123   070
002123   071
002123   072
002123   073
002123   074
002123   075
002123   076
002123   077
002123   078
002123   079
002123   080
002123   081
002123   082
002124   000
002124   001
002125   000
002126   000
002126   001
002126   002
002126   003
002126   004
002126   005
002126   006
002126   007
002126   008
002126   009
002126   010
002126   011
002126   012
002126   013
002126   014
002126   015
002126   016
002126   017
002126   018
002126   019
002126   020
002126   021
002126   022
002126   023
002126   024
002126   025
002126   026
002126   027
002126   028
002126   029
002126   030
002126   031
002126   032
002126   033
002126   034
002126   035
002126   036
002126   037
002126   038
002126   039
002126   040
002126   041
002126   042
002126   043
002126   044
002126   045
002126   046
002126   047
002126   048
002126   049
002126   050
002126   051
002126   052
002126   053
002126   054
002126   055
002126   056
002126   057
002126   058
002126   059
002126   060
002126   061
002126   062
002126   063
002126   064
002126   065
002126   066
002126   067
002126   068
002126   069
002126   070
002126   071
002126   072
002126   073
002126   074
002126   075
002126   076
002126   077
002126   078
002126   079
002126   080
002126   081
002126   082
002126   083
002126   084
002126   085
002126   086
002126   087
002126   088
002126   089
002126   090
002127   000
002127   001
002127   002
002127   003
002127   004
002127   005
002127   006
002127   007
002127   008
002127   009
002127   010
002127   011
002127   012
002127   013
002127   014
002127   015
002127   016
002127   017
002127   018
002127   019
002127   020
002127   021
002127   022
002127   023
002127   024
002127   025
002127   026
002127   027
002127   028
002127   029
002127   030
002127   031
002127   032
002127   033
002127   034
002127   035
002127   036
002127   037
002127   038
002127   039
002127   040
002127   041
002127   042
002127   043
002127   044
002127   045
002127   046
002127   047
002127   048
002127   049
002127   050
002127   051
002127   052
002127   053
002127   054
002127   055
002127   056
002127   057
002127   058
002127   059
002127   060
002127   061
002127   062
002127   063
002127   064
002127   065
002127   066
002127   067
002127   068
002127   069
002127   070
002127   071
002127   072
002127   073
002127   074
002127   075
002127   076
002127   077
002127   078
002127   079
002127   080
002127   081
002127   082
002127   083
002127   084
002127   085
002127   086
002127   087
002127   088
002128   000
002128   001
002128   002
002128   003
002128   004
002128   005
002128   006
002128   007
002128   008
002128   009
002128   010
002128   011
002128   012
002128   013
002128   014
002128   015
002128   016
002128   017
002128   018
002128   019
002128   020
002128   021
002128   022
002128   023
002128   024
002128   025
002128   026
002128   027
002128   028
002128   029
002128   030
002128   031
002128   032
002128   033
002128   034
002129   000
002129   001
002129   002
002129   003
002129   004
002129   005
002129   006
002129   007
002129   008
002129   009
002129   010
002129   011
002129   012
002129   013
002129   014
002129   015
002129   016
002129   017
002129   018
002129   019
002129   020
002129   021
002129   022
002129   023
002129   024
002129   025
002129   026
002129   027
002129   028
002129   029
002129   030
002129   031
002129   032
002129   033
002129   034
002129   035
002129   036
002129   037
002129   038
002129   039
002129   040
002129   041
002129   042
002129   043
002129   044
002129   045
002129   046
002129   047
002129   048
002129   049
002129   050
002129   051
002129   052
002129   053
002129   054
002129   055
002129   056
002129   057
002129   058
002129   059
002129   060
002129   061
002129   062
002129   063
002129   064
002129   065
002129   066
002129   067
002129   068
002129   069
002129   070
002129   071
002129   072
002129   073
002129   074
002129   075
002129   076
002129   077
002129   078
002129   079
002129   080
002129   081
002129   082
002129   083
002129   084
002129   085
002129   086
002129   087
002129   088
002129   089
002129   090
002129   091
002129   092
002129   093
002129   094
002129   095
002129   096
002129   097
002129   098
002129   099
002129   100
002129   101
002129   102
002129   103
002129   104
002129   105
002129   106
002129   107
002129   108
002129   109
002129   110
002129   111
002129   112
002129   113
002129   114
002129   115
002129   116
002129   117
002129   118
002129   119
002129   120
002129   121
002129   122
002129   123
002129   124
002129   125
002129   126
002129   127
002129   128
002129   129
002129   130
002129   131
002129   132
002129   133
002129   134
002129   135
002129   136
002129   137
002129   138
002129   139
002129   140
002129   141
002129   142
002129   143
002129   144
002129   145
002129   146
002129   147
002130   000
002130   001
002130   002
002130   003
002130   004
002130   005
002130   006
002130   007
002130   008
002130   009
002130   010
002131   000
002132   000
002132   001
002132   002
002132   003
002132   004
002132   005
002132   006
002132   007
002135   000
002135   001
002135   002
002135   003
002135   004
002135   005
002135   006
002135   007
002135   008
002135   009
002135   010
002135   011
002135   012
002135   013
002135   014
002135   015
002137   000
002137   001
002137   002
002137   003
002137   004
002137   005
002137   006
002137   007
002137   008
002137   009
002137   010
002137   011
002137   012
002137   013
002137   014
002137   015
002137   016
002137   017
002137   018
002138   000
002138   001
002138   002
002138   003
002138   004
002138   005
002138   006
002138   007
002138   008
002138   009
002138   010
002138   011
002138   012
002138   013
002138   014
002138   015
002138   016
002139   000
002139   001
002139   002
002139   003
002139   004
002139   005
002139   006
002139   007
002139   008
002139   009
002139   010
002139   011
002139   012
002139   013
002139   014
002139   015
002139   016
002139   017
002139   018
002139   019
002139   020
002139   021
002139   022
002139   023
002139   024
002139   025
002139   026
002139   027
002139   028
002139   029
002139   030
002139   031
002139   032
002139   033
002139   034
002141   000
002141   001
002141   002
002141   003
002141   004
002141   005
002141   006
002141   007
002141   008
002141   009
002141   010
002141   011
002141   012
002141   013
002141   014
002141   015
002141   016
002141   017
002141   018
002141   019
002141   020
002141   021
002141   022
002141   023
002141   024
002141   025
002141   026
002141   027
002141   028
002141   029
002141   030
002141   031
002141   032
002141   033
002141   034
002141   035
002141   036
002141   037
002141   038
002141   039
002141   040
002141   041
002141   042
002141   043
002141   044
002141   045
002141   046
002141   047
002141   048
002141   049
002141   050
002141   051
002141   052
002141   053
002141   054
002141   055
002141   056
002141   057
002141   058
002141   059
002141   060
002141   061
002141   062
002141   063
002141   064
002141   065
002141   066
002141   067
002141   068
002141   069
002141   070
002141   071
002141   072
002141   073
002141   074
002141   075
002141   076
002141   077
002141   078
002141   079
002141   080
002141   081
002141   082
002141   083
002141   084
002141   085
002141   086
002141   087
002141   088
002141   089
002141   090
002141   091
002141   092
002141   093
002141   094
002141   095
002141   096
002141   097
002141   098
002141   099
002141   100
002141   101
002141   102
002141   103
002141   104
002141   105
002141   106
002141   107
002141   108
002141   109
002141   110
002141   111
002141   112
002141   113
002141   114
002141   115
002141   116
002141   117
002141   118
002141   119
002141   120
002141   121
002141   122
002141   123
002141   124
002141   125
002141   126
002141   127
002141   128
002141   129
002141   130
002141   131
002141   132
002141   133
002141   134
002141   135
002141   136
002141   137
002141   138
002141   139
002141   140
002141   141
002141   142
002141   143
002141   144
002141   145
002141   146
002141   147
002141   148
002141   149
002141   150
002141   151
002141   152
002141   153
002141   154
002141   155
002141   156
002141   157
002141   158
002142   000
002142   001
002142   002
002142   003
002142   004
002142   005
002142   006
002142   007
002142   008
002142   009
002142   010
002142   011
002142   012
002142   013
002143   000
002144   000
002144   001
002144   002
002144   003
002144   004
002145   000
002145   001
002145   002
002145   003
002145   004
002145   005
002145   006
002145   007
002145   008
002145   009
002145   010
002145   011
002145   012
002145   013
002145   014
002145   015
002145   016
002145   017
002145   018
002145   019
002145   020
002145   021
002145   022
002145   023
002145   024
002145   025
002145   026
002145   027
002145   028
002145   029
002145   030
002145   031
002145   032
002145   033
002145   034
002145   035
002145   036
002145   037
002145   038
002145   039
002145   040
002145   041
002145   042
002145   043
002145   044
002145   045
002145   046
002145   047
002145   048
002145   049
002145   050
002145   051
002145   052
002145   053
002145   054
002145   055
002146   000
002147   000
002148   000
002148   001
002148   002
002148   003
002148   004
002148   005
002148   006
002148   007
002148   008
002148   009
002148   010
002148   011
002148   012
002148   013
002148   014
002148   015
002148   016
002148   017
002148   018
002148   019
002148   020
002148   021
002148   022
002148   023
002148   024
002148   025
002148   026
002148   027
002148   028
002148   029
002148   030
002148   031
002148   032
002148   033
002148   034
002148   035
002148   036
002148   037
002148   038
002148   039
002148   040
002148   041
002148   042
002148   043
002148   044
002148   045
002148   046
002148   047
002148   048
002148   049
002148   050
002148   051
002148   052
002148   053
002148   054
002148   055
002148   056
002148   057
002148   058
002148   059
002148   060
002148   061
002148   062
002148   063
002148   064
002148   065
002148   066
002148   067
002148   068
002148   069
002148   070
002148   071
002148   072
002148   073
002148   074
002148   075
002148   076
002148   077
002148   078
002148   079
002148   080
002148   081
002148   082
002148   083
002148   084
002148   085
002148   086
002148   087
002148   088
002148   089
002148   090
002148   091
002148   092
002148   093
002148   094
002148   095
002148   096
002148   097
002148   098
002148   099
002148   100
002148   101
002148   102
002148   103
002148   104
002148   105
002148   106
002148   107
002148   108
002148   109
002148   110
002148   111
002148   112
002148   113
002148   114
002148   115
002148   116
002148   117
002148   118
002148   119
002148   120
002148   121
002148   122
002148   123
002148   124
002149   000
002149   001
002149   002
002149   003
002149   004
002149   005
002149   006
002150   000
002150   001
002150   002
002150   003
002150   004
002150   005
002150   006
002150   007
002150   008
002151   000
002151   001
002151   002
002151   003
002151   004
002151   005
002151   006
002151   007
002151   008
002151   009
002151   010
002151   011
002152   000
002152   001
002152   002
002152   003
002152   004
002152   005
002152   006
002152   007
002152   008
002152   009
002152   010
002152   011
002152   012
002152   013
002152   014
002152   015
002152   016
002152   017
002152   018
002152   019
002152   020
002153   000
002153   001
002153   002
002153   003
002153   004
002153   005
002153   006
002153   007
002153   008
002153   009
002153   010
002153   011
002153   012
002153   013
002153   014
002153   015
002153   016
002153   017
002153   018
002153   019
002153   020
002153   021
002153   022
002153   023
002153   024
002153   025
002153   026
002153   027
002153   028
002153   029
002153   030
002153   031
002153   032
002153   033
002153   034
002153   035
002153   036
002153   037
002153   038
002153   039
002153   040
002153   041
002153   042
002153   043
002153   044
002153   045
002153   046
002153   047
002153   048
002153   049
002153   050
002153   051
002153   052
002153   053
002153   054
002153   055
002153   056
002153   057
002153   058
002153   059
002153   060
002153   061
002153   062
002153   063
002153   064
002153   065
002153   066
002153   067
002153   068
002153   069
002153   070
002153   071
002153   072
002153   073
002153   074
002153   075
002153   076
002153   077
002153   078
002153   079
002153   080
002153   081
002153   082
002153   083
002153   084
002153   085
002153   086
002153   087
002153   088
002153   089
002153   090
002153   091
002153   092
002153   093
002153   094
002153   095
002153   096
002153   097
002153   098
002153   099
002153   100
002153   101
002153   102
002153   103
002153   104
002153   105
002153   106
002153   107
002153   108
002153   109
002153   110
002153   111
002153   112
002153   113
002153   114
002153   115
002153   116
002153   117
002153   118
002153   119
002153   120
002153   121
002153   122
002153   123
002153   124
002153   125
002153   126
002153   127
002153   128
002154   000
002154   001
002154   002
002154   003
002154   004
002154   005
002154   006
002154   007
002154   008
002154   009
002154   010
002154   011
002154   012
002154   013
002154   014
002154   015
002154   016
002154   017
002154   018
002154   019
002154   020
002154   021
002154   022
002154   023
002155   000
002156   000
002156   001
002156   002
002156   003
002156   004
002156   005
002156   006
002156   007
002156   008
002156   009
002156   010
002156   011
002156   012
002156   013
002156   014
002156   015
002156   016
002156   017
002156   018
002156   019
002156   020
002156   021
002156   022
002156   023
002156   024
002156   025
002156   026
002156   027
002156   028
002156   029
002156   030
002156   031
002156   032
002156   033
002156   034
002156   035
002156   036
002156   037
002156   038
002156   039
002156   040
002156   041
002156   042
002156   043
002156   044
002156   045
002156   046
002156   047
002156   048
002156   049
002156   050
002156   051
002156   052
002156   053
002156   054
002156   055
002156   056
002156   057
002156   058
002156   059
002156   060
002156   061
002156   062
002156   063
002156   064
002156   065
002156   066
002156   067
002156   068
002156   069
002156   070
002156   071
002156   072
002156   073
002156   074
002156   075
002156   076
002156   077
002156   078
002156   079
002156   080
002156   081
002156   082
002156   083
002156   084
002156   085
002157   000
002157   001
002157   002
002157   003
002157   004
002157   005
002157   006
002157   007
002157   008
002157   009
002157   010
002157   011
002157   012
002157   013
002157   014
002157   015
002157   016
002157   017
002157   018
002157   019
002157   020
002157   021
002157   022
002157   023
002157   024
002157   025
002158   000
002158   001
002159   000
002159   001
002159   002
002159   003
002159   004
002159   005
002159   006
002159   007
002159   008
002159   009
002159   010
002159   011
002159   012
002159   013
002159   014
002159   015
002159   016
002159   017
002159   018
002159   019
002159   020
002159   021
002159   022
002159   023
002159   024
002159   025
002159   026
002159   027
002159   028
002159   029
002159   030
002159   031
002159   032
002159   033
002159   034
002159   035
002159   036
002159   037
002159   038
002159   039
002159   040
002159   041
002159   042
002159   043
002159   044
002159   045
002159   046
002159   047
002159   048
002159   049
002159   050
002159   051
002159   052
002159   053
002159   054
002159   055
002159   056
002159   057
002159   058
002159   059
002159   060
002159   061
002159   062
002159   063
002159   064
002159   065
002159   066
002159   067
002159   068
002159   069
002159   070
002159   071
002159   072
002159   073
002159   074
002159   075
002160   000
002160   001
002160   002
002160   003
002160   004
002160   005
002160   006
002160   007
002160   008
002160   009
002160   010
002160   011
002160   012
002160   013
002160   014
002160   015
002160   016
002160   017
002160   018
002160   019
002160   020
002160   021
002160   022
002160   023
002160   024
002160   025
002161   000
002161   001
002161   002
002161   003
002161   004
002161   005
002161   006
002161   007
002161   008
002161   009
002161   010
002161   011
002161   012
002161   013
002161   014
002161   015
002161   016
002161   017
002161   018
002161   019
002161   020
002161   021
002161   022
002162   000
002162   001
002162   002
002162   003
002162   004
002162   005
002162   006
002162   007
002162   008
002162   009
002162   010
002162   011
002162   012
002162   013
002162   014
002162   015
002162   016
002162   017
002162   018
002162   019
002162   020
002162   021
002162   022
002162   023
002162   024
002162   025
002162   026
002162   027
002162   028
002162   029
002162   030
002162   031
002162   032
002162   033
002162   034
002162   035
002162   036
002162   037
002162   038
002162   039
002162   040
002162   041
002162   042
002162   043
002162   044
002162   045
002162   046
002162   047
002162   048
002162   049
002162   050
002162   051
002162   052
002162   053
002162   054
002162   055
002162   056
002162   057
002162   058
002162   059
002162   060
002162   061
002162   062
002162   063
002162   064
002162   065
002162   066
002162   067
002162   068
002162   069
002162   070
002162   071
002162   072
002162   073
002162   074
002163   000
002163   001
002163   002
002163   003
002163   004
002163   005
002163   006
002164   000
002164   001
002164   002
002164   003
002164   004
002164   005
002164   006
002164   007
002164   008
002164   009
002164   010
002164   011
002164   012
002164   013
002164   014
002164   015
002164   016
002164   017
002164   018
002164   019
002164   020
002164   021
002164   022
002164   023
002164   024
002164   025
002164   026
002165   000
002165   001
002166   000
002167   000
002167   001
002167   002
002167   003
002167   004
002167   005
002167   006
002167   007
002167   008
002167   009
002167   010
002167   011
002167   012
002168   000
002168   001
002168   002
002168   003
002168   004
002168   005
002168   006
002168   007
002168   008
002168   009
002168   010
002168   011
002168   012
002168   013
002168   014
002168   015
002168   016
002168   017
002168   018
002168   019
002168   020
002168   021
002168   022
002168   023
002168   024
002168   025
002168   026
002168   027
002168   028
002168   029
002170   000
002170   001
002170   002
002170   003
002170   004
002170   005
002170   006
002170   007
002170   008
002170   009
002170   010
002170   011
002170   012
002170   013
002170   014
002170   015
002170   016
002170   017
002170   018
002170   019
002170   020
002170   021
002170   022
002170   023
002170   024
002170   025
002170   026
002170   027
002170   028
002170   029
002170   030
002170   031
002171   000
002171   001
002171   002
002171   003
002171   004
002171   005
002171   006
002171   007
002171   008
002171   009
002171   010
002171   011
002171   012
002171   013
002171   014
002171   015
002171   016
002171   017
002171   018
002171   019
002171   020
002171   021
002171   022
002171   023
002171   024
002171   025
002171   026
002171   027
002171   028
002172   000
002172   001
002172   002
002172   003
002172   004
002172   005
002172   006
002172   007
002172   008
002172   009
002172   010
002172   011
002172   012
002172   013
002172   014
002172   015
002172   016
002172   017
002172   018
002172   019
002172   020
002172   021
002172   022
002172   023
002172   024
002172   025
002172   026
002172   027
002172   028
002172   029
002172   030
002172   031
002172   032
002172   033
002172   034
002172   035
002172   036
002174   000
002174   001
002174   002
002174   003
002174   004
002174   005
002174   006
002174   007
002174   008
002174   009
002174   010
002174   011
002174   012
002174   013
002174   014
002174   015
002174   016
002174   017
002174   018
002174   019
002174   020
002174   021
002174   022
002174   023
002174   024
002174   025
002174   026
002174   027
002174   028
002174   029
002174   030
002174   031
002174   032
002174   033
002174   034
002174   035
002174   036
002174   037
002175   000
002175   001
002175   002
002175   003
002175   004
002175   005
002175   006
002175   007
002175   008
002175   009
002175   010
002175   011
002175   012
002175   013
002175   014
002175   015
002175   016
002175   017
002175   018
002175   019
002175   020
002176   000
002176   001
002176   002
002177   000
002177   001
002177   002
002177   003
002177   004
002177   005
002177   006
002177   007
002177   008
002177   009
002177   010
002177   011
002177   012
002177   013
002177   014
002177   015
002177   016
002177   017
002177   018
002177   019
002177   020
002177   021
002177   022
002178   000
002179   000
002179   001
002179   002
002179   003
002179   004
002179   005
002179   006
002179   007
002179   008
002179   009
002179   010
002179   011
002179   012
002179   013
002179   014
002179   015
002179   016
002179   017
002179   018
002179   019
002179   020
002179   021
002179   022
002180   000
002180   001
002180   002
002180   003
002180   004
002180   005
002180   006
002180   007
002180   008
002180   009
002180   010
002180   011
002180   012
002180   013
002180   014
002180   015
002180   016
002180   017
002180   018
002180   019
002180   020
002180   021
002180   022
002180   023
002182   000
002182   001
002182   002
002182   003
002182   004
002182   005
002182   006
002182   007
002182   008
002182   009
002182   010
002182   011
002182   012
002182   013
002182   014
002182   015
002182   016
002182   017
002182   018
002182   019
002182   020
002182   021
002182   022
002182   023
002182   024
002182   025
002182   026
002182   027
002182   028
002182   029
002182   030
002182   031
002182   032
002182   033
002182   034
002182   035
002182   036
002182   037
002182   038
002182   039
002182   040
002182   041
002182   042
002182   043
002182   044
002182   045
002182   046
002182   047
002182   048
002182   049
002182   050
002182   051
002183   000
002183   001
002183   002
002183   003
002183   004
002183   005
002183   006
002183   007
002183   008
002183   009
002183   010
002183   011
002183   012
002183   013
002183   014
002183   015
002184   000
002184   001
002184   002
002184   003
002184   004
002184   005
002184   006
002184   007
002184   008
002184   009
002184   010
002184   011
002184   012
002184   013
002184   014
002184   015
002184   016
002184   017
002184   018
002184   019
002184   020
002184   021
002184   022
002184   023
002184   024
002184   025
002184   026
002184   027
002184   028
002184   029
002184   030
002184   031
002184   032
002184   033
002184   034
002184   035
002184   036
002184   037
002184   038
002184   039
002184   040
002184   041
002184   042
002184   043
002184   044
002184   045
002184   046
002184   047
002184   048
002184   049
002184   050
002184   051
002184   052
002184   053
002184   054
002184   055
002184   056
002184   057
002184   058
002184   059
002185   000
002185   001
002185   002
002185   003
002186   000
002186   001
002186   002
002186   003
002186   004
002186   005
002186   006
002186   007
002186   008
002186   009
002186   010
002187   000
002187   001
002187   002
002187   003
002187   004
002187   005
002187   006
002187   007
002187   008
002187   009
002188   000
002188   001
002189   000
002190   000
002190   001
002191   000
002191   001
002193   000
002193   001
002193   002
002193   003
002194   000
002194   001
002194   002
002194   003
002194   004
002194   005
002194   006
002194   007
002194   008
002194   009
002194   010
002194   011
002195   000
002195   001
002195   002
002195   003
002195   004
002195   005
002195   006
002196   000
002196   001
002196   002
002196   003
002196   004
002197   000
002197   001
002197   002
002197   003
002197   004
002197   005
002197   006
002197   007
002197   008
002197   009
002197   010
002197   011
002197   012
002197   013
002197   014
002197   015
002198   000
002198   001
002198   002
002198   003
002198   004
002198   005
002198   006
002198   007
002198   008
002198   009
002198   010
002198   011
002198   012
002198   013
002198   014
002198   015
002198   016
002199   000
002199   001
002199   002
002199   003
002200   000
002200   001
002200   002
002200   003
002200   004
002200   005
002200   006
002200   007
002200   008
002200   009
002200   010
002200   011
002201   000
002201   001
002202   000
002202   001
002203   000
002204   000
002204   001
002204   002
002204   003
002204   004
002204   005
002204   006
002204   007
002204   008
002204   009
002204   010
002204   011
002204   012
002204   013
002204   014
002204   015
002204   016
002204   017
002204   018
002204   019
002204   020
002204   021
002204   022
002204   023
002204   024
002204   025
002204   026
002204   027
002204   028
002204   029
002204   030
002204   031
002204   032
002204   033
002204   034
002204   035
002204   036
002204   037
002204   038
002204   039
002204   040
002204   041
002204   042
002204   043
002204   044
002204   045
002204   046
002204   047
002204   048
002204   049
002204   050
002204   051
002204   052
002204   053
002204   054
002204   055
002204   056
002204   057
002204   058
002204   059
002204   060
002204   061
002204   062
002204   063
002204   064
002204   065
002204   066
002204   067
002204   068
002204   069
002204   070
002205   000
002205   001
002205   002
002205   003
002205   004
002205   005
002205   006
002205   007
002205   008
002205   009
002205   010
002205   011
002205   012
002205   013
002205   014
002205   015
002205   016
002205   017
002205   018
002205   019
002205   020
002205   021
002205   022
002205   023
002205   024
002205   025
002205   026
002205   027
002205   028
002205   029
002205   030
002205   031
002205   032
002205   033
002205   034
002205   035
002205   036
002205   037
002205   038
002205   039
002205   040
002205   041
002205   042
002205   043
002205   044
002205   045
002205   046
002205   047
002205   048
002205   049
002205   050
002205   051
002205   052
002205   053
002205   054
002205   055
002205   056
002205   057
002205   058
002205   059
002205   060
002205   061
002205   062
002205   063
002205   064
002205   065
002205   066
002205   067
002205   068
002205   069
002205   070
002205   071
002205   072
002205   073
002205   074
002205   075
002205   076
002205   077
002205   078
002205   079
002205   080
002205   081
002205   082
002205   083
002205   084
002205   085
002205   086
002205   087
002205   088
002205   089
002205   090
002205   091
002205   092
002205   093
002205   094
002205   095
002205   096
002205   097
002205   098
002205   099
002205   100
002205   101
002205   102
002205   103
002205   104
002206   000
002206   001
002206   002
002206   003
002206   004
002206   005
002206   006
002206   007
002206   008
002206   009
002206   010
002206   011
002206   012
002206   013
002206   014
002206   015
002206   016
002206   017
002206   018
002206   019
002206   020
002206   021
002206   022
002206   023
002206   024
002206   025
002206   026
002206   027
002206   028
002206   029
002206   030
002206   031
002206   032
002206   033
002206   034
002206   035
002206   036
002206   037
002206   038
002206   039
002206   040
002206   041
002206   042
002206   043
002206   044
002206   045
002206   046
002206   047
002206   048
002206   049
002207   000
002207   001
002207   002
002207   003
002207   004
002207   005
002207   006
002207   007
002207   008
002207   009
002207   010
002207   011
002207   012
002207   013
002207   014
002207   015
002207   016
002207   017
002207   018
002207   019
002207   020
002207   021
002207   022
002207   023
002207   024
002207   025
002207   026
002207   027
002207   028
002207   029
002207   030
002207   031
002207   032
002207   033
002207   034
002207   035
002207   036
002207   037
002207   038
002207   039
002207   040
002207   041
002207   042
002207   043
002207   044
002207   045
002207   046
002207   047
002207   048
002207   049
002207   050
002207   051
002207   052
002207   053
002207   054
002207   055
002207   056
002207   057
002207   058
002207   059
002207   060
002207   061
002207   062
002207   063
002207   064
002207   065
002207   066
002208   000
002209   000
002209   001
002209   002
002209   003
002209   004
002209   005
002209   006
002209   007
002209   008
002209   009
002209   010
002209   011
002209   012
002209   013
002209   014
002209   015
002209   016
002209   017
002209   018
002209   019
002209   020
002209   021
002209   022
002209   023
002209   024
002209   025
002209   026
002209   027
002209   028
002209   029
002209   030
002209   031
002209   032
002209   033
002209   034
002209   035
002209   036
002209   037
002209   038
002209   039
002209   040
002209   041
002209   042
002209   043
002209   044
002209   045
002209   046
002209   047
002209   048
002209   049
002209   050
002209   051
002209   052
002209   053
002209   054
002209   055
002209   056
002209   057
002209   058
002209   059
002209   060
002209   061
002209   062
002209   063
002209   064
002209   065
002209   066
002209   067
002209   068
002209   069
002209   070
002209   071
002209   072
002209   073
002209   074
002209   075
002209   076
002209   077
002209   078
002209   079
002209   080
002209   081
002209   082
002209   083
002209   084
002209   085
002209   086
002209   087
002209   088
002209   089
002209   090
002209   091
002209   092
002209   093
002209   094
002209   095
002209   096
002209   097
002209   098
002209   099
002209   100
002209   101
002209   102
002209   103
002209   104
002209   105
002209   106
002209   107
002209   108
002209   109
002209   110
002209   111
002209   112
002209   113
002209   114
002209   115
002209   116
002209   117
002209   118
002209   119
002209   120
002210   000
002210   001
002210   002
002210   003
002210   004
002210   005
002210   006
002211   000
002211   001
002211   002
002211   003
002211   004
002211   005
002211   006
002211   007
002211   008
002211   009
002211   010
002211   011
002211   012
002211   013
002211   014
002211   015
002211   016
002211   017
002211   018
002211   019
002211   020
002211   021
002211   022
002211   023
002211   024
002211   025
002211   026
002211   027
002211   028
002211   029
002211   030
002211   031
002211   032
002211   033
002211   034
002211   035
002211   036
002211   037
002211   038
002211   039
002211   040
002211   041
002211   042
002211   043
002211   044
002211   045
002211   046
002211   047
002211   048
002211   049
002211   050
002211   051
002211   052
002211   053
002211   054
002211   055
002211   056
002213   000
002213   001
002213   002
002213   003
002213   004
002213   005
002214   000
002214   001
002214   002
002214   003
002215   000
002215   001
002219   000
002220   000
002221   000
002221   001
002222   000
002222   001
002222   002
002223   000
002223   001
002223   002
002223   003
002223   004
002223   005
002223   006
002223   007
002223   008
002223   009
002223   010
002223   011
002223   012
002223   013
002223   014
002223   015
002223   016
002223   017
002223   018
002223   019
002224   000
002224   001
002224   002
002224   003
002224   004
002224   005
002224   006
002224   007
002224   008
002224   009
002225   000
002225   001
002226   000
002227   000
002228   000
002228   001
002229   000
002229   001
002230   000
002231   000
002232   000
002232   001
002232   002
002232   003
002232   004
002232   005
002232   006
002232   007
002232   008
002232   009
002232   010
002233   000
002234   000
002235   000
002236   000
002237   000
002238   000
002239   000
002240   000
002241   000
002241   001
002241   002
002241   003
002241   004
002241   005
002241   006
002241   007
002241   008
002241   009
002241   010
002241   011
002241   012
002242   000
002242   001
002242   002
002242   003
002242   004
002242   005
002242   006
002242   007
002242   008
002242   009
002242   010
002242   011
002243   000
002243   001
002243   002
002243   003
002243   004
002243   005
002243   006
002243   007
002243   008
002243   009
002243   010
002243   011
002243   012
002243   013
002243   014
002243   015
002243   016
002243   017
002243   018
002243   019
002244   000
002244   001
002244   002
002244   003
002244   004
002244   005
002244   006
002244   007
002244   008
002244   009
002245   000
002245   001
002245   002
002245   003
002245   004
002245   005
002245   006
002245   007
002245   008
002245   009
002246   000
002246   001
002247   000
002248   000
002249   000
002250   000
002251   000
002252   000
002253   000
002254   000
002255   000
002256   000
002258   000
002258   001
002259   000
002259   001
002259   002
002260   000
002261   000
002262   000
002263   000
002264   000
002265   000
002266   000
002267   000
002268   000
002269   000
002270   000
002272   000
002273   000
002273   001
002273   002
002274   000
002274   001
002274   002
002274   003
002274   004
002275   000
002276   000
002277   000
002280   000
002281   000
002282   000
002283   000
002283   001
002283   002
002283   003
002283   004
002283   005
002283   006
002283   007
002283   008
002283   009
002283   010
002283   011
002283   012
002283   013
002283   014
002283   015
002283   016
002283   017
002283   018
002283   019
002283   020
002283   021
002283   022
002283   023
002283   024
002283   025
002283   026
002283   027
002283   028
002283   029
002283   030
002283   031
002283   032
002283   033
002283   034
002283   035
002283   036
002283   037
002283   038
002283   039
002283   040
002283   041
002283   042
002283   043
002283   044
002283   045
002283   046
002283   047
002283   048
002283   049
002283   050
002283   051
002283   052
002283   053
002283   054
002283   055
002283   056
002283   057
002283   058
002283   059
002283   060
002283   061
002283   062
002283   063
002283   064
002283   065
002283   066
002283   067
002283   068
002283   069
002283   070
002283   071
002283   072
002283   073
002283   074
002283   075
002283   076
002283   077
002283   078
002283   079
002283   080
002283   081
002283   082
002283   083
002284   000
002284   001
002284   002
002284   003
002284   004
002284   005
002284   006
002284   007
002284   008
002284   009
002284   010
002284   011
002284   012
002284   013
002284   014
002284   015
002284   016
002284   017
002284   018
002284   019
002284   020
002284   021
002284   022
002284   023
002284   024
002284   025
002284   026
002284   027
002284   028
002284   029
002284   030
002284   031
002284   032
002284   033
002284   034
002284   035
002284   036
002284   037
002284   038
002284   039
002284   040
002284   041
002284   042
002284   043
002284   044
002284   045
002284   046
002284   047
002284   048
002284   049
002284   050
002284   051
002284   052
002284   053
002284   054
002284   055
002284   056
002284   057
002284   058
002284   059
002284   060
002284   061
002284   062
002284   063
002284   064
002284   065
002284   066
002284   067
002284   068
002284   069
002284   070
002284   071
002284   072
002284   073
002284   074
002284   075
002284   076
002284   077
002284   078
002284   079
002284   080
002284   081
002284   082
002284   083
002284   084
002284   085
002284   086
002284   087
002284   088
002284   089
002284   090
002284   091
002284   092
002284   093
002284   094
002284   095
002284   096
002284   097
002284   098
002287   000
002288   000
002289   000
002290   000
002291   000
002292   000
002294   000
002296   000
002297   000
002298   000
002300   000
002300   001
002300   002
002301   000
002303   000
002303   001
002304   000
002304   001
002305   000
002306   000
002307   000
002309   000
002310   000
002311   000
002312   000
002313   000
002315   000
002316   000
002316   001
002317   000
002318   000
002319   000
002320   000
002321   000
002321   001
002329   000
002329   001
002330   000
002331   000
002332   000
002333   000
002334   000
002335   000
002337   000
002338   000
002339   000
002344   000
002345   000
002345   001
002345   002
002345   003
002345   004
002345   005
002345   006
002345   007
002345   008
002345   009
002345   010
002345   011
002345   012
002345   013
002345   014
002345   015
002345   016
002345   017
002345   018
002345   019
002345   020
002345   021
002345   022
002345   023
002345   024
002345   025
002345   026
002345   027
002345   028
002345   029
002345   030
002345   031
002345   032
002345   033
002345   034
002345   035
002345   036
002345   037
002345   038
002345   039
002345   040
002345   041
002345   042
002345   043
002345   044
002345   045
002345   046
002346   000
002347   000
002347   001
002347   002
002347   003
002347   004
002347   005
002347   006
002347   007
002347   008
002348   000
002348   001
002348   002
002348   003
002349   000
002349   001
002349   002
002349   003
002349   004
002349   005
002349   006
002349   007
002349   008
002349   009
002349   010
002349   011
002349   012
002349   013
002349   014
002349   015
002349   016
002349   017
002349   018
002349   019
002349   020
002349   021
002349   022
002349   023
002349   024
002349   025
002349   026
002351   000
002352   000
002353   000
002354   000
002355   000
002355   001
002355   002
002355   003
002355   004
002355   005
002355   006
002355   007
002355   008
002355   009
002355   010
002355   011
002355   012
002355   013
002355   014
002355   015
002355   016
002355   017
002355   018
002355   019
002355   020
002355   021
002355   022
002355   023
002355   024
002356   000
002357   000
002358   000
002359   000
002360   000
002361   000
002362   000
002363   000
002364   000
002366   000
002367   000
002368   000
002369   000
002369   001
002369   002
002370   000
002371   000
002372   000
002373   000
002374   000
002375   000
002376   000
002376   001
002376   002
002376   003
002377   000
002377   001
002378   000
002378   001
002379   000
002380   000
002381   000
002382   000
002383   000
002384   000
002385   000
002386   000
002387   000
002388   000
002389   000
002389   001
002389   002
002390   000
002391   000
002391   001
002392   000
002392   001
002393   000
002393   001
002393   002
002393   003
002393   004
002393   005
002393   006
002393   007
002393   008
002393   009
002393   010
002394   000
002394   001
002394   002
002394   003
002394   004
002395   000
002395   001
002395   002
002395   003
002396   000
002396   001
002396   002
002396   003
002396   004
002396   005
002396   006
002396   007
002396   008
002396   009
002396   010
002397   000
002397   001
002397   002
002397   003
002397   004
002397   005
002397   006
002397   007
002397   008
002397   009
002398   000
002398   001
002399   000
002399   001
002399   002
002399   003
002400   000
002400   001
002400   002
002400   003
002400   004
002400   005
002400   006
002400   007
002400   008
002400   009
002400   010
002400   011
002400   012
002400   013
002400   014
002400   015
002400   016
002400   017
002400   018
002400   019
002400   020
002400   021
002400   022
002400   023
002400   024
002400   025
002400   026
002400   027
002400   028
002400   029
002400   030
002400   031
002400   032
002400   033
002400   034
002400   035
002400   036
002400   037
002400   038
002400   039
002400   040
002400   041
002400   042
002400   043
002400   044
002400   045
002400   046
002400   047
002400   048
002400   049
002400   050
002401   000
002401   001
002401   002
002401   003
002401   004
002401   005
002401   006
002401   007
002401   008
002401   009
002401   010
002401   011
002401   012
002401   013
002401   014
002401   015
002401   016
002401   017
002401   018
002401   019
002401   020
002401   021
002401   022
002401   023
002401   024
002401   025
002401   026
002401   027
002401   028
002401   029
002401   030
002401   031
002401   032
002401   033
002401   034
002401   035
002401   036
002401   037
002401   038
002401   039
002401   040
002401   041
002401   042
002401   043
002401   044
002401   045
002401   046
002401   047
002401   048
002401   049
002401   050
002401   051
002401   052
002401   053
002401   054
002401   055
002402   000
002402   001
002402   002
002402   003
002402   004
002402   005
002402   006
002402   007
002402   008
002403   000
002404   000
002405   000
002406   000
002406   001
002406   002
002406   003
002406   004
002406   005
002406   006
002406   007
002406   008
002406   009
002406   010
002406   011
002406   012
002406   013
002406   014
002406   015
002406   016
002406   017
002406   018
002406   019
002406   020
002406   021
002406   022
002406   023
002406   024
002406   025
002406   026
002406   027
002406   028
002406   029
002406   030
002406   031
002406   032
002406   033
002406   034
002406   035
002406   036
002406   037
002406   038
002406   039
002406   040
002406   041
002406   042
002406   043
002406   044
002406   045
002406   046
002406   047
002406   048
002406   049
002406   050
002406   051
002406   052
002406   053
002406   054
002406   055
002406   056
002406   057
002406   058
002406   059
002406   060
002406   061
002406   062
002407   000
002407   001
002407   002
002407   003
002407   004
002407   005
002407   006
002407   007
002407   008
002407   009
002407   010
002407   011
002407   012
002407   013
002407   014
002407   015
002407   016
002407   017
002407   018
002407   019
002407   020
002407   021
002407   022
002407   023
002407   024
002407   025
002407   026
002407   027
002407   028
002407   029
002407   030
002407   031
002407   032
002407   033
002407   034
002407   035
002407   036
002407   037
002407   038
002407   039
002407   040
002407   041
002407   042
002407   043
002407   044
002407   045
002407   046
002407   047
002407   048
002407   049
002407   050
002407   051
002407   052
002407   053
002408   000
002408   001
002408   002
002408   003
002408   004
002408   005
002408   006
002408   007
002408   008
002408   009
002408   010
002408   011
002408   012
002408   013
002408   014
002408   015
002408   016
002408   017
002408   018
002408   019
002408   020
002408   021
002408   022
002408   023
002408   024
002408   025
002408   026
002408   027
002408   028
002408   029
002408   030
002408   031
002408   032
002408   033
002408   034
002408   035
002408   036
002408   037
002408   038
002408   039
002408   040
002408   041
002408   042
002408   043
002408   044
002408   045
002408   046
002408   047
002408   048
002408   049
002408   050
002408   051
002408   052
002408   053
002408   054
002408   055
002408   056
002408   057
002408   058
002408   059
002408   060
002408   061
002408   062
002408   063
002408   064
002408   065
002408   066
002408   067
002408   068
002409   000
002409   001
002409   002
002409   003
002409   004
002409   005
002409   006
002409   007
002409   008
002409   009
002409   010
002409   011
002409   012
002409   013
002409   014
002409   015
002409   016
002409   017
002409   018
002409   019
002409   020
002409   021
002409   022
002409   023
002409   024
002409   025
002409   026
002409   027
002409   028
002409   029
002409   030
002409   031
002409   032
002409   033
002409   034
002409   035
002409   036
002409   037
002409   038
002409   039
002409   040
002409   041
002409   042
002409   043
002409   044
002409   045
002409   046
002409   047
002409   048
002409   049
002409   050
002409   051
002409   052
002409   053
002409   054
002409   055
002409   056
002409   057
002409   058
002409   059
002409   060
002409   061
002409   062
002411   000
002411   001
002411   002
002411   003
002411   004
002411   005
002411   006
002411   007
002411   008
002411   009
002411   010
002411   011
002411   012
002411   013
002411   014
002411   015
002411   016
002411   017
002411   018
002411   019
002411   020
002411   021
002411   022
002411   023
002411   024
002411   025
002411   026
002411   027
002411   028
002411   029
002411   030
002411   031
002411   032
002411   033
002411   034
002411   035
002411   036
002411   037
002411   038
002411   039
002411   040
002411   041
002411   042
002411   043
002413   000
002413   001
002413   002
002413   003
002413   004
002413   005
002413   006
002413   007
002413   008
002413   009
002413   010
002413   011
002413   012
002413   013
002413   014
002413   015
002413   016
002413   017
002413   018
002413   019
002413   020
002413   021
002413   022
002413   023
002413   024
002413   025
002413   026
002413   027
002413   028
002413   029
002413   030
002413   031
002413   032
002413   033
002413   034
002413   035
002413   036
002413   037
002413   038
002413   039
002413   040
002413   041
002413   042
002413   043
002413   044
002413   045
002413   046
002413   047
002413   048
002413   049
002413   050
002413   051
002413   052
002413   053
002413   054
002413   055
002413   056
002413   057
002413   058
002413   059
002413   060
002413   061
002414   000
002414   001
002414   002
002414   003
002414   004
002414   005
002414   006
002414   007
002414   008
002414   009
002414   010
002414   011
002414   012
002414   013
002414   014
002414   015
002414   016
002414   017
002414   018
002414   019
002414   020
002414   021
002414   022
002414   023
002414   024
002414   025
002414   026
002414   027
002414   028
002414   029
002414   030
002414   031
002414   032
002414   033
002414   034
002414   035
002414   036
002414   037
002414   038
002414   039
002415   000
002416   000
002416   001
002416   002
002416   003
002416   004
002416   005
002416   006
002416   007
002416   008
002416   009
002416   010
002416   011
002416   012
002416   013
002416   014
002416   015
002416   016
002416   017
002416   018
002416   019
002416   020
002416   021
002416   022
002416   023
002416   024
002416   025
002416   026
002416   027
002416   028
002416   029
002416   030
002416   031
002416   032
002416   033
002416   034
002416   035
002416   036
002416   037
002416   038
002416   039
002416   040
002416   041
002416   042
002416   043
002416   044
002416   045
002416   046
002416   047
002416   048
002416   049
002416   050
002416   051
002416   052
002416   053
002416   054
002416   055
002417   000
002417   001
002417   002
002417   003
002417   004
002417   005
002417   006
002417   007
002417   008
002417   009
002417   010
002417   011
002417   012
002417   013
002417   014
002417   015
002417   016
002417   017
002417   018
002417   019
002417   020
002417   021
002417   022
002417   023
002417   024
002417   025
002417   026
002417   027
002417   028
002417   029
002417   030
002417   031
002417   032
002417   033
002417   034
002417   035
002417   036
002417   037
002417   038
002417   039
002417   040
002417   041
002417   042
002417   043
002417   044
002417   045
002417   046
002417   047
002417   048
002417   049
002417   050
002417   051
002418   000
002418   001
002418   002
002418   003
002418   004
002418   005
002418   006
002418   007
002418   008
002418   009
002418   010
002418   011
002418   012
002418   013
002418   014
002418   015
002418   016
002418   017
002418   018
002418   019
002418   020
002418   021
002418   022
002418   023
002418   024
002418   025
002418   026
002418   027
002418   028
002418   029
002418   030
002418   031
002418   032
002418   033
002418   034
002418   035
002418   036
002418   037
002418   038
002418   039
002418   040
002418   041
002418   042
002418   043
002419   000
002419   001
002419   002
002419   003
002419   004
002419   005
002419   006
002419   007
002419   008
002419   009
002419   010
002419   011
002419   012
002419   013
002419   014
002419   015
002419   016
002419   017
002419   018
002419   019
002419   020
002419   021
002419   022
002419   023
002419   024
002419   025
002419   026
002419   027
002419   028
002419   029
002419   030
002419   031
002419   032
002419   033
002419   034
002419   035
002419   036
002419   037
002419   038
002419   039
002419   040
002419   041
002419   042
002419   043
002419   044
002419   045
002419   046
002419   047
002419   048
002419   049
002419   050
002419   051
002419   052
002420   000
002420   001
002420   002
002420   003
002420   004
002420   005
002420   006
002420   007
002420   008
002420   009
002420   010
002420   011
002420   012
002420   013
002420   014
002420   015
002420   016
002420   017
002420   018
002420   019
002420   020
002420   021
002420   022
002420   023
002420   024
002420   025
002420   026
002420   027
002420   028
002420   029
002420   030
002420   031
002420   032
002420   033
002420   034
002420   035
002420   036
002420   037
002420   038
002420   039
002420   040
002420   041
002420   042
002420   043
002420   044
002421   000
002423   000
002425   000
002426   000
002427   000
002428   000
002431   000
002432   000
002434   000
002435   000
002436   000
002436   001
002436   002
002436   003
002436   004
002436   005
002436   006
002436   007
002436   008
002436   009
002436   010
002436   011
002436   012
002436   013
002436   014
002436   015
002436   016
002436   017
002436   018
002436   019
002436   020
002436   021
002436   022
002436   023
002436   024
002436   025
002436   026
002436   027
002436   028
002436   029
002436   030
002436   031
002436   032
002436   033
002436   034
002436   035
002436   036
002436   037
002436   038
002436   039
002436   040
002437   000
002437   001
002437   002
002437   003
002437   004
002437   005
002437   006
002437   007
002437   008
002437   009
002437   010
002437   011
002437   012
002437   013
002437   014
002437   015
002437   016
002437   017
002437   018
002437   019
002437   020
002437   021
002437   022
002437   023
002437   024
002437   025
002437   026
002437   027
002437   028
002437   029
002437   030
002437   031
002437   032
002437   033
002437   034
002437   035
002437   036
002437   037
002437   038
002437   039
002437   040
002437   041
002437   042
002437   043
002437   044
002437   045
002437   046
002437   047
002437   048
002437   049
002437   050
002437   051
002437   052
002437   053
002437   054
002437   055
002437   056
002437   057
002438   000
002438   001
002438   002
002438   003
002438   004
002438   005
002438   006
002438   007
002438   008
002438   009
002438   010
002438   011
002438   012
002438   013
002438   014
002438   015
002438   016
002438   017
002438   018
002438   019
002438   020
002438   021
002438   022
002438   023
002438   024
002438   025
002438   026
002438   027
002438   028
002438   029
002438   030
002438   031
002438   032
002438   033
002438   034
002439   000
002439   001
002439   002
002439   003
002439   004
002439   005
002439   006
002439   007
002439   008
002439   009
002439   010
002439   011
002439   012
002439   013
002439   014
002439   015
002439   016
002439   017
002439   018
002439   019
002439   020
002439   021
002439   022
002439   023
002439   024
002439   025
002439   026
002439   027
002439   028
002439   029
002439   030
002439   031
002439   032
002439   033
002439   034
002439   035
002439   036
002439   037
002439   038
002439   039
002439   040
002439   041
002439   042
002439   043
002439   044
002439   045
002439   046
002439   047
002439   048
002439   049
002439   050
002439   051
002439   052
002439   053
002439   054
002439   055
002439   056
002439   057
002439   058
002439   059
002439   060
002439   061
002439   062
002439   063
002439   064
002439   065
002439   066
002439   067
002439   068
002439   069
002439   070
002439   071
002439   072
002439   073
002439   074
002439   075
002439   076
002439   077
002439   078
002439   079
002439   080
002439   081
002439   082
002439   083
002439   084
002439   085
002439   086
002439   087
002439   088
002439   089
002439   090
002439   091
002439   092
002439   093
002439   094
002439   095
002439   096
002439   097
002439   098
002439   099
002439   100
002439   101
002439   102
002439   103
002439   104
002439   105
002439   106
002439   107
002439   108
002439   109
002439   110
002439   111
002439   112
002439   113
002439   114
002439   115
002439   116
002439   117
002439   118
002439   119
002439   120
002439   121
002439   122
002439   123
002439   124
002439   125
002439   126
002439   127
002439   128
002439   129
002439   130
002439   131
002439   132
002439   133
002439   134
002439   135
002439   136
002439   137
002439   138
002439   139
002439   140
002439   141
002439   142
002439   143
002439   144
002439   145
002439   146
002439   147
002439   148
002439   149
002439   150
002439   151
002439   152
002439   153
002439   154
002439   155
002439   156
002439   157
002439   158
002439   159
002439   160
002439   161
002439   162
002439   163
002439   164
002439   165
002439   166
002439   167
002439   168
002439   169
002439   170
002439   171
002439   172
002439   173
002439   174
002439   175
002439   176
002439   177
002439   178
002439   179
002439   180
002439   181
002439   182
002439   183
002439   184
002439   185
002439   186
002439   187
002439   188
002439   189
002439   190
002439   191
002439   192
002439   193
002439   194
002439   195
002439   196
002439   197
002439   198
002439   199
002439   200
002439   201
002439   202
002439   203
002439   204
002439   205
002439   206
002439   207
002439   208
002439   209
002439   210
002439   211
002439   212
002439   213
002439   214
002439   215
002439   216
002439   217
002439   218
002439   219
002439   220
002439   221
002439   222
002439   223
002439   224
002439   225
002439   226
002439   227
002439   228
002439   229
002439   230
002439   231
002439   232
002439   233
002439   234
002439   235
002439   236
002439   237
002439   238
002439   239
002439   240
002439   241
002439   242
002439   243
002439   244
002439   245
002439   246
002439   247
002439   248
002439   249
002439   250
002439   251
002439   252
002439   253
002439   254
002439   255
002439   256
002439   257
002439   258
002439   259
002439   260
002439   261
002439   262
002439   263
002439   264
002439   265
002439   266
002439   267
002439   268
002439   269
002439   270
002439   271
002439   272
002439   273
002439   274
002439   275
002439   276
002439   277
002439   278
002439   279
002439   280
002439   281
002439   282
002439   283
002439   284
002439   285
002439   286
002439   287
002439   288
002439   289
002439   290
002439   291
002439   292
002439   293
002439   294
002439   295
002439   296
002439   297
002439   298
002439   299
002439   300
002439   301
002439   302
002439   303
002439   304
002439   305
002439   306
002439   307
002439   308
002439   309
002439   310
002439   311
002439   312
002439   313
002439   314
002439   315
002439   316
002439   317
002439   318
002439   319
002439   320
002439   321
002439   322
002439   323
002439   324
002439   325
002439   326
002439   327
002439   328
002439   329
002439   330
002439   331
002439   332
002439   333
002439   334
002439   335
002439   336
002439   337
002439   338
002439   339
002439   340
002439   341
002439   342
002439   343
002439   344
002439   345
002439   346
002439   347
002439   348
002439   349
002439   350
002439   351
002439   352
002439   353
002439   354
002439   355
002439   356
002439   357
002439   358
002439   359
002439   360
002439   361
002439   362
002439   363
002439   364
002439   365
002439   366
002439   367
002439   368
002439   369
002439   370
002439   371
002439   372
002439   373
002439   374
002439   375
002439   376
002439   377
002439   378
002439   379
002439   380
002439   381
002439   382
002439   383
002439   384
002439   385
002439   386
002439   387
002439   388
002439   389
002439   390
002439   391
002439   392
002439   393
002439   394
002439   395
002439   396
002439   397
002439   398
002439   399
002439   400
002439   401
002439   402
002439   403
002439   404
002439   405
002439   406
002439   407
002439   408
002439   409
002439   410
002439   411
002439   412
002439   413
002439   414
002439   415
002439   416
002439   417
002439   418
002439   419
002439   420
002439   421
002439   422
002439   423
