  7.57804e-07  
  8.04494e-07  
  7.43995e-07  
  7.88215e-07  
  8.48390e-07  
  8.35146e-07  
  8.34531e-07  
  8.47650e-07  
  8.34710e-07  
  8.12361e-07  
  8.98751e-07  
  9.62336e-07  
  9.00480e-07  
  9.26218e-07  
  1.00098e-06  
  1.02757e-06  
  1.06872e-06  
  1.21527e-06  
  1.42277e-06  
  1.25860e-06  
  1.78909e-06  
  1.13484e-06  
  1.13484e-06  
  1.58869e-06  
  1.55217e-06  
  1.14576e-06  
  1.13351e-06  
  1.09879e-06  
  1.08008e-06  
  9.60458e-07  
  9.33635e-07  
  9.33519e-07  
  9.25535e-07  
  8.68973e-07  
  8.04654e-07  
  8.15227e-07  
  9.00967e-07  
  7.45225e-07  
  7.78228e-07  
  7.90078e-07  
  8.10475e-07  
  7.43352e-07  
  8.18779e-07  
  7.21080e-07  
  7.38832e-07  
  7.13006e-07  
  7.22047e-07  
  7.71413e-07  
  7.18730e-07  
  8.02221e-07  
  8.29108e-07  
  9.26380e-07  
  8.38256e-07  
  9.14774e-07  
  8.01692e-07  
  9.40348e-07  
  8.29113e-07  
  8.58254e-07  
  9.57238e-07  
  9.85215e-07  
  1.06223e-06  
  1.26642e-06  
  1.48303e-06  
  1.12655e-06  
  1.70994e-06  
  1.13484e-06  
  1.13484e-06  
  1.30597e-06  
  1.39664e-06  
  1.36951e-06  
  1.00790e-06  
  8.78675e-07  
  9.61931e-07  
  9.67467e-07  
  9.61227e-07  
  1.01674e-06  
  8.99968e-07  
  8.51434e-07  
  7.67676e-07  
  8.52558e-07  
  9.10875e-07  
  8.33667e-07  
  7.83920e-07  
  7.68636e-07  
  6.91936e-07  
  7.35247e-07  
  8.27262e-07  
  7.28207e-07  
  7.75732e-07  
  7.97436e-07  
  8.05417e-07  
  7.57779e-07  
  8.21498e-07  
  7.04010e-07  
  8.84038e-07  
  8.60945e-07  
  8.53602e-07  
  9.11592e-07  
  9.71863e-07  
  1.00651e-06  
  1.04749e-06  
  9.99953e-07  
  1.05455e-06  
  1.22285e-06  
  1.14976e-06  
  1.46499e-06  
  1.50641e-06  
  1.35859e-06  
  1.52683e-06  
  1.13484e-06  
  1.13484e-06  
  1.50308e-06  
  1.27988e-06  
  1.57007e-06  
  1.17334e-06  
  1.19504e-06  
  1.08662e-06  
  1.06052e-06  
  9.36313e-07  
  9.45339e-07  
  9.50866e-07  
  9.76111e-07  
  9.15671e-07  
  7.85966e-07  
  7.84872e-07  
  7.61970e-07  
  7.98354e-07  
  8.34679e-07  
  7.68429e-07  
  7.84731e-07  
  8.78336e-07  
  6.86260e-07  
  7.04611e-07  
  8.27722e-07  
  7.96567e-07  
  7.82248e-07  
  7.63181e-07  
  7.50569e-07  
  8.26109e-07  
  8.44342e-07  
  8.67989e-07  
  8.92734e-07  
  9.74878e-07  
  9.34911e-07  
  9.90166e-07  
  9.91790e-07  
  1.04741e-06  
  1.14834e-06  
  1.33101e-06  
  1.41422e-06  
  1.53571e-06  
  1.44399e-06  
  1.50198e-06  
  1.13484e-06  
  1.13484e-06  
  1.48624e-06  
  1.57509e-06  
  1.46863e-06  
  1.44536e-06  
  1.24073e-06  
  1.07522e-06  
  1.08942e-06  
  9.86979e-07  
  1.00376e-06  
  9.83919e-07  
  8.94362e-07  
  8.99693e-07  
  8.25674e-07  
  7.94490e-07  
  7.55903e-07  
  8.06541e-07  
  7.92924e-07  
  7.28666e-07  
  7.37862e-07  
  9.18103e-07  
  7.14125e-07  
