  3.79514e-07
  3.64083e-07
  3.52983e-07
  3.94601e-07
  3.47731e-07
  4.0877e-07
  3.77154e-07
  3.32554e-07
  3.44353e-07
  3.96427e-07
  5.24489e-07
  5.0939e-07
  4.74002e-07
  4.81569e-07
  5.57099e-07
  5.36089e-07
  5.23938e-07
  4.91758e-07
  4.82005e-07
  5.25003e-07
  6.53249e-07
  4.62001e-07
  3.59747e-07
  5.95575e-07
  5.86086e-07
  3.7957e-07
  4.30369e-07
  5.09132e-07
  5.94792e-07
  4.12766e-07
  3.8863e-07
  4.28495e-07
  4.4342e-07
  4.59366e-07
  4.04233e-07
  4.16756e-07
  3.7847e-07
  3.32934e-07
  4.15031e-07
  3.41327e-07
  4.15867e-07
  3.69045e-07
  4.63787e-07
  4.22664e-07
  3.85536e-07
  3.72188e-07
  3.82141e-07
  3.91218e-07
  3.27711e-07
  3.74303e-07
  3.65306e-07
  3.55848e-07
  3.22236e-07
  5.9922e-07
  5.04206e-07
  5.07364e-07
  4.39597e-07
  4.63236e-07
  4.81523e-07
  4.92262e-07
  4.28269e-07
  5.06412e-07
  5.53371e-07
  4.55137e-07
  6.26924e-07
  4.20101e-07
  3.52935e-07
  4.72617e-07
  5.81654e-07
  4.42264e-07
  3.52545e-07
  4.02461e-07
  5.21437e-07
  5.20744e-07
  4.56097e-07
  5.58178e-07
  4.52696e-07
  4.02615e-07
  4.62747e-07
  3.87078e-07
  5.58483e-07
  4.504e-07
  4.55012e-07
  4.68853e-07
  4.41756e-07
  1.95981e-07
  2.6143e-07
  2.81204e-07
  2.55333e-07
  3.97554e-07
  4.06468e-07
  3.22447e-07
  3.78354e-07
  3.89763e-07
  4.11401e-07
  4.11865e-07
  4.03334e-07
  5.15915e-07
  5.53475e-07
  5.21324e-07
  5.41129e-07
  5.40266e-07
  5.32222e-07
  5.74363e-07
  5.15361e-07
  6.71687e-07
  6.61889e-07
  5.42576e-07
  5.79851e-07
  5.92971e-07
  3.93705e-07
  6.43556e-07
  5.22982e-07
  6.58459e-07
  5.05904e-07
  5.61951e-07
  5.64835e-07
  5.30489e-07
  5.25069e-07
  5.0603e-07
  5.25487e-07
  5.4465e-07
  5.59805e-07
  4.8536e-07
  4.54399e-07
  4.74045e-07
  3.65249e-07
  3.77302e-07
  3.49174e-07
  3.70106e-07
  4.36493e-07
  3.76955e-07
  4.06903e-07
  3.66418e-07
  3.9679e-07
  3.55194e-07
  3.43306e-07
  4.30864e-07
  3.82419e-07
  3.34048e-07
  3.758e-07
  4.35399e-07
  4.6908e-07
  4.15852e-07
  4.53342e-07
  4.22769e-07
  4.03826e-07
  4.33712e-07
  5.89314e-07
  6.25667e-07
  6.55402e-07
  5.98804e-07
  7.46452e-07
  4.5148e-07
  4.56921e-07
  6.8025e-07
  4.56835e-07
  5.28193e-07
  4.61096e-07
  4.27822e-07
  4.19651e-07
  4.46919e-07
  3.95184e-07
  4.22894e-07
  3.82035e-07
  3.5483e-07
  3.69442e-07
  3.0565e-07
  3.54032e-07
  3.61759e-07
  3.85834e-07
  3.68609e-07
  3.67928e-07
  3.7753e-07
  4.61217e-07
  3.78352e-07
