  0.00166018
  0.00180203
  0.00182273
  0.00183343
  0.00184616
  0.00185727
  0.00184897
  0.00184838
  0.0018463
  0.00184379
  0.00184084
  0.0018414
  0.00184057
  0.00184117
  0.00184155
  0.00184138
  0.00184449
  0.0018475
  0.00185261
  0.0018551
  0.00186116
  0.00185535
  0.00185562
  0.00186043
  0.00185377
  0.00185272
  0.00184734
  0.00184359
  0.00184416
  0.00184007
  0.00184072
  0.0018407
  0.00184154
  0.00184351
  0.00184255
  0.00184739
  0.00184594
  0.00185013
  0.00185653
  0.00184907
  0.00183178
  0.00182541
  0.00177263
  0.00170196
  0.00168495
  0.00178134
  0.00181555
  0.00184058
  0.00185026
  0.00185769
  0.00185247
  0.0018497
  0.00184517
  0.001844
  0.00184138
  0.00184179
  0.00184101
  0.00184169
  0.0018414
  0.00184149
  0.00184414
  0.00184773
  0.00185328
  0.0018558
  0.00186131
  0.00185613
  0.00185636
  0.00186094
  0.00185362
  0.00185236
  0.00184758
  0.00184323
  0.00184391
  0.00183983
  0.00184129
  0.00184024
  0.00184104
  0.00184239
  0.00184217
  0.0018471
  0.00184421
  0.00185019
  0.0018541
  0.00184612
  0.00183725
  0.00181475
  0.00178111
  0.00169374
  0.00175929
  0.0017967
  0.00184404
  0.00184669
  0.00186202
  0.00185776
  0.00185188
  0.00185082
  0.00184528
  0.00184056
  0.00183983
  0.00184059
  0.00183961
  0.0018384
  0.00183909
  0.00183909
  0.00184223
  0.00184399
  0.00184817
  0.001849
  0.00185439
  0.00186326
  0.00186343
  0.0018528
  0.0018478
  0.00184734
  0.00184314
  0.00184045
  0.00183894
  0.00183936
  0.00183839
  0.00183769
  0.00183942
  0.00183915
  0.00184183
  0.00184415
  0.00184782
  0.0018522
  0.00185736
  0.0018611
  0.00185251
  0.00184701
  0.00183954
  0.00177584
  0.00173574
  0.00178815
  0.00184981
  0.00185056
  0.00186228
  0.00185854
  0.00185068
  0.00185054
  0.00184552
  0.0018398
  0.00184056
  0.0018406
  0.00183912
  0.00183854
  0.00183916
  0.00183906
  0.00184269
  0.00184389
  0.00184824
  0.00184899
  0.00185406
  0.00186261
  0.00186259
  0.00185299
  0.00184765
  0.0018472
  0.00184283
  0.00184023
  0.00183951
  0.00183972
  0.00183924
  0.00183771
  0.00183895
  0.00183966
  0.00184127
  0.00184448
  0.00185046
  0.00185183
  0.00185893
  0.00185854
  0.00184887
  0.00184373
  0.00180457
  0.00170909
