0
0
0
0
0
0
0
0
0
0
0
0
0
0
0
0
0
0
0
0
0
0
0
0
0
0
0
0
0
0
0
0
0
0
0
0
0
0
0
0
0
0
0
0
0
0
0
0
0
0
0
0
0
0
0
0
0
0
0
0
0
0
0
0
0
0
0
0
0
0
0
0
0
0
0
0
0
0
0
0
0
0
0
0
0
0
0
0
0
0
0
0
0
0
0
0
0
0
0
0
0
0
0
0
0
0
0
0
0
0
0
0
0
0
0
0
0
0
0
0
0
0
0
0
0
0
0
0
0
0
0
0
0
0
0
0
0
0
0
0
0
0
0
0
0
0
0
0
0
0
0
0
0
0
0
0
0
0
0
0
0
0
0
0
0
0
0
0
0
0
0
0
0
0
0
0
0
0
0
0
0
0
0
0
0
0
0
0
0
0
0
0
0
0
0
0
0
0
0
0
0
0
0
0
0
0
0
0
0
0
0
0
0
0
0
0
0
0
0
0
0
0
0
0
0
0
0
0
0
0
0
0
0
0
0
0
0
0
0
0
0
0
0
0
0
0
0
0
0
0
0
0
0
0
0
0
0
0
0
0
0
0
0
0
0
0
0
0
0
0
0
0
0
0
0
0
0
0
0
0
0
0
0
0
0
0
0
0
0
0
0
0
0
0
0
0
0
0
0
0
0
0
0
0
0
0
0
0
0
0
0
0
0
0
0
0
0
0
0
0
0
0
0
0
0
0
0
0
0
0
0
0
0
0
0
0
0
0
0
0
0
0
0
0
0
0
0
0
0
0
0
0
0
0
0
0
0
0
0
0
0
0
0
0
0
0
0
0
0
0
0
0
0
0
0
0
0
0
0
0
0
0
0
0
0
0
0
0
0
0
0
0
0
0
0
0
0
0
0
0
0
0
0
0
0
0
0
0
0
0
0
0
0
0
0
0
0
0
0
0
0
0
0
0
0
0
0
0
0
0
0
0
0
0
0
0
0
0
0
0
0
0
0
0
0
0
0
0
0
0
0
0
0
0
0
0
0
0
0
0
0
0
0
0
0
0
0
0
0
0
0
0
0
0
0
0
0
0
0
0
0
0
0
0
0
0
0
0
0
0
0
0
0
0
0
0
0
0
0
0
0
0
0
0
0
0
0
0
0
0
0
0
0
0
0
0
0
0
0
0
0
0
0
0
0
0
0
0
0
0
0
0
0
0
0
0
0
0
0
0
0
0
0
0
0
0
0
0
0
0
0
0
0
0
0
0
0
0
0
0
0
0
0
0
0
0
0
0
0
0
0
0
0
0
0
0
0
0
0
0
0
0
0
0
0
0
0
0
0
0
0
0
0
0
0
0
0
0
0
0
0
0
0
0
0
0
0
0
0
0
0
0
0
0
0
0
0
0
0
0
0
0
0
0
0
0
0
0
0
0
0
0
0
0
0
0
0
0
0
0
0
0
0
0
0
0
0
0
0
0
0
0
0
0
0
0
0
0
0
0
0
0
0
0
0
0
0
0
0
0
0
0
0
0
0
0
0
0
0
0
0
0
0
0
0
0
0
0
0
0
0
0
0
0
0
0
0
0
0
0
0
0
0
0
65.3625
64.7636
65.8319
65.5917
66.6593
68.0663
68.9063
69.3512
65.402
64.9499
65.2252
65.7177
67.402
67.6061
68.5307
69.3673
65.3024
65.0507
65.6422
65.3237
65.9445
67.1344
68.2728
69.2282
64.9402
64.824
65.3281
66.236
66.2043
67.4772
68.3156
69.6245
64.6996
64.3456
65.4075
65.3794
66.7411
67.377
68.0118
68.7529
65.0846
64.347
64.6151
65.3647
66.5338
66.9897
67.962
69.287
64.8127
64.5855
65.0955
66.0586
67.0503
67.0131
68.0254
69.485
64.7927
64.6796
65.4202
66.6328
67.2248
67.0886
67.5859
68.911
58.6607
59.2446
59.7619
59.9214
60.5274
61.2215
61.9579
62.6982
59.3133
59.686
59.5426
60.021
60.4354
61.5797
61.8731
63.146
59.2753
59.504
59.7625
59.6635
60.688
60.8707
61.5403
62.7557
58.8685
58.8475
59.7113
59.8729
60.5231
61.4399
61.6517
63.3179
59.0348
59.0515
59.4884
59.8786
60.0682
60.276
61.7232
62.89
59.0248
58.606
59.1569
59.4585
60.2026
60.6848
61.2211
62.2487
59.2782
59.0453
59.2837
59.6803
60.5396
61.1173
61.6241
62.3312
58.6052
57.9107
58.9984
59.2408
60.0233
60.6975
61.0975
62.5799
61.8553
61.8369
61.9834
62.3778
62.4435
62.823
62.5093
63.0122
62.1043
62.2475
62.3769
62.5485
62.6628
62.8975
63.0475
63.0908
61.797
62.0398
62.1097
62.2608
62.8601
62.7838
62.7828
62.8184
62.1635
61.9748
61.7703
62.7372
62.5509
62.74
62.651
63.0898
61.9498
61.6562
62.112
62.5635
62.2842
62.2607
62.3573
62.5576
61.9612
62.0615
62.163
61.8287
62.0294
62.3216
62.1411
62.9388
62.2316
62.0259
61.9889
62.4486
62.4091
62.1803
62.8869
63.1916
62.0978
61.6802
61.9269
62.3406
62.0926
62.5505
62.4515
63.3028
63.211
63.5271
63.0809
63.4794
64.0772
63.4808
63.8061
63.557
63.0447
63.2141
63.1935
63.1653
64.0131
63.5122
63.487
64.4278
63.1374
63.3842
63.2558
63.5444
63.6786
63.5095
63.6507
63.9804
62.5721
63.3014
62.8377
63.1532
63.8537
63.6783
63.8365
64.1475
62.8674
63.2128
63.3199
63.1616
62.9561
62.8345
63.4926
64.135
62.7637
62.8808
62.3188
63.3799
63.2237
63.0663
63.6437
64.21
63.5954
62.5586
62.3949
63.2418
63.4238
63.6372
63.7356
63.9131
62.6336
62.769
62.8808
62.9843
63.5578
63.164
63.4437
63.2152
60.0057
59.9072
60.1619
60.1089
60.2218
59.883
60.6528
60.3294
59.9327
59.6842
59.911
60.2813
60.3623
60.0397
60.6733
60.8575
60.2173
59.5829
59.3503
59.5543
59.8941
59.8779
60.2034
60.8852
60.1265
59.8442
59.328
60.1601
60.094
60.5151
60.275
60.9254
60.2114
59.1056
60.0446
60.0004
59.7761
60.1496
60.3165
60.506
60.0081
59.2677
59.32
59.9057
60.134
60.0304
60.4965
60.5627
60.0599
59.4231
59.8345
60.1215
59.8822
59.8737
60.3473
60.5091
59.5085
59.2012
59.2768
59.8219
59.8036
60.352
59.9009
60.1789
63.9166
64.1952
64.1205
63.9896
64.1878
64.2261
64.4675
64.6482
64.1546
63.9843
63.6746
63.9607
64.3203
64.119
64.215
65.2031
64.2186
63.7748
63.6141
63.5324
64.2599
64.192
64.0885
64.9048
64.1649
63.5761
63.4233
63.7785
64.0356
64.4042
64.5176
64.9328
64.3969
63.6217
63.5831
64.0015
63.8637
64.4338
63.8475
64.1446
63.8021
63.5388
63.2196
63.7411
63.7371
64.4214
64.1572
64.3883
64.4283
63.2808
63.8969
63.8142
63.8599
63.8873
64.4859
64.2885
63.9138
63.6525
63.4353
63.7499
63.6891
63.505
64.7797
64.5893
62.4103
62.4693
62.5214
62.3891
62.7329
63.0179
63.0274
63.4087
62.9059
62.2302
62.4253
62.4233
62.4446
62.5786
62.9315
63.277
62.6324
62.5538
62.4112
62.3772
62.5509
62.6071
62.4751
63.2665
62.956
62.076
62.1714
62.606
62.4147
62.5349
62.7481
63.6201
62.5674
62.0137
62.773
62.233
62.2869
62.394
62.5607
63.2673
62.5055
62.2547
62.0939
62.5328
62.3673
62.7072
62.6617
63.0469
62.7584
62.3541
62.0833
62.3897
62.6035
62.489
62.582
63.0931
62.1801
62.0419
62.2292
61.9712
62.4248
62.8757
62.5505
62.8389
65.2449
64.3545
65.0517
65.084
64.798
63.9988
64.1559
64.0458
65.3189
64.8211
64.6391
64.6563
64.8688
64.4842
63.8946
64.6267
65.2654
64.7435
64.4832
64.8139
64.5374
64.6298
64.3522
64.0606
65.2233
64.7431
64.438
64.7122
64.4745
64.5585
63.6055
64.5718
65.2253
64.5759
64.2131
65.0668
64.4759
63.9741
63.8301
64.1121
65.3211
64.4227
64.2693
64.2914
63.8074
64.0812
63.8057
64.1829
64.6261
63.7406
63.3808
64.3072
63.9896
64.1685
63.8269
64.1486
64.4902
63.9289
63.9469
63.35
63.938
64.2179
64.0106
63.6105
64.1842
63.643
63.698
63.7802
63.9743
63.7745
64.0797
63.4144
63.9451
63.6544
63.267
63.5626
63.849
63.8808
63.9797
64.2722
64.0956
63.3929
63.591
63.6336
63.8622
63.3184
63.7508
64.3717
64.5855
63.3121
63.3553
63.3591
63.6077
63.4722
63.5591
64.3587
64.3219
63.1625
63.8461
63.7918
63.6598
63.787
63.2342
63.8149
63.8536
63.2317
63.2219
63.8837
63.7588
63.5716
63.5807
63.6902
63.6366
63.3245
63.3005
63.1989
63.4981
63.2541
63.5334
63.8682
64.0539
63.1558
63.3982
63.1217
63.3733
63.5059
63.3886
63.5312
63.4913
63.3185
63.5375
63.6769
63.7129
63.9314
63.4998
63.8085
63.7447
63.1418
63.4029
63.3286
63.7346
63.6893
63.7922
64.1696
63.4086
62.8015
63.5798
63.1829
63.026
63.528
62.7957
64.1558
63.8728
62.716
62.8552
63.4967
63.083
63.6278
62.9588
63.6161
63.2614
63.1251
63.3578
63.0049
63.576
63.3749
63.4417
63.4333
63.4539
62.8361
62.548
63.2846
63.2174
63.8039
62.8417
63.3086
63.0454
63.0297
62.8198
62.9054
63.3093
63.6732
63.5995
63.4537
62.9058
62.6012
62.8685
63.0695
63.0522
62.8437
62.8975
62.9635
62.7511
62.1131
62.557
62.7053
62.6017
63.5442
63.136
63.4759
62.4794
62.7333
62.2115
62.7329
62.93
62.99
62.952
63.2958
62.7638
62.4828
62.2696
62.5321
62.977
63.506
63.0001
63.5621
62.5836
62.2177
62.445
62.7815
62.4573
62.9828
62.9276
63.6731
62.3921
62.1663
62.4577
62.3422
63.0843
62.8287
62.9375
62.1257
62.5517
62.2071
62.4211
62.2695
62.2796
63.1946
62.8655
63.2616
62.2317
61.7598
62.0749
62.227
62.3438
62.3789
62.7068
62.9663
61.9093
61.9111
62.3092
62.1215
62.3028
62.9615
62.6646
62.8896
64.5444
64.0009
64.5936
64.6892
64.976
65.314
65.2067
65.8272
64.4644
64.0167
64.0592
64.7786
64.7408
65.194
65.0514
66.2805
64.0826
63.8863
64.2642
64.6074
64.8197
64.7506
65.1662
65.775
64.4756
64.0437
64.1599
63.9879
64.5864
65.1311
65.2417
66.1128
64.0424
63.9703
63.9411
64.6483
64.9891
65.4954
64.9824
65.7792
64.0365
64.0156
63.8634
64.0073
64.2568
65.0085
64.7056
65.108
64.0706
63.7111
64.0749
64.4181
65.164
64.6432
64.5912
65.3616
64.1264
63.8276
63.9805
64.2221
64.6207
64.8677
65.3478
65.7494
65.475
65.3771
67.4227
69.7531
71.0636
71.1758
71.6337
72.3407
65.6444
65.7295
68.5603
69.3098
71.0355
70.9478
71.308
72.7165
65.6352
66.0417
68.3499
69.2798
70.266
71.3718
71.4522
72.8512
65.2328
65.5458
67.7537
68.9343
70.2661
70.8723
71.1543
72.3487
64.8956
65.3201
67.1284
68.3985
69.5016
71.0819
71.2764
71.4605
64.5544
64.9234
65.8313
68.0381
68.9344
70.4542
71.1874
71.6594
64.8618
64.1424
66.2327
67.4674
69.0339
70.5806
71.3083
72.6307
64.34
64.5992
66.3887
67.7055
68.6825
70.1294
71.0629
72.0224
63.7145
64.1957
63.9375
63.9483
64.2432
64.5999
65.0151
65.0008
63.8067
63.8538
63.8651
64.1985
64.2119
64.3636
64.6712
64.7336
63.7814
63.445
63.8418
63.984
64.1481
64.3502
63.8434
65.0971
63.5877
63.0892
63.1766
64.0997
63.876
64.3022
64.4
65.2198
63.2025
63.0966
63.4671
63.5965
64.2288
64.8609
64.2966
65.1477
63.0972
63.0192
63.6884
63.9867
64.2242
64.4994
64.5974
65.1653
62.8616
62.8134
63.4777
64.0668
64.0826
64.1297
64.1769
65.5958
62.6921
62.6109
63.1734
63.6388
64.337
64.3535
64.4799
64.9283
64.1623
64.1223
63.9068
63.9809
64.3322
63.9536
64.1227
64.2474
64.5924
63.7743
63.6679
63.7135
64.3601
64.0567
64.225
64.9228
64.035
63.3826
63.6578
63.7374
64.0271
63.9563
63.9597
64.8257
64.4794
63.3855
63.5827
63.6929
63.7409
64.3097
63.7991
64.7855
64.5402
63.5263
63.8686
64.218
63.8079
64.3994
64.1924
64.5925
64.1834
63.7157
63.7212
63.9127
63.7625
63.9941
64.123
64.6976
64.2855
63.3242
63.6183
63.8166
63.9396
63.893
64.1613
64.3495
63.8813
63.7894
63.6634
63.5273
64.3937
64.1074
64.7024
64.7146
63.5241
63.202
63.1935
64.198
63.6976
63.6541
63.6925
63.9773
64.1323
63.1963
63.2236
63.86
63.4127
64.2339
63.6757
64.3663
63.6024
63.1547
63.4732
63.154
63.8865
63.7298
63.5407
64.3237
63.6628
63.252
63.2132
63.6865
63.7152
63.3733
63.7869
64.0615
63.4398
63.1228
63.6181
63.5964
63.6138
63.6317
63.6972
63.6622
63.4053
62.9954
63.3246
63.184
63.8139
63.7511
63.4375
64.2371
63.4903
63.1253
63.1109
63.2187
63.3999
63.4903
63.6006
63.8006
63.6234
63.1742
62.8405
63.1203
63.3089
63.293
63.6063
63.5251
62.8418
62.3886
63.1264
63.2458
63.3447
63.3587
63.4069
63.3902
63.4835
62.8875
63.0231
63.3263
63.1558
63.2916
63.3664
63.8478
63.5803
62.5135
62.8029
63.0644
63.6654
63.5298
63.3611
64.1568
62.9934
62.172
62.547
62.6615
62.7158
63.2683
63.284
63.9993
63.2147
62.5786
62.4848
62.8881
62.7956
63.423
63.3192
63.9068
63.0966
62.8472
63.0425
62.772
62.9522
63.2836
63.0594
63.415
62.6596
62.4592
62.561
62.4703
63.0886
63.0527
63.2194
63.714
62.3528
62.3715
62.1913
62.6492
62.5182
62.5233
62.9714
63.4582
64.1838
64.5812
64.4862
64.5687
64.6672
65.3251
65.0438
64.951
64.8746
63.8907
64.1693
64.2409
64.617
65.1927
65.0724
65.7122
64.0119
63.9881
63.7909
64.341
64.6744
64.6155
64.0738
65.839
64.9198
63.7764
63.9795
64.0325
64.2469
64.9148
64.2695
65.2565
64.5003
63.836
64.1094
64.3999
64.5761
65.3555
65.0463
65.2204
64.2012
63.9033
63.9203
63.9945
64.4284
64.7085
64.5371
65.4257
64.3723
63.5243
63.8262
63.6956
64.266
64.0227
64.3931
65.0286
64.2886
63.2879
63.837
63.6556
64.2075
64.6054
64.3281
64.8906
63.9039
63.6325
64.653
64.8234
67.2151
67.0101
66.8974
67.8591
64.6746
63.8621
64.8813
65.5986
66.7767
66.6525
67.2752
68.6566
64.0539
64.0499
64.9503
64.7725
66.3263
66.5331
67.2194
68.6383
64.1227
63.7518
63.7557
65.2386
65.6895
67.2819
67.4433
68.7171
63.6604
63.2855
64.3038
64.4023
65.9697
66.6929
67.3135
68.7193
63.7107
63.3432
64.0812
64.0985
65.5037
66.6729
67.8595
68.3894
64.0484
63.026
63.9635
64.1442
64.9932
66.0435
67.376
68.5274
63.9658
63.896
63.5497
64.3965
65.1458
66.3426
67.3335
68.1329
58.1357
58.1912
58.6949
59.6259
59.7927
60.7037
61.3643
62.3257
58.0779
57.9837
58.8111
59.8075
59.742
60.7941
61.6499
62.6591
58.0669
58.121
58.3949
59.388
60.0425
60.9728
61.673
62.8057
58.5284
58.0071
58.0116
59.4312
60.3667
61.3964
61.7859
62.9137
58.3179
57.8601
58.1276
58.947
59.9598
61.1414
61.8267
62.3282
57.7586
57.5503
58.1697
59.3667
60.2526
60.8939
61.8936
62.9856
57.791
56.902
58.2026
59.1033
59.7056
61.1259
61.9723
63.162
57.7559
57.8469
58.1003
59.2033
60.4673
61.1816
61.8444
62.6142
61.049
61.1384
61.2596
61.696
61.9615
62.1182
62.0342
61.4327
61.4135
60.9557
61.395
61.7203
61.4111
61.5868
61.878
61.9423
61.3541
60.977
61.2136
61.468
61.2343
61.4116
61.5865
61.7965
61.7808
61.1972
61.2644
61.1524
61.0892
61.5263
61.7018
62.1772
62.1212
61.2494
61.4338
61.4662
61.7868
61.7411
61.787
62.4873
61.9878
61.2085
61.2239
61.4899
61.5629
61.5706
61.6399
62.1075
61.8782
61.507
61.5282
61.2236
61.6861
61.378
61.858
62.0649
61.8876
61.5133
61.8716
61.6335
61.4579
61.8732
61.8969
62.2109
62.7513
62.083
62.2982
62.5699
62.9486
62.817
62.5297
62.6891
62.8751
62.1163
61.9361
62.8559
62.2042
62.6106
61.8462
63.1355
62.6047
61.7849
62.5089
62.0432
62.213
62.1772
62.1664
63.3561
62.2985
62.1752
62.1211
61.6677
61.6155
62.2733
62.4183
62.2629
62.1279
62.616
62.1137
62.302
61.9443
62.5248
62.9171
62.5043
61.5329
61.807
61.6221
62.2148
62.5858
61.6469
62.4506
62.7504
61.781
61.8127
62.1841
62.1848
62.362
61.8628
62.5118
62.588
61.8655
61.6621
61.9517
61.8952
62.261
62.4375
61.8757
62.4905
58.7567
58.4018
59.0128
58.7161
59.5082
59.348
59.4643
59.2121
59.1069
58.8254
58.2034
58.5599
59.1922
59.6008
59.2099
59.5356
59.1054
58.6143
58.7417
58.2274
58.9208
59.0461
59.2617
59.5455
58.6501
58.58
58.2856
58.8792
58.6826
59.0909
58.9187
59.7763
58.691
58.5739
58.467
58.8049
59.1639
59.591
59.2793
59.6708
58.742
58.2294
58.5084
58.6401
58.7697
59.1989
59.5566
59.5544
58.8919
58.5467
58.3068
58.6034
59.1348
58.8666
59.2632
59.8145
58.3225
58.8051
58.4348
58.5629
58.9837
58.8775
59.0373
59.4807
63.7907
63.1562
63.2755
63.4651
63.5772
63.8917
63.878
63.7543
63.6096
63.0976
63.148
63.0745
63.3834
63.4847
63.1727
64.0534
63.3931
63.1829
62.9381
63.7345
63.809
63.4361
63.3572
64.3421
63.4813
63.1446
63.4019
63.6021
63.5353
63.731
63.5283
64.497
63.4023
62.9615
62.7729
63.5416
63.5528
64.1984
63.4124
63.8324
63.0381
62.7398
62.8572
63.3702
63.2729
63.5428
63.7653
63.9419
63.2278
62.9617
63.2083
63.369
63.7012
63.3465
63.6289
64.0141
62.967
62.8567
62.8674
63.4013
63.5562
63.4818
63.6561
63.9852
62.0039
62.3053
62.2894
62.4403
62.6089
62.7561
62.9428
62.9794
62.6195
61.8229
62.0318
62.334
62.5611
62.6237
62.7387
63.1509
62.5965
62.095
62.1109
62.3873
62.7134
62.9987
62.3037
62.8427
62.7978
61.9478
62.0219
62.6134
62.1704
62.6378
62.7984
63.1951
62.4446
62.2477
62.3716
62.8583
62.8303
62.9166
62.6833
63.2605
62.5167
62.2062
61.9879
61.9121
62.0892
62.8461
62.7347
62.9531
62.1494
61.8477
62.1638
62.4233
62.4699
62.7021
62.6328
63.1642
62.6202
62.0985
62.201
61.8479
62.5502
62.6937
62.3262
63.0409
65.2202
64.8413
64.3145
64.4024
64.6423
64.4161
64.467
64.4135
65.053
64.7144
64.229
64.4572
64.7364
64.5697
64.8619
64.8917
64.8407
64.8959
64.5451
64.3622
64.5926
64.7496
64.5737
64.844
65.0135
64.5965
64.7341
64.4432
64.7776
64.6928
64.5426
65.013
64.9916
64.7718
64.5608
64.8844
64.5045
64.9135
64.2474
64.7601
65.0778
64.5687
64.4607
64.6275
64.691
64.0554
64.0509
64.8069
64.7505
64.5782
64.1231
64.8038
65.2294
64.5346
64.883
65.0733
64.7787
64.6655
64.8193
64.499
64.7941
64.4485
64.3465
64.9431
63.9282
63.9686
63.5497
63.7556
63.5571
63.5293
63.5705
63.6781
64.045
63.6639
63.5928
63.3828
63.6575
63.3347
63.5333
63.9746
63.9259
63.5363
63.2326
63.7255
63.575
63.5314
63.271
63.9318
63.8803
63.5857
63.335
63.2923
63.254
63.6304
63.301
63.8149
63.7403
63.4405
63.7267
63.5418
64.1782
63.5148
63.8944
63.9067
63.3401
63.2097
63.6657
63.5067
63.6215
63.712
63.5977
63.6701
63.5913
63.4614
63.3877
63.5397
63.9312
63.5215
63.704
63.9077
63.4953
63.199
63.8388
63.0377
63.5819
63.6968
63.6054
63.8104
63.1131
63.3842
62.9243
63.3329
62.9835
63.7692
63.5689
63.9145
63.152
62.296
62.8214
62.8434
62.9179
62.9682
62.9248
63.5838
63.0682
62.6425
63.0022
62.8926
62.8875
63.2228
62.9988
62.9407
63.6555
62.5955
63.1953
63.0892
62.7629
63.159
62.9936
63.4911
62.8977
62.5452
62.6479
63.1116
62.6382
63.0455
63.2729
63.3583
62.8889
62.5063
63.2812
63.0669
63.2905
62.6606
63.0231
63.5743
63.3743
62.8573
62.5337
62.66
62.5444
62.5887
62.9903
63.4779
63.0817
62.8014
63.1637
63.0665
63.2163
63.1857
63.0127
63.1762
62.5097
62.779
62.6629
62.6404
63.3936
63.318
63.2408
63.5348
62.6885
62.4471
62.7792
62.96
62.8005
63.0419
62.8344
63.2872
62.9922
62.6786
62.7402
62.7833
62.6859
62.878
63.2678
63.5218
62.8941
62.5169
62.585
62.7985
62.873
62.9261
63.0195
63.2603
62.5293
62.3581
62.3057
62.9506
62.8148
62.8768
63.1113
63.1271
62.4647
62.1479
62.7433
62.9082
62.6634
62.416
62.7457
63.7873
62.7848
62.0954
62.1543
62.5825
63.3376
62.6182
62.768
63.5336
62.3762
62.106
62.6475
62.6845
62.6437
62.7783
62.8504
63.0655
63.6835
63.671
64.0973
63.9272
64.384
64.7468
64.4687
65.1841
63.4749
63.6974
63.4322
63.9673
63.9967
64.5687
64.589
64.9698
63.5795
63.4052
63.764
63.7
64.1532
64.2794
64.4241
65.3195
63.8227
63.7314
64.1302
63.8589
63.7507
64.2654
64.4586
65.9232
63.5499
63.1705
63.8504
63.6414
63.8434
64.4546
64.6643
65.0771
63.4909
63.3502
63.8584
64.1494
64.7306
64.423
64.9425
65.0185
63.7561
63.5061
63.282
64.0355
64.0027
64.2123
64.5937
65.3943
63.3468
63.6073
64.3352
64.3282
64.5743
65.077
65.3041
65.8707
64.9853
65.4631
66.8741
68.134
69.3295
70.3386
71.8778
72.8707
65.1906
65.7124
66.7109
69.0708
69.6493
70.7506
71.9387
73.2971
65.5066
65.6578
67.7992
69.3091
70.4384
71.0916
72.1163
72.4729
65.6635
65.8307
68.6666
69.7857
70.5813
71.516
72.5012
73.0072
65.9965
67.0707
68.5915
70.2027
71.0371
71.8644
72.6663
73.3365
65.3534
65.6328
67.5438
69.0922
70.2116
70.5918
71.0646
72.72
65.6061
65.3892
66.6358
68.4384
69.8439
70.3551
70.9934
72.4426
65.2759
65.0933
67.4694
68.3945
70.0143
70.8948
70.869
71.6819
61.3607
61.3831
62.5974
62.6784
62.948
62.9367
63.4028
63.3377
61.7932
62.0359
62.4173
62.8712
62.5995
63.2111
63.1757
63.8248
62.0035
62.319
62.8548
62.3076
62.5611
62.6387
63.033
63.823
62.4101
62.2569
62.194
62.4023
62.6378
63.0119
62.969
63.7779
62.0512
62.0402
62.2001
62.6908
62.8213
62.7832
63.4064
63.5552
62.4035
62.0098
62.7183
63.0289
63.2893
62.6568
63.4716
64.0436
62.6017
62.5215
62.4157
62.796
63.2384
63.2446
63.0991
63.7064
62.3099
62.2512
62.6764
62.9264
62.8791
63.4469
63.1374
63.4673
64.2988
64.1678
64.3412
64.235
64.0663
64.0292
64.2961
64.2406
63.7642
63.7428
63.8971
63.941
64.2866
64.3797
63.911
64.985
64.5389
63.9385
64.0005
64.2555
63.9959
63.6637
64.2158
64.2877
63.8794
63.5741
63.4665
63.4283
64.2099
64.1486
64.6352
64.2268
63.9926
63.8965
63.5312
64.1147
63.9882
63.8468
64.4911
64.5852
64.282
63.9195
64.4171
63.9008
64.4235
63.8757
64.484
64.692
64.362
63.8643
63.9576
63.4994
64.104
64.0106
64.1109
64.8045
64.1435
63.8221
63.8118
63.9139
64.0925
63.9031
64.117
64.4287
63.2427
63.2252
63.4827
63.453
63.2264
63.5338
63.3554
63.4351
63.5077
63.243
62.6795
63.1802
62.9697
63.4228
63.507
64.1669
63.3469
63.0516
63.0364
62.9624
63.4826
62.9629
63.0268
63.1174
63.5484
63.0746
63.0376
62.9129
62.8996
62.9343
63.2834
63.3358
63.4196
62.7324
62.7374
62.7801
63.2358
63.2289
63.2168
63.7958
63.1274
62.7092
63.5262
63.4228
63.352
62.8148
63.2684
64.1039
63.3622
62.69
62.5251
63.4565
63.051
63.3615
63.1933
63.8346
62.6311
63.1306
63.0591
62.6505
63.073
63.1732
63.153
63.7586
63.0963
62.8012
62.9648
63.3749
63.1752
63.5854
63.5481
63.6961
63.3532
62.9261
63.1744
63.2209
63.0373
63.3113
63.38
64.0406
63.4
62.812
62.6852
63.2171
62.8535
63.2102
63.579
64.3465
63.2057
62.7264
62.8929
63.5188
62.7203
63.4917
63.7552
64.0732
63.2706
62.9166
62.8904
63.221
63.3897
63.4519
63.6617
63.7697
62.9934
62.9699
62.7339
63.2731
62.9892
62.9627
63.0144
63.7995
63.1828
62.4107
63.0849
63.2824
63.5903
63.392
63.3171
64.0047
62.5379
62.272
62.9602
63.0283
63.7851
63.1047
63.3807
63.838
64.0317
63.5787
64.2248
64.2678
64.4663
64.6695
64.5434
64.9217
64.245
63.6111
63.9166
64.1181
63.9803
64.3932
64.674
64.8525
63.9849
63.89
64.0714
63.7318
63.9346
63.8337
64.4363
64.9494
64.0725
63.4093
63.9705
63.7791
64.0362
64.3724
64.1703
64.8295
64.2252
63.5473
63.6633
64.1486
64.4281
63.9838
64.0053
64.7714
64.0154
63.7685
64.5756
64.0288
64.7568
64.4616
64.1707
65.0736
63.9322
63.2275
63.7523
64.3578
64.369
64.2625
64.2368
64.9858
63.3389
63.6347
63.6377
63.5851
64.1996
64.2278
64.3429
64.9081
64.1006
63.8563
64.1002
64.4587
64.6332
65.8279
67.389
68.4299
63.8363
63.6362
63.9773
64.0064
65.3865
66.3848
67.1463
68.4008
64.2982
63.8393
64.0216
64.7096
64.7501
66.9208
67.16
68.4643
64.1262
63.7983
63.9568
64.8361
64.9038
66.1561
67.6506
68.0069
64.2461
63.5784
64.1089
64.6245
65.8002
66.342
67.4139
67.7056
64.2613
63.7923
64.184
64.1904
65.4569
66.9601
67.3198
68.4753
64.5983
63.4517
64.1456
64.9108
65.5275
66.765
67.3442
68.3035
63.842
63.7568
64.5119
64.287
65.6951
66.6683
67.3171
67.8605
58.7598
59.281
59.8925
60.8444
60.6562
61.915
62.6059
63.0577
59.0877
59.0383
59.9566
60.0468
60.9268
60.9514
62.4068
63.699
59.4295
58.9696
60.0543
60.0816
60.9015
61.8749
62.6143
63.6053
59.4432
59.5881
59.6139
59.8869
61.6806
62.4815
63.6264
64.002
59.2469
59.8405
59.5416
60.6175
61.5294
62.4679
62.9298
63.7183
58.9952
59.4562
59.9888
61.4863
61.4236
62.2357
62.6113
63.4128
59.6451
59.9985
60.1007
61.3183
62.109
62.2427
62.4596
63.478
59.5779
60.8444
61.5042
61.4095
61.131
61.5731
62.5636
62.8255
62.1034
62.1163
62.1008
61.8836
62.3855
62.1334
62.2275
62.2771
61.9803
61.5408
62.1036
61.9436
62.4436
62.2665
62.2098
62.287
62.0823
61.971
61.9374
62.4087
62.0707
62.1022
61.9394
62.4216
62.3971
62.0745
61.8445
62.3922
62.6511
62.1573
62.1829
62.9574
62.4811
61.9663
61.9372
62.1009
62.3426
62.5446
62.2434
62.7162
61.96
62.2314
62.4958
62.4088
62.3245
61.8585
62.3538
62.4291
62.323
61.7987
61.5796
62.2034
62.6691
62.1151
62.3709
62.7634
62.2644
61.6771
62.1783
61.8345
62.2958
62.3051
62.0096
62.5853
63.6877
63.24
63.525
63.3248
63.2437
63.6138
63.4727
64.1113
63.4884
63.1245
62.7907
62.9134
63.1237
63.1324
63.2788
63.6229
63.3303
62.6676
62.9752
62.764
63.0678
63.1403
62.7655
63.4945
63.112
62.9037
62.9496
62.9685
63.3971
63.2907
63.1511
63.6528
63.2166
62.8126
62.5738
63.0798
63.2582
63.3842
63.4856
63.8499
63.0188
62.8478
62.8806
63.1802
63.0536
63.1036
63.1351
63.7447
62.9851
62.6973
62.5518
63.2146
63.1297
63.0766
62.8795
63.5904
62.5623
62.5619
63.2183
62.905
63.1038
63.4966
63.0097
63.0051
59.2903
59.38
59.0891
59.4726
59.5833
59.7846
59.7295
59.8226
59.3575
59.1286
59.0946
59.3414
59.608
59.8243
59.9062
59.8221
59.2616
58.8462
59.107
59.0618
58.9662
59.03
59.7837
59.6298
59.3957
59.367
59.1167
59.1659
59.2573
59.635
59.4316
59.942
59.4435
58.8099
59.1104
59.5907
59.7014
59.2335
59.5518
60.1185
59.1955
59.1277
59.2682
59.6522
59.1263
59.6184
59.5614
60.1263
59.4655
58.6373
59.0927
59.331
59.6078
59.3288
59.3401
59.9064
58.79
58.9147
58.9301
59.3188
59.608
59.4653
59.3383
59.974
64.0277
63.7763
64.3597
64.1187
64.5319
64.5124
64.8202
64.3163
63.8861
63.6284
63.2737
64.0692
64.3155
64.2783
64.7571
65.0927
63.7909
63.6205
63.6627
63.957
64.7339
64.3117
64.534
64.6692
64.0514
63.4062
63.3871
63.8025
64.3282
64.1388
64.2143
64.9102
63.8626
63.2717
63.9183
64.0893
64.3438
63.9919
64.1261
64.6064
63.376
63.4208
63.9946
63.8848
64.0905
63.9867
64.4402
64.903
63.7504
63.1383
63.697
64.2309
63.9363
64.0963
64.3666
65.094
63.2961
63.1361
63.6518
63.7015
64.0145
63.9614
64.3412
64.6878
61.5072
62.3136
61.4175
61.669
61.7577
61.5147
61.9041
61.5594
61.6392
61.2103
61.2581
61.6194
61.1684
61.6403
61.3334
61.7556
61.284
61.1206
61.4494
61.3391
61.108
61.8026
61.8115
61.7139
61.6773
61.5076
61.7187
61.3576
61.3314
62.1444
61.586
62.0314
61.7701
61.2623
61.703
61.777
61.7475
62.1165
62.0859
62.3352
61.5239
61.5574
61.8112
61.8828
61.9337
61.9274
61.9608
62.3533
61.9284
61.0792
61.6909
61.751
61.8376
61.9458
61.814
62.5706
61.5967
61.5306
61.7478
61.6629
61.8036
61.5026
61.6197
62.4846
65.919
65.8249
65.3063
65.0555
64.6284
64.688
64.2458
64.1465
65.8967
65.2827
65.7006
65.0326
64.6449
64.6294
64.0334
64.7684
65.8562
65.0602
65.2953
65.218
65.0235
64.7381
64.2063
64.6903
66.257
65.8003
65.1559
65.7989
65.3287
64.5941
64.5226
64.7225
66.2085
66.0702
65.6975
65.1845
64.9651
64.5377
64.7129
65.2209
66.6143
65.9566
66.4316
66.3284
65.4648
64.9042
64.9206
65.1794
67.0609
65.8022
66.0919
65.9377
66.1309
65.4896
64.8797
64.923
66.5189
66.2314
66.2042
66.0471
65.2577
65.3198
65.0516
65.0147
65.085
64.0578
64.1323
64.2897
63.5973
63.7809
63.149
63.1884
65.2556
64.0498
63.9998
64.1471
63.8223
63.2214
63.0495
63.3913
64.9894
64.3281
63.7665
63.7354
63.9049
63.4041
62.9813
63.2504
64.5874
63.9712
64.1906
63.868
63.96
63.2301
63.1318
63.3385
64.8779
63.8772
64.1563
63.5068
63.608
63.5019
63.5071
63.2328
64.2442
64.2225
63.9171
63.7728
63.2154
63.0786
63.3028
63.4481
65.3937
63.781
63.8742
63.8822
63.6488
63.5073
62.9034
63.2059
64.8101
64.155
63.9068
64.0485
63.363
63.2899
63.3672
63.1487
64.1639
63.2995
63.0056
63.3354
63.374
63.1822
63.0183
62.7048
64.0451
63.5953
63.1392
63.4996
62.8644
62.9937
63.0802
63.1621
63.9047
63.3176
63.0162
62.863
63.2949
62.5582
62.5489
62.8864
63.9126
63.1441
63.2771
63.3102
63.2766
62.7446
62.368
63.1081
64.0462
63.5211
62.8948
63.1415
62.8239
62.3749
62.4106
63.0478
63.5312
63.1448
63.0362
62.9676
62.9866
62.5937
62.5056
62.7301
63.5398
63.087
62.9635
62.7212
62.557
62.5226
62.2989
62.5424
63.0813
63.3669
63.4021
63.4051
62.7001
63.029
62.3798
62.6355
63.1964
63.4459
63.6922
63.3297
63.3571
63.1977
63.082
63.4066
63.9074
63.2338
63.6448
63.3128
63.4044
63.2748
63.1272
63.2986
63.6782
63.9022
63.4303
63.3543
63.5199
63.3522
62.8181
63.2218
63.8592
63.5959
63.4276
63.5039
63.443
62.9751
63.075
63.4335
63.5986
63.3449
63.4069
63.0936
63.1942
63.6961
62.884
63.4134
63.797
63.4062
62.9047
63.4021
63.13
62.8668
62.9195
63.2905
63.6649
63.6658
63.2581
63.0837
63.1415
63.0232
62.9785
63.5473
63.8239
63.4974
63.2779
63.4399
62.6245
62.78
63.2861
63.7351
63.6331
63.103
63.3772
63.503
62.8174
63.2759
63.2406
63.9351
63.5934
63.0438
62.9624
63.4144
63.0862
62.7315
63.2975
64.0564
63.5746
62.8411
63.23
63.8269
63.1234
63.3653
62.9501
63.8961
63.1656
63.4279
63.2075
63.0521
63.0343
62.9801
63.1139
63.5515
63.4986
62.8105
63.2402
62.8358
63.1181
62.9361
63.3224
63.9723
63.3726
62.6781
63.1598
63.1101
62.5971
63.4438
63.7176
64.4358
63.0667
62.9969
62.9961
62.915
63.1442
63.0458
63.2145
64.3009
62.7087
62.806
63.1122
63.0298
63.0515
63.1457
63.3044
64.7441
65.3866
65.6829
67.8003
68.242
69.0074
69.4511
69.671
71.1831
65.6278
65.7008
66.1698
68.6676
68.8603
69.4033
69.7647
71.4424
65.1237
65.3906
66.4258
68.4818
69.4016
69.3126
69.9452
71.6151
65.1825
65.3584
66.9219
68.491
69.2125
69.5809
70.6566
71.7227
65.0348
65.5999
66.8429
68.4305
69.1803
69.1474
70.2524
71.5569
65.4874
65.8336
67.2077
68.6627
69.2604
70.0407
70.5293
71.3253
65.7475
66.4016
67.9901
68.5449
69.6281
70.8132
70.7715
71.7832
65.3629
66.4424
67.5601
68.3165
69.5868
70.7034
70.3943
71.4008
63.7705
63.8236
63.69
63.281
63.1977
63.6822
62.8113
63.4014
63.6076
63.9769
63.3634
64.0303
63.2567
62.9994
62.8692
63.6567
63.7376
63.2563
63.6198
62.748
63.184
62.9695
63.162
63.1383
63.0962
63.766
63.1881
63.2962
63.484
63.1545
63.1624
63.4432
63.5318
62.8111
63.0737
63.206
63.2562
62.9598
63.2754
63.0336
63.1472
62.7976
63.0498
62.6461
63.0433
62.8245
62.7019
63.6023
63.2926
62.6577
62.5646
62.8639
62.9156
62.5855
62.7658
63.0831
62.7063
63.0695
63.2451
63.8579
63.0302
63.0107
63.1879
63.6468
63.0047
63.4326
63.2798
63.0321
62.8254
62.6384
63.1262
63.1288
63.7127
63.2039
63.1135
62.9763
63.0042
62.8482
62.6479
63.3537
64.1612
63.1952
62.5997
62.6429
62.88
62.5485
62.3846
62.6986
63.5955
63.119
62.7717
62.9889
62.9037
62.621
62.3928
62.8725
63.4472
63.045
62.9794
62.6306
62.6018
62.3402
62.7139
62.6836
63.4929
62.9982
62.5006
62.6013
62.41
62.7966
62.5398
62.5189
63.3387
62.7463
62.9723
62.9361
62.9829
62.63
62.1167
62.6142
63.1685
63.426
63.2805
62.7192
62.5996
62.6581
62.3322
62.9656
63.9057
63.1806
62.8988
63.7006
62.8806
63.4746
62.4978
62.8373
63.825
63.41
63.0328
63.0814
63.0147
62.7496
62.555
63.5572
63.8933
63.1335
62.9094
62.836
63.2323
62.6714
62.2273
63.475
63.5278
63.2955
63.3338
63.1059
63.0761
62.9393
62.2383
63.1673
64.0714
63.2285
63.0539
63.374
63.1876
63.2316
62.6774
63.1812
63.3139
63.5724
62.7739
62.9014
63.1036
62.9592
63.124
63.2197
63.788
63.2471
63.2504
63.0873
62.6668
62.5494
62.9061
63.1067
63.3511
63.2237
63.1928
63.0006
62.8584
62.7528
62.4126
63.0093
59.8262
59.8564
59.8502
59.7054
59.3398
59.8846
59.3333
59.7511
60.2551
59.5626
59.6143
59.9207
59.6556
59.4757
59.347
60.0652
60.0704
59.9219
59.3275
59.5287
59.6741
59.6255
58.848
59.5188
59.6024
59.2968
59.1738
59.3782
59.6694
59.3966
59.3691
59.3512
59.8307
60.0622
59.3934
59.1335
59.4473
59.7304
59.2654
59.9004
59.6507
59.409
59.2447
59.6506
59.1848
59.204
59.2739
59.6618
59.6217
59.4006
59.4465
59.4012
59.687
59.4691
59.0692
60.0904
60.0633
59.4793
59.6306
59.505
59.357
59.5388
59.5197
59.8778
64.1567
63.6073
64.0036
64.0021
63.6927
64.3106
63.7013
63.7101
63.8534
63.2479
63.4008
63.8822
63.225
63.4421
62.817
64.2193
63.8174
63.0073
62.9257
63.194
63.4431
63.3293
62.8203
64.1642
63.6466
63.2887
63.2713
63.1333
63.2643
62.8036
62.8478
63.9078
63.3611
63.2071
63.0323
63.1695
63.5405
62.9933
63.1377
63.7736
63.7674
63.1514
63.068
62.8149
63.245
63.09
63.1731
63.994
63.8225
63.3517
63.2728
63.3587
63.5722
62.9601
63.1335
63.5879
63.44
63.1347
62.8477
63.2675
62.9162
63.4134
63.3188
63.3251
65.0909
64.8372
65.2618
66.0948
66.0033
66.5223
66.7392
68.2866
64.8704
63.9103
64.8311
65.535
66.1622
65.9843
66.9717
68.7943
64.864
64.7433
64.5909
65.1871
65.7675
66.0993
67.0547
68.8949
64.7805
64.1651
64.7703
64.4351
65.7656
66.5886
67.3147
68.3789
64.7086
65.0103
64.6102
65.2891
65.7903
66.4094
67.4658
68.7399
64.6839
64.2019
64.4145
65.1472
66.0004
67.2014
67.5447
68.6666
64.696
64.6985
65.4843
65.3331
65.9638
67.2394
67.794
68.6934
63.7255
64.3482
64.5873
65.0327
66.3078
66.5509
67.3327
68.2158
58.2412
58.4357
59.8588
60.2544
59.8421
59.8598
60.4583
60.9473
58.3544
59.0061
59.7294
60.3891
60.7767
60.3111
60.6251
61.963
58.7383
58.4426
58.9729
60.2634
60.4224
60.6812
61.0669
61.6515
58.5849
58.3921
59.4188
60.45
60.3502
61.0632
60.8062
61.2492
58.5454
58.9246
59.4131
60.4595
60.6226
61.1366
61.4848
61.8846
58.7661
59.0311
59.2685
60.2279
61.3355
61.6002
61.7137
62.0628
58.6936
59.376
59.732
60.7448
61.323
61.7829
61.9799
62.0518
58.7142
59.2197
59.534
60.5711
61.4033
61.5455
61.4764
62.3636
63.8352
63.8653
63.9668
63.4731
63.0631
63.6333
62.8929
63.0196
63.6539
63.5121
62.9556
63.6346
63.1901
62.8433
62.6384
63.4496
64.0657
63.5497
62.9414
63.1611
63.1576
62.9628
62.6645
62.9664
63.827
63.2906
63.3378
63.5166
63.6542
63.1901
62.5254
62.8373
63.8214
63.2984
63.5582
63.6188
63.2573
63.1444
63.0201
63.0636
64.3016
63.6752
63.3949
63.621
63.1552
62.9618
62.7271
63.0017
64.4699
63.931
63.4764
63.6727
63.4424
63.1025
62.9961
63.3235
64.1473
63.9939
64.3659
63.7369
63.6793
63.3188
63.279
63.0766
63.6924
63.3247
63.2117
63.3651
62.9217
63.017
62.5794
62.3571
63.7525
62.9617
62.8904
63.2832
63.106
62.6571
62.4152
62.8969
63.5517
63.2897
62.8039
62.884
62.7931
62.7328
62.6825
62.7044
64.089
62.9682
62.7003
63.0393
63.0285
62.9094
62.3786
63.1549
63.4083
63.7153
63.4803
62.6951
62.5483
62.4311
62.5357
63.3266
63.347
62.7641
62.6658
62.9394
62.7052
63.007
62.708
63.0487
63.3727
63.069
62.9937
63.1353
62.4565
62.921
62.434
62.6733
63.4394
63.2851
62.8992
63.1
63.0116
62.8388
62.6189
62.6989
63.4748
63.0966
62.7766
62.9891
62.2766
62.8115
62.5209
62.0553
63.4614
63.1644
62.9598
62.5752
62.205
62.5097
62.3488
62.9964
63.8173
62.7427
62.635
62.7906
62.5507
62.6329
62.2517
62.6088
63.3146
62.6085
62.8888
62.4673
62.4487
62.6294
62.623
63.1141
63.0468
62.9589
62.7046
62.5768
62.4691
62.142
62.0981
62.8312
63.0689
62.3833
62.3933
62.5418
62.6139
62.9939
62.178
62.5641
62.8004
62.4911
62.3691
62.4546
62.1521
62.0595
62.0215
62.6356
62.368
62.7915
62.3185
62.6474
62.328
62.4604
62.2466
62.5791
64.398
63.889
64.0329
64.2432
63.9225
64.0977
63.9511
64.0203
64.1663
63.976
64.2515
64.2102
64.4768
63.5963
63.3221
64.2352
63.7636
63.9847
63.549
63.7623
63.8244
63.7253
63.6526
64.3511
63.8301
63.9146
64.0062
63.9561
64.0996
63.6274
63.6436
64.1489
63.9221
63.8238
63.6845
63.7672
63.8155
63.7771
63.6741
64.3977
63.8669
63.952
63.8924
63.7777
63.6857
63.9248
63.8896
64.1614
64.0419
63.6636
63.7732
63.9327
63.7685
63.6385
63.857
64.0859
63.9178
63.6717
63.8563
64.1384
63.9648
63.379
63.617
64.0976
62.5736
62.3767
62.2062
62.3427
62.1728
62.0842
61.7774
61.9352
63.0726
61.9421
62.4431
62.2541
61.9555
61.66
61.9061
62.1414
62.8623
62.2764
61.9812
61.8798
62.1532
62.1352
62.1846
62.7922
62.3401
62.5166
62.0297
62.0994
62.0528
61.967
61.9287
62.1153
62.6811
62.0362
62.3819
61.9251
61.986
62.2774
62.1399
62.8097
62.5017
61.9708
61.9548
62.2103
61.9285
62.2086
61.9895
62.5211
62.6678
61.7968
62.1154
61.985
62.1759
61.9105
62.1789
62.6657
62.2597
62.5841
62.1715
62.1157
61.6886
61.8965
61.8131
62.7742
66.1488
65.9152
65.3196
64.9468
64.2754
64.4676
64.6936
64.3232
67.2797
66.2541
65.8936
65.5887
65.3348
64.8935
64.9693
65.394
67.1516
66.399
66.4825
65.8772
65.2179
65.6674
65.1364
65.0461
67.2408
66.6834
66.5555
66.6653
65.5241
65.8448
65.4231
65.2466
67.5204
66.8713
66.325
66.5216
65.8944
65.4609
65.4397
65.3217
67.659
66.6718
66.4084
66.1388
65.9915
65.7109
65.5156
65.1727
67.9556
66.8536
66.9338
65.9426
66.0597
65.8675
65.3013
66.1701
67.5088
66.4436
66.93
66.2295
65.92
65.6365
65.5528
65.857
64.6952
64.2765
63.9865
64.0177
63.4085
63.2992
63.0184
62.7864
65.4307
64.8666
64.1489
63.815
63.7786
63.0177
63.147
63.5865
65.5481
64.8142
64.1853
64.5471
63.7655
63.3357
62.9211
63.5544
66.0694
64.9934
65.1819
64.0028
64.0595
63.0589
63.3049
63.0775
66.0855
65.5503
64.989
64.2149
63.9084
63.632
63.1393
63.6038
65.9532
65.9427
65.1164
64.5266
63.9619
63.5467
63.2146
63.4214
66.7799
65.8236
65.4724
64.8356
64.2518
64.0271
63.4952
63.5397
66.2646
65.5675
65.7963
64.856
64.8045
64.2981
63.638
63.5685
64.1283
63.3497
63.3969
63.042
63.0591
62.869
62.698
62.6513
64.6047
64.033
63.4022
63.3237
62.8175
62.4361
62.7797
62.7197
64.327
63.8299
63.8414
63.0744
63.2804
63
62.8764
62.6061
64.7154
63.7905
63.3463
63.6523
62.8845
63.0868
62.6821
63.0656
64.5609
63.544
63.7537
63.5537
63.407
63.1293
62.6345
62.7133
64.1926
63.9718
63.9568
63.6052
63.4048
63.3355
62.9071
63.0212
65.2351
63.8851
63.9017
64.0752
63.1715
63.1835
62.9337
63.2452
64.1941
64.298
64.443
63.5692
63.5439
63.7276
63.0636
63.5776
62.4551
62.2671
62.0741
62.4174
61.9091
62.0732
61.6685
62.5508
62.4844
62.0552
62.0436
62.0289
61.9825
61.916
61.5783
62.6442
62.2424
61.7041
62.001
62.2691
62.1813
61.89
61.9031
62.3366
62.9099
62.2042
62.3656
62.0924
62.165
62.1789
62.3227
62.8204
63.092
63.0309
62.3073
62.024
62.1755
62.5024
62.2873
63.3687
63.073
62.6227
63.1015
62.6491
62.7115
62.3047
62.2012
63.2981
63.0268
62.6738
62.5335
62.7627
62.6317
62.8915
62.4027
62.8799
63.178
62.4913
63.2819
62.9401
62.7102
62.4918
62.5627
62.6637
63.2375
62.8153
63.0614
62.9593
62.6812
63.4894
64.1083
64.7056
63.9669
63.3039
63.384
63.1835
62.983
63.2531
64.1232
65.1167
63.786
63.1733
63.5685
62.98
63.2286
63.3688
64.063
65.6026
63.5216
63.2597
63.355
63.6574
63.5097
64.001
64.6605
66.2128
63.9284
63.0431
63.1218
63.0639
64.0047
64.2067
65.2907
66.818
64.0594
63.2855
63.5684
63.8143
64.2343
64.773
65.3667
66.9652
63.6245
63.2822
63.4098
63.4601
64.3768
64.8928
65.9275
67.3485
63.629
63.7661
63.8191
64.56
64.433
65.0517
65.6127
67.5081
65.5675
65.6319
66.3585
66.9695
68.1209
69.7296
70.3362
70.6621
66.1692
66.1691
66.7235
67.5136
68.1317
69.0523
69.9833
71.1663
66.303
66.6088
66.5918
67.5058
68.5581
69.3909
70.1208
71.5645
67.4997
66.9265
67.4093
67.5952
68.9059
69.5813
70.6812
71.7271
67.9733
67.237
67.4257
67.9644
68.9296
69.0675
69.8304
71.2259
68.4059
67.3462
66.8827
67.9101
68.7569
69.5159
70.6603
71.4961
68.4674
67.0847
67.7942
68.4191
69.0577
69.5974
70.1975
71.9526
68.0631
67.8709
68.7832
69.0432
69.7135
70.1775
71.0637
71.8051
62.1446
62.2078
62.4245
63.0163
62.6438
62.9841
62.5265
62.8741
62.3392
62.1031
62.5288
63.236
62.6544
62.4927
62.5678
62.9188
61.9833
61.6809
62.1393
62.5744
62.6417
62.1811
62.323
62.5632
62.2214
62.0618
62.591
62.6544
62.7864
61.8299
62.4762
62.4896
62.6402
61.7465
62.3291
62.1645
62.6365
61.9038
61.9166
62.1533
62.7153
62.0007
62.2801
62.2466
62.0955
61.9257
61.6326
61.8348
62.3892
62.0854
62.3615
62.529
62.1905
62.1228
62.0128
62.3606
61.9523
62.1959
62.29
62.583
61.803
62.1511
62.1326
61.7862
63.421
62.3836
62.9931
62.8097
62.5543
62.2816
62.4876
62.3913
63.3865
62.3756
62.718
62.7035
62.6119
62.0532
62.4218
62.4976
62.892
62.6792
62.5548
62.6985
62.3131
62.4564
62.6848
62.5162
62.8646
62.265
62.5443
62.3683
62.8214
62.3124
62.1404
62.8374
62.8044
62.3997
62.6835
62.7361
62.8841
62.0481
62.1588
62.5636
62.9825
62.3122
62.6925
62.6631
62.6039
62.5716
62.1156
62.3732
62.678
62.4656
62.4493
62.7235
62.6528
62.4934
62.4987
62.8982
62.8649
62.8426
62.8716
62.7105
62.3017
62.5948
61.854
62.4672
62.7785
62.7045
62.5633
62.3561
62.4022
62.4136
62.0012
62.1338
62.8565
63.2166
62.5021
62.3185
62.5952
62.3107
62.1121
62.3847
62.9845
62.7997
62.7788
62.4774
62.3278
62.0268
61.9841
62.6299
63.2322
63.044
63.0957
62.6525
62.3658
62.1119
62.028
62.3919
64.1058
63.3323
63.1828
62.5401
62.3966
62.2429
61.9171
62.47
63.6355
62.7401
62.6222
62.169
62.7039
62.385
61.9374
62.2591
63.3203
63.3032
62.8819
62.7329
62.9916
62.6198
62.1635
62.7369
62.9087
62.8448
62.9043
62.8474
62.6534
62.3037
62.502
62.2803
59.0904
58.9954
59.0913
59.0904
58.5612
59.0419
59.0158
59.574
59.7664
58.6367
58.8768
59.1063
58.9782
58.973
58.7659
59.5671
59.6243
59.0007
59.1984
58.7941
59.1611
58.9179
59.1655
59.7313
59.2329
58.7118
59.7174
59.3754
59.0723
58.8345
59.0524
59.7259
60.0859
59.1241
59.0465
58.8161
59.349
58.8183
58.6592
59.4482
60.0268
58.9755
59.1982
59.4016
59.4533
59.4558
59.1803
59.4601
59.9435
59.2806
59.0676
59.6343
59.3107
59.109
58.8943
59.8052
59.5984
59.5633
59.3182
59.0258
59.5625
59.3236
58.6785
59.2653
63.6244
63.6228
63.8238
63.1094
62.9064
63.2359
62.6849
63.5608
63.9064
63.0233
62.8934
63.1646
62.8771
62.8963
62.7414
63.3026
63.9543
62.9415
63.5001
63.2457
63.0652
63.3631
63.4983
63.9585
63.5463
62.9701
63.5396
63.4437
63.133
63.3846
63.0031
64.4243
63.7336
63.1348
63.3446
63.2299
62.833
63.3409
63.3643
64.6715
64.1684
63.0644
63.4122
63.3949
63.1824
63.5972
63.566
64.2722
64.025
63.6367
63.2027
63.6582
63.3576
63.4641
63.5298
64.1589
63.8028
63.2593
63.3063
63.0099
63.3597
62.9423
63.1549
63.9366
64.6819
64.4378
64.8107
65.5747
65.4287
66.5237
67.754
69.0993
65.2266
64.7933
64.6407
65.8731
65.1465
67.1423
67.2814
69.6387
65.0757
64.3908
65.2398
65.4337
66.2938
67.2187
67.7451
69.7631
65.1028
64.9175
65.4228
65.8201
65.8493
67.1666
68.3442
69.3319
65.7576
64.8678
65.1271
65.9081
66.603
67.3905
68.288
69.4605
65.8445
64.2856
65.3125
65.6794
66.1596
66.9989
68.1051
69.4289
65.8096
64.604
65.247
66.1747
66.8606
67.4477
68.3767
69.4999
64.3772
64.7885
65.7275
66.086
67.3833
68.1229
68.6735
69.4758
59.7774
59.3649
59.2437
59.8572
60.3289
61.4233
61.3652
62.0322
59.896
59.505
59.4711
59.6178
60.3665
61.5724
61.1768
62.1336
59.621
59.3469
59.3161
59.85
60.3021
60.5488
61.469
61.7669
59.8697
58.7866
59.4679
60.1467
60.1108
60.7803
60.945
61.5122
59.2169
59.499
59.1725
59.3733
59.9486
60.1473
60.3926
61.4856
59.2448
58.7677
59.5145
59.3322
60.0239
59.7645
60.4635
60.9918
58.8872
58.8976
59.4237
59.624
59.5701
59.6875
60.5001
61.4539
59.4809
59.7912
59.0295
59.5351
59.4877
59.942
59.9576
60.7669
62.839
62.85
63.13
62.9115
62.4583
62.1023
62.0599
62.5935
62.9898
62.5749
62.4678
62.592
62.2113
62.3417
62.0047
61.9059
62.9918
62.3597
62.5329
62.1409
62.0738
61.8725
61.7849
61.6856
62.3866
62.0801
62.8046
62.1269
62.0313
61.9128
61.7804
61.9464
62.665
61.9721
61.8852
61.8249
61.9691
61.5689
61.5409
61.9135
62.219
61.7587
61.9686
62.2381
62.3773
61.6516
62.1358
62.3754
62.1292
61.7696
61.6822
62.0867
61.9963
61.9164
61.6997
62.1316
62.1367
62.1165
62.3116
62.0538
61.7108
61.9958
61.4063
62.0643
62.9351
62.7982
62.7381
62.3958
62.1479
62.1465
61.9006
62.3522
63.3642
63.0045
62.4792
62.7083
62.1826
61.777
61.3506
61.9679
63.2941
63.0611
62.6466
62.4792
62.2523
62.0569
61.7433
61.791
63.1137
62.5448
63.3149
63.0256
62.3755
62.4583
61.6982
62.0452
63.3147
63.1492
62.5895
63.0418
62.8338
62.2004
62.1476
62.2959
63.3416
62.5248
62.8373
62.3711
62.3105
62.6672
61.9371
62.4377
63.8122
62.9714
63.184
62.7567
62.9593
62.3135
62.247
62.6526
62.9839
63.4334
63.282
63.0281
62.8241
62.5738
62.1855
62.3229
62.3829
62.2832
61.8026
62.0223
61.6676
62.0232
61.7214
62.3463
62.2628
61.8765
61.8678
61.677
61.7128
62.4816
62.0677
62.0969
62.4104
62.0591
62.2798
62.1555
61.6163
62.1084
61.8073
62.6696
62.2653
62.2914
62.4654
62.2605
61.8255
62.1609
62.332
62.3584
62.2685
62.1845
62.3273
61.8726
61.7477
61.7727
62.0489
62.8406
62.6788
61.991
61.8478
62.4981
61.8157
62.1275
61.7899
62.8684
62.9025
62.3844
62.3221
62.1777
61.9436
62.2619
61.9456
62.2638
62.2701
62.3305
62.6251
61.9184
62.6933
62.1449
62.0107
62.1487
64.0522
63.2933
63.5706
63.5971
63.0277
63.0419
62.8472
63.4339
63.4451
63.251
63.4797
63.5206
63.2514
63.3458
62.9702
64.1192
63.8507
63.4855
63.5929
63.2394
63.3591
63.0825
63.1874
63.4798
64.2293
63.342
63.7275
63.5727
63.3213
63.3257
63.3677
64.0052
63.8377
63.9191
63.6861
63.3472
63.6794
63.1282
63.2355
64.1397
64.2798
63.4029
63.7842
63.2733
63.4619
63.4989
63.1988
63.4054
64.0284
63.6141
63.5528
63.9777
63.8244
63.3065
63.0738
63.5228
63.5687
63.9253
63.6942
63.5167
63.0349
63.3408
63.0653
63.2942
63.2343
63.0455
63.0379
63.2053
62.8852
62.5265
63.0959
63.3421
63.0944
62.8239
62.3208
62.9028
62.661
62.9847
62.6975
63.5239
62.9812
62.6497
63.294
62.7947
62.7551
62.5527
62.6268
63.1459
62.5106
62.5736
62.8766
62.8202
63.0214
62.6976
62.9759
63.5344
62.9976
62.9486
62.7159
62.8614
62.4303
62.6274
62.7629
63.5924
62.9204
62.5313
62.9728
62.4315
62.49
62.1964
62.5467
63.0837
62.717
62.7364
62.7445
62.8691
62.5402
62.5217
62.3376
63.1019
62.6334
62.3272
62.5379
62.2399
62.1905
62.4281
62.6894
62.8578
0
0
0
0
0
0
0
0
0
0
0
0
0
0
0
0
0
0
0
0
0
0
0
0
0
0
0
0
0
0
0
0
0
0
0
0
0
0
0
0
0
0
0
0
0
0
0
0
0
0
0
0
0
0
0
0
0
0
0
0
0
0
0
0
0
0
0
0
0
0
0
0
0
0
0
0
0
0
0
0
0
0
0
0
0
0
0
0
0
0
0
0
0
0
0
0
0
0
0
0
0
0
0
0
0
0
0
0
0
0
0
0
0
0
0
0
0
0
0
0
0
0
0
0
0
0
0
0
0
0
0
0
0
0
0
0
0
0
0
0
0
0
0
0
0
0
0
0
0
0
0
0
0
0
0
0
0
0
0
0
0
0
0
0
0
0
0
0
0
0
0
0
0
0
0
0
0
0
0
0
0
0
0
0
0
0
0
0
0
0
0
0
0
0
0
0
0
0
0
0
0
0
0
0
0
0
0
0
0
0
0
0
0
0
0
0
0
0
0
0
0
0
0
0
0
0
0
0
0
0
0
0
0
0
0
0
0
0
0
0
0
0
0
0
0
0
0
0
0
0
0
0
0
0
0
0
0
0
0
0
0
0
0
0
0
0
0
0
0
0
0
0
0
0
0
0
0
0
0
0
0
0
0
0
0
0
0
0
0
0
0
0
0
0
0
0
0
0
0
0
0
0
0
0
0
0
0
0
0
0
0
0
0
0
0
0
0
0
0
0
0
0
0
0
0
0
0
0
0
0
0
0
0
0
0
0
0
0
0
0
0
0
0
0
0
0
0
0
0
0
0
0
0
0
0
0
0
0
0
0
0
0
0
0
0
0
0
0
0
0
0
0
0
0
0
0
0
0
0
0
0
0
0
0
0
0
0
0
0
0
0
0
0
0
0
0
0
0
0
0
0
0
0
0
0
0
0
0
0
0
0
0
0
0
0
0
0
0
0
0
0
0
0
0
0
0
0
0
0
0
0
0
0
0
0
0
0
0
0
0
0
0
0
0
0
0
0
0
62.3271
62.8881
62.8894
63.1667
63.3405
62.621
62.5259
63.3594
63.6323
63.0917
62.5513
63.1981
62.5563
63.0326
62.6219
62.7302
63.4726
63.1257
62.8458
62.9041
63.0449
62.8985
62.2909
62.6582
63.3122
62.9802
63.088
62.997
62.8045
63.1606
62.6884
63.223
63.8669
63.3739
63.4439
62.7337
63.0022
62.8786
62.4851
63.02
64.2623
63.4356
63.2423
63.1857
63.1756
63.1148
62.5639
63.0266
64.5831
63.3544
63.2591
63.2153
62.7413
62.7886
62.6076
62.9514
64.1422
63.8923
63.5324
62.9903
63.339
63.3936
62.8348
63.2456
62.8575
62.8242
62.8803
62.8358
62.7327
62.301
62.2271
62.4186
63.4617
63.4164
62.8069
62.862
62.716
62.8881
62.5127
63.0372
63.6705
63.1482
62.6499
62.6391
63.0187
62.4459
62.3624
62.7294
63.2046
62.8501
63.0332
62.7127
63.2219
62.6645
62.2558
63.0781
64.1543
63.2658
63.0088
62.6918
62.6439
62.6061
62.6457
62.5491
63.6784
63.3889
62.741
62.9363
62.8229
62.7453
63.0809
62.6889
63.863
63.2533
62.6518
63.2495
62.4366
62.733
62.7939
62.7136
63.5692
63.1294
63.2499
63.4438
63.1699
63.0424
62.4449
62.7324
59.4325
59.483
59.6154
59.2781
59.472
59.1961
59.2131
59.5982
60.0511
59.7124
59.1412
59.2656
59.4614
59.4581
59.5413
59.8882
59.8134
59.5918
59.641
59.169
59.7696
59.0915
59.328
59.7308
59.7366
59.4892
59.2975
59.366
59.3357
59.5829
59.1261
59.8073
60.3913
59.4475
59.6943
59.4397
59.328
59.186
59.2616
59.6724
60.538
60.1234
59.3444
59.3557
59.2444
59.7
59.5547
59.518
60.6497
59.7602
59.6465
59.856
59.163
59.2917
59.1674
59.5211
59.8536
59.7677
59.7043
60.197
59.3602
59.619
59.0257
59.4065
63.4545
63.2973
63.2515
63.3298
63.1977
63.4423
63.643
63.7099
63.989
63.683
62.7752
62.6433
63.2426
63.0531
63.336
64.1202
63.5055
63.082
62.8645
63.2029
63.1767
62.6298
62.8241
64.1907
63.3859
62.694
62.769
62.8028
62.9445
63.3032
63.115
64.5334
64.1334
63.18
63.1674
63.4706
63.3298
63.0646
63.6191
64.6124
63.9235
63.1472
62.7527
62.6393
63.027
63.3604
63.9922
65.6316
63.6621
63.3016
62.7859
63.4224
63.258
63.4684
63.9854
65.387
63.2378
62.9512
63.5232
63.1451
63.5023
63.7845
64.7943
66.072
66.1747
66.2596
66.9823
67.471
68.1658
68.5784
69.7809
69.9861
66.6226
67.0337
67.5106
68.5813
69.375
69.4384
69.3022
70.8792
66.5075
67.5162
68.1635
68.5061
69.1873
70.2859
69.7405
70.5044
66.9121
67.4401
68.2535
68.8585
69.7638
69.8779
70.4591
70.7434
68.1162
67.8854
68.6647
68.8562
69.5738
69.7984
70.1347
71.2662
68.3254
68.1154
68.8268
69.3128
69.5756
69.9831
70.2554
70.7225
69.1752
68.7806
69.3964
69.9402
69.7795
70.2299
70.2804
70.9597
69.0322
68.8427
69.9614
69.2915
69.4966
70.0559
70.087
70.3117
59.8119
59.7722
59.8401
60.2904
60.05
60.1808
60.2323
61.2398
60.3274
60.0196
59.9899
60.2983
59.927
60.3755
60.3269
61.0558
60.5913
60.4043
60.0583
60.139
60.5958
60.0133
60.2791
61.4456
60.3482
60.0097
59.961
60.5787
60.247
60.7124
60.3617
61.2974
60.4479
60.0703
60.49
60.0949
60.4887
60.2086
60.4194
61.2627
60.3862
59.6589
59.8426
60.0655
60.4179
60.5896
60.6583
61.2395
60.1966
59.9404
60.2168
60.3808
60.3383
60.4821
60.5793
61.0504
59.5034
59.119
59.6788
60.1167
60.2916
59.8561
60.0816
60.3806
63.0773
62.7237
62.7182
63.3146
62.998
62.7182
62.4069
62.9876
63.1906
62.8758
62.4084
62.7097
62.8997
62.7168
62.3552
62.7312
63.0607
62.9242
62.4594
62.5311
62.6823
62.1589
62.4178
62.8266
62.8521
62.6217
62.3902
62.5316
62.167
62.64
62.214
62.5327
63.7397
62.9245
62.827
62.5848
62.4622
62.5201
62.0701
62.4861
63.4144
62.1652
62.6622
62.8108
62.1481
62.2363
62.1444
62.994
63.3461
62.6293
62.5087
62.6734
62.1584
62.3958
62.1728
62.6606
63.0672
62.8698
62.7771
62.6325
62.3589
62.6517
62.406
62.8585
63.6729
63.2117
63.2069
63.5656
63.2543
62.8047
62.7798
62.8409
63.8176
63.4149
63.0305
63.2784
63.2999
63.0907
63.0393
63.0852
64.0981
63.6163
63.1069
63.0691
63.0877
63.1718
62.6291
63.0111
63.8401
63.4343
63.1298
63.3695
63.2718
63.01
62.6041
63.0307
64.5165
63.8109
63.4886
63.4031
63.2887
63.0273
62.4226
63.4612
64.4537
63.3767
63.4738
63.1995
63.3252
62.938
63.2464
63.2033
64.5152
63.7074
63.1707
63.6335
63.3091
63.1929
63.0222
63.3363
63.8535
63.7475
63.9427
63.702
63.7506
63.3168
63.5224
63.561
62.3834
62.8819
62.6698
62.4039
62.5996
62.1951
61.8451
62.1765
62.4387
62.6207
62.5654
62.4562
62.279
62.5024
62.4062
62.1276
62.6636
62.7386
62.0067
61.6663
62.3038
61.7784
62.1849
62.9826
62.8217
62.2694
62.2426
62.3493
62.2434
62.353
61.9643
62.5554
63.2858
62.4837
63.5422
62.0091
62.2926
65.6386
62.0273
62.4791
63.0478
62.2026
62.3273
62.3757
62.1826
62.3416
62.3588
62.9287
63.1226
62.3848
62.6315
62.7193
62.3268
63.1147
62.4465
62.5097
62.8913
62.4742
62.9572
62.5301
62.8153
62.6312
62.5827
62.5784
63.6179
63.675
63.4349
63.5611
63.45
63.3146
63.1375
63.2664
63.9828
63.7653
63.124
63.3783
63.2689
63.1928
63.1676
63.3652
63.6287
63.3889
63.4286
62.9696
63.3503
62.952
62.628
63.4192
63.4025
63.691
62.7412
63.3225
63.0774
63.3558
62.9862
63.1007
64.0287
63.1031
63.686
62.9825
63.1525
62.6266
62.5496
63.4655
63.8874
63.0725
63.0361
62.9953
62.7322
63.034
63.173
63.3491
64.3785
63.5656
63.1921
64.0325
62.9567
62.9564
62.8131
63.11
64.1228
63.343
63.7839
63.984
63.3132
63.3562
63.2346
63.1952
62.8316
62.3979
62.1628
62.2638
62.6656
62.0541
62.0115
62.3968
62.4893
62.207
61.4826
61.8104
62.1274
62.15
61.7985
62.5598
62.7338
61.5539
61.6041
62.069
61.6701
61.9735
61.6045
62.5468
62.2936
62.014
61.9682
62.0762
62.0425
62.3278
61.5811
62.0172
63.1913
62.0967
62.3239
61.9177
62.1073
62.0097
61.7171
62.0713
62.6278
62.2478
62.2817
62.1468
61.8558
61.9476
62.1097
62.5823
62.8331
61.6327
61.6897
62.2418
61.6441
61.9422
61.5594
61.653
62.1952
62.0719
61.7727
62.2968
62.3306
62.106
61.7645
61.9003
