0
0
0
0
0
0
0
0
0
0
0
0
0
0
0
0
0
0
0
0
0
0
0
0
0
0
0
0
0
0
0
0
0
0
0
0
0
0
0
0
0
0
0
0
0
0
0
0
0
0
0
0
0
0
0
0
0
0
0
0
0
0
0
0
0
0
0
0
0
0
0
0
0
0
0
0
0
0
0
0
0
0
0
0
0
0
0
0
0
0
0
0
0
0
0
0
0
0
0
0
0
0
0
0
0
0
0
0
0
0
0
0
0
0
0
0
0
0
0
0
0
0
0
0
0
0
0
0
0
0
0
0
0
0
0
0
0
0
0
0
0
0
0
0
0
0
0
0
0
0
0
0
0
0
0
0
0
0
0
0
0
0
0
0
0
0
0
0
0
0
0
0
0
0
0
0
0
0
0
0
0
0
0
0
0
0
0
0
0
0
0
0
0
0
0
0
0
0
0
0
0
0
0
0
0
0
0
0
0
0
0
0
0
0
0
0
0
0
0
0
0
0
0
0
0
0
0
0
0
0
0
0
0
0
0
0
0
0
0
0
0
0
0
0
0
0
0
0
0
0
0
0
0
0
0
0
0
0
0
0
0
0
0
0
0
0
0
0
0
0
0
0
0
0
0
0
0
0
0
0
0
0
0
0
0
0
0
0
0
0
0
0
0
0
0
0
0
0
0
0
0
0
0
0
0
0
0
0
0
0
0
0
0
0
0
0
0
0
0
0
0
0
0
0
0
0
0
0
0
0
0
0
0
0
0
0
0
0
0
0
0
0
0
0
0
0
0
0
0
0
0
0
0
0
0
0
0
0
0
0
0
0
0
0
0
0
0
0
0
0
0
0
0
0
0
0
0
0
0
0
0
0
0
0
0
0
0
0
0
0
0
0
0
0
0
0
0
0
0
0
0
0
0
0
0
0
0
0
0
0
0
0
0
0
0
0
0
0
0
0
0
0
0
0
0
0
0
0
0
0
0
0
0
0
0
0
0
0
0
0
0
0
0
0
0
0
0
0
0
0
0
0
0
0
0
0
0
0
0
0
0
0
0
0
0
0
0
0
0
0
0
0
0
0
0
0
0
0
0
0
0
0
0
0
0
0
0
0
0
0
0
0
0
0
0
0
0
0
0
0
0
0
0
0
0
0
0
0
0
0
0
0
0
0
0
0
0
0
0
0
0
0
0
0
0
0
0
0
0
0
0
0
0
0
0
0
0
0
0
0
0
0
0
0
0
0
0
0
0
0
0
0
0
0
0
0
0
0
0
0
0
0
0
0
0
0
0
0
0
0
0
0
0
0
0
0
0
0
0
0
0
0
0
0
0
0
0
0
0
0
0
0
0
0
0
0
0
0
0
0
0
0
0
0
0
0
0
0
0
0
0
0
0
0
0
0
0
0
0
0
0
0
0
0
0
0
0
0
0
0
0
0
0
0
0
0
0
0
0
0
0
0
0
0
0
0
0
0
0
0
0
0
0
0
0
0
0
0
0
0
0
0
0
0
0
0
0
0
0
0
0
0
0
0
0
0
0
0
0
0
0
0
0
0
0
0
0
0
0
0
0
0
0
0
0
0
0
0
0
0
0
0
0
0
0.841845
0.672873
1.14984
1.11745
1.29526
1.77213
1.90239
1.75744
-0.0557811
0.584936
0.863202
0.975388
1.65877
0.689768
1.67216
1.92395
0.535384
1.12194
0.711781
1.0167
0.953263
0.905065
1.59012
1.99876
0.497901
1.052
0.568682
1.60931
1.08858
1.38985
1.41856
2.01482
0.614423
0.143655
1.03291
0.462857
0.877822
0.735459
0.831215
1.02047
0.407699
0.180856
0.365716
0.459613
0.521123
0.36805
0.749561
1.43309
0.520629
0.134082
0.435386
0.200227
0.843178
0.476355
1.43686
1.04587
0.21803
0.536788
0.268748
0.749786
1.1148
0.797287
0.6213
1.10684
-0.000259656
-0.400706
-0.0128052
0.022061
0.231674
0.57511
0.654099
0.476514
-0.460894
-0.127675
-0.206962
-0.0951039
0.193031
0.320946
0.410678
0.902215
-1.12916
0.456521
-0.0910605
-0.0427825
0.425985
0.439186
0.878779
0.847174
-0.418843
-0.10626
-0.299184
0.206474
0.19901
0.73849
0.65639
0.932676
-0.409723
-0.416734
0.26918
-0.127624
-0.230739
0.364531
0.174634
0.30974
-0.798834
-0.626846
-0.430432
-0.336317
0.212163
0.0324377
0.366476
0.590079
-0.70985
-0.510233
-0.288888
-0.206219
0.0690061
0.0243009
0.939302
0.40168
-0.52673
0.200017
-0.493351
-0.406683
0.0595339
-0.254181
0.110032
0.576684
0.756689
0.752367
1.10189
1.09934
1.03316
1.51352
1.81392
2.07156
0.305503
0.702916
0.527089
1.29369
1.40516
1.20305
1.68236
1.84459
1.02104
0.983646
0.633288
0.955089
1.10182
1.55506
1.349
1.9054
0.416537
0.736318
0.543939
1.00736
1.58408
1.9085
1.80274
2.66734
0.406889
0.142051
0.878737
0.562753
0.513322
0.60637
0.893634
1.18284
0.633993
0.755121
0.245696
1.05838
1.05592
0.653985
1.35667
1.43682
0.384062
1.05062
1.00607
0.665558
0.892213
0.30633
1.93852
1.70244
0.352788
0.101999
0.179008
1.0726
0.983791
0.670894
1.07576
1.49966
0.0982812
0.0666532
0.496349
0.374674
0.869056
0.932202
1.19229
0.956872
-0.305495
-0.337474
0.226553
0.299184
0.844813
0.578448
0.96043
1.09975
0.275383
0.273244
0.15377
0.371966
0.558458
0.0550858
1.07076
1.56571
0.0470615
0.00465993
-0.498709
-0.112677
0.823292
0.789326
0.863271
1.48582
-0.0738494
-0.262327
0.336035
0.133961
-0.547933
0.319551
0.477506
0.672106
0.0467266
-0.0211299
-0.142604
0.178103
0.322792
-0.0050399
0.586588
0.656832
-0.162493
-0.168436
0.292271
0.0556638
-0.0022814
-0.0149997
0.56141
0.449131
-0.402142
-0.367549
-0.504771
-0.526725
0.126227
-0.0818862
-0.120808
0.90827
0.986005
0.812492
1.52768
1.29923
1.40126
3.07423
1.7293
1.6987
0.381593
0.636846
0.92778
0.870471
1.00512
1.2407
1.40702
1.67565
0.878464
1.19319
1.07545
0.835795
0.993558
1.16243
1.74754
1.71516
0.383439
1.03129
0.590778
0.977512
1.12105
1.44044
1.21386
1.83697
0.526127
0.240056
0.891861
0.844249
0.742976
1.33762
1.32819
0.917552
0.509819
0.131201
0.49462
0.843798
1.15955
0.915624
1.54176
1.48976
0.243808
0.576765
0.966297
1.16602
1.27741
0.664649
1.62055
1.41668
0.540357
0.0870178
0.344973
1.10624
1.18559
0.803756
1.17371
1.3641
-0.111097
0.348467
0.960156
0.64241
1.35413
1.35148
1.5591
1.4722
0.15863
0.479779
0.581351
0.636782
1.51622
1.30013
1.27462
1.48842
0.634813
0.730509
0.587504
1.08006
1.20778
0.874334
0.981987
1.98725
0.429501
0.881324
0.00358056
0.952279
0.742971
0.999756
1.89579
2.01869
0.475913
0.115034
0.353067
0.56705
0.556299
0.792465
0.393856
0.792341
0.0491907
0.199823
0.0554185
0.197377
0.51739
0.922511
0.821342
1.04021
0.314567
0.0852229
0.731688
0.36986
0.321904
0.803323
1.02444
1.00354
-0.152685
-0.0672051
0.234554
0.515433
0.401881
0.303138
0.503026
0.817277
0.707801
0.802895
0.719893
1.00457
1.48478
1.40158
1.64557
2.29021
0.956829
1.01379
1.35698
1.03221
1.48204
1.39255
1.65814
1.59283
0.777565
1.18306
0.864273
1.00931
1.29293
1.56127
1.46639
1.72178
1.28278
0.829559
0.649826
1.41367
1.02904
1.34384
2.13681
2.60992
0.709289
0.712435
1.41176
1.10978
1.07922
1.29438
1.13081
1.32614
0.545541
0.777578
0.415213
0.816223
0.643321
1.21614
1.56355
1.39438
0.737705
0.482627
0.385728
0.739833
1.42206
1.1202
1.62067
1.41796
0.417908
0.540099
0.562795
0.362369
0.838682
1.48798
0.82686
1.256
-0.230031
-0.0510218
0.596355
0.91979
0.724062
0.886181
0.740467
-0.0516516
1.25086
-0.0133187
0.0963991
0.270912
0.760229
0.420539
0.615303
0.413192
1.38839
1.05242
1.08152
0.141707
0.362108
0.452243
0.419233
0.458447
0.127114
0.96482
0.389271
0.333597
0.0947765
0.800627
0.482485
0.819921
0.337854
-0.189498
-0.0581783
0.577394
1.04238
1.26524
0.585817
0.591513
-0.059526
-0.324402
0.0880629
0.263632
0.585551
0.849785
0.320226
0.585437
-0.0549755
-0.49778
-0.0893086
0.225618
0.563905
0.804736
0.359956
1.22731
-0.424402
-0.196578
0.0763029
-0.497541
0.30965
0.663386
0.661898
0.762456
0.336243
0.171257
0.486482
0.332685
0.804345
0.655087
1.10749
0.339092
0.194863
0.253966
-0.166275
0.111168
0.648064
0.53965
0.777695
0.727709
0.140262
-0.296359
0.52992
0.187904
0.45765
0.817281
0.356755
1.00567
0.447698
-0.151999
-0.0806538
0.292251
0.224181
0.300065
0.508352
1.1537
0.310701
-0.135857
0.272004
0.555482
0.728718
0.69436
0.104754
0.3041
0.103791
0.29884
0.131449
0.370735
0.0400715
0.398122
0.358694
0.40838
-0.337277
-0.182609
0.0050467
-0.10172
0.419956
0.594984
-0.0706413
0.602334
0.15874
-0.513868
-0.309916
-0.215668
0.184311
0.422146
0.562932
0.283718
-0.0925317
0.145096
0.123093
0.740961
0.609388
0.658892
0.457184
0.0995225
0.145476
-0.325335
-0.214995
0.248325
0.458918
0.343047
0.673272
0.32223
-0.247277
-0.531381
0.146352
-0.0424647
0.245974
0.312524
0.265732
0.931897
-0.00791182
-0.256043
-0.186148
0.22785
-0.108882
0.727756
0.281256
0.664681
-0.281968
-0.33443
0.104059
-0.280454
0.474202
0.439407
0.635754
0.169688
-0.104026
-0.464196
-0.583305
0.25805
0.0389405
0.510627
-0.214803
0.315722
-0.609821
-0.576859
-0.378614
-0.346316
-0.0571471
0.112895
0.216279
0.291235
-0.374656
-0.681518
-0.616638
-0.23966
-0.170267
-0.0845281
-0.258535
0.0290863
-0.554177
-0.701799
-0.186159
0.388004
0.135577
0.685053
0.401615
0.319864
-0.545069
-0.140346
-0.595881
0.149593
0.480054
0.474896
0.151203
0.548484
0.0800013
-0.336067
-0.120641
0.165554
0.163957
0.448409
0.504529
1.01576
-0.041951
-0.155672
-0.47976
-0.0333229
0.0623176
0.583438
0.387727
0.683806
-0.347755
-0.381479
-0.185381
-0.18783
0.368461
0.550198
0.575959
1.31708
-0.529734
-0.451565
-0.4909
-0.439082
-0.253917
0.428712
0.401977
0.65043
-0.642409
-0.885766
-0.7271
-0.710537
-0.0703547
-0.190571
0.106791
0.625333
-0.59743
-0.833583
-0.725173
-0.636543
-0.310718
0.369777
-0.287244
0.131288
1.08656
0.449679
0.942136
1.0113
1.42624
1.86834
1.8611
1.63583
0.671575
0.326253
1.19027
0.862312
1.5257
1.4788
1.60813
1.84922
0.621268
0.604811
0.842223
0.924839
1.23058
1.43518
1.32912
1.65755
0.484211
0.685911
0.671233
0.649137
0.647143
1.46174
1.47545
1.95209
0.591228
0.0897269
0.706274
0.952316
1.1004
1.56387
1.47163
1.74124
0.183862
0.438838
0.0956959
0.823297
1.09808
1.35284
1.38027
2.08602
0.024075
0.193801
0.45357
0.573756
1.24542
0.942797
1.48033
1.82377
0.168951
-0.00118478
0.202547
0.124438
1.02707
1.17012
1.53577
1.72036
0.256465
0.178231
0.430477
1.09487
0.852115
1.05505
3.0892
3.50028
0.565303
0.0556575
0.879556
0.831442
0.982917
0.844375
2.54794
2.86762
0.195371
0.0187896
0.441243
0.835526
2.54895
2.75671
3.06051
3.47604
-0.0232117
0.0775621
0.533294
1.16427
1.15333
3.19046
2.92307
3.53659
-0.061596
-0.0247962
0.603526
0.368284
1.12794
2.88983
2.83559
2.74481
0.224574
0.410683
0.166253
0.659489
0.729532
0.767898
1.7428
1.1411
-0.0637012
-0.189588
0.529069
-0.0594342
0.903146
0.628539
0.881993
1.8322
-0.429564
-0.254265
0.207474
0.126694
0.192453
0.853836
0.578394
0.935834
1.139
1.27711
0.90239
1.43295
1.45009
1.59622
1.96982
1.61718
0.80352
0.645346
1.11607
1.46585
1.08895
1.30302
1.97346
1.58743
0.564535
0.806518
1.1274
1.03982
1.38172
1.6998
1.07497
1.77792
1.08296
0.781064
0.491231
1.39502
1.38924
1.36408
1.41377
1.87552
0.916412
0.790589
0.909498
0.929397
1.47673
1.44928
1.68671
1.8458
0.755101
0.550075
1.54074
0.847984
1.14235
1.76669
1.57425
1.63616
0.606067
0.550362
0.513954
0.846867
0.944269
1.17112
1.37255
1.62459
0.795891
0.391444
0.878737
0.714568
1.02545
1.35058
1.20853
1.67243
0.97813
0.618766
0.348232
0.996405
1.23625
1.51147
1.18246
1.07544
0.812688
0.452347
0.752439
0.778315
1.16095
0.935081
0.944688
1.38565
0.538223
0.481917
0.788093
0.700034
0.991783
0.963649
1.17947
1.39751
0.6648
0.467855
0.611123
0.823309
0.860301
1.23442
0.817285
1.15783
0.81537
0.610402
0.916191
1.07575
1.03169
1.7187
0.977347
1.2913
0.504637
0.431446
0.606124
0.826117
0.742701
1.19446
0.928099
1.60808
0.353648
-0.00793982
0.550088
0.169903
0.531358
0.784473
0.778677
1.03059
0.606169
0.332247
0.594179
0.362613
0.663156
1.02712
1.4834
0.671956
-0.189795
-0.0635843
-0.119923
0.638237
0.528736
0.862464
0.603846
0.571418
0.0744066
-0.145235
-0.144456
0.092137
0.333464
0.523537
0.365769
0.9898
-0.0569756
-0.162182
0.100976
-0.208297
0.584947
0.518342
0.448456
1.27069
-0.0814346
-0.207597
0.125319
-0.0261366
-0.14372
0.364552
0.450049
1.08295
-0.352629
-0.477209
0.0443185
0.103911
0.352001
0.0539515
0.430096
0.468498
-0.149575
-0.360205
-0.436769
0.0157983
0.216801
0.165712
0.0589895
0.314526
-0.441558
-0.627985
-0.270892
0.0409266
-0.114772
0.305046
0.168523
0.535597
0.0790757
-0.681053
-0.281444
-0.555821
0.000811581
-0.116952
0.372481
0.254401
-0.683045
-0.569059
-0.325054
-0.315751
-0.3323
0.00595858
0.0984323
0.013276
-0.933172
-0.57636
-0.357676
-0.178341
-0.265019
-0.0332967
0.0794719
0.115665
-0.457275
-0.672803
-0.382138
-0.400236
-0.0935238
-0.275376
-0.35358
0.300528
-0.757662
-0.934056
-0.923327
-0.723714
-0.605167
0.0504364
-0.40782
0.45182
-0.721601
-0.814975
-0.976322
-0.473465
-0.454701
0.266938
-0.219322
0.0859617
-0.74738
-1.14194
-0.909031
-0.433298
-0.269074
-0.091663
-0.299908
-0.372194
-1.43993
-1.08627
-1.03855
-1.17576
-0.742967
-0.573372
-0.309987
-0.155499
-1.09785
-1.49986
-1.24031
-1.02328
-0.726724
-0.107455
-0.509357
-0.247149
-0.426616
0.116743
0.46723
0.338907
0.174352
0.744759
0.350906
-0.019153
0.156019
-0.301524
-0.432776
-0.236025
-0.0736737
0.216495
0.149003
0.284067
-0.62511
-0.289686
0.0533003
-0.081907
0.128421
0.413568
-0.266728
0.185806
-0.0877633
-0.311776
0.127852
-0.245265
-0.0187894
0.292023
0.0200683
0.613998
-0.131196
-0.553581
-0.0381029
0.0355938
0.131503
0.575394
0.621169
0.352707
-0.679301
-0.359347
-0.137785
-0.304921
-0.202924
0.195652
-0.170923
0.86763
-0.591201
-0.792108
-0.646744
-0.685915
-0.085644
-0.142358
0.307774
0.293834
-0.426172
-0.42125
-0.806731
-0.55489
-0.00679125
0.583022
0.292555
0.376939
-0.639104
-0.129056
-0.233629
-0.0819405
0.285889
0.544825
0.134719
0.267724
-0.181107
-0.490179
-0.123453
-0.222319
0.496588
0.0366904
0.421705
0.280271
-0.432859
-0.515137
-0.0359737
-0.371751
0.0437703
0.0307961
0.335675
0.451402
-0.288201
-0.309767
-0.578218
0.0138811
0.280368
-0.183428
0.493617
0.583114
-0.464311
-0.604552
-0.162239
0.103119
0.33596
-0.0150829
0.185958
0.703054
-0.571416
-0.221048
-0.274917
-0.187236
-0.0265453
0.0308783
0.203558
0.737473
-0.687268
-0.777665
-0.81272
-0.249331
-0.269581
0.0267282
-0.251383
0.709579
-0.668012
-0.438206
-0.679024
-0.36888
-0.337718
-0.0046966
0.277388
0.247949
-1.56658
-1.15065
-1.05777
-0.922408
-1.07651
-0.73599
-0.614847
-0.648081
-1.56085
-1.6019
-1.39859
-0.775476
-0.769088
-0.857018
-0.369883
-0.292702
-1.80144
-1.40843
-1.43148
-0.832551
-0.758992
-0.42965
-0.770263
-0.191142
-0.962225
-1.43102
-0.951347
-0.70405
-0.862303
-0.492599
-0.891891
-0.299032
-1.3679
-1.54357
-1.33039
-1.37971
-1.12682
-1.03148
-1.00489
-1.1754
-1.61808
-1.50017
-1.25141
-1.36366
-1.03253
-1.00926
-0.334986
-0.677969
-1.2943
-2.34507
-1.627
-1.53562
-1.13878
-1.01029
-0.900223
-0.27145
-1.33155
-1.83671
-1.61278
-1.33084
-1.21474
-0.997256
-1.22203
-0.767407
-0.217078
0.386673
0.238178
0.517065
0.599928
0.935127
0.25282
0.954869
-0.00109346
-0.197407
0.532938
0.0510977
0.261286
0.745526
0.432278
0.781091
-0.505696
-0.221351
0.820106
0.397421
0.217944
0.909436
0.797773
1.35294
0.324068
0.362059
0.609458
0.810545
0.363489
1.01438
1.20492
0.97399
0.448968
0.0996405
0.386773
0.428908
0.708159
0.701854
0.874215
0.99456
-0.176614
-0.101268
0.265947
0.270216
0.311064
0.536968
0.319493
0.533155
-0.398348
-0.081509
0.00700079
-0.407308
0.038828
0.205036
0.449725
0.495067
-0.251253
-0.467754
-0.325991
-0.266961
0.0855414
0.0754382
0.40392
0.57432
-1.5301
-1.38625
-1.38221
-0.622846
-0.933184
-0.386314
-0.679996
-1.20172
-1.59125
-1.34076
-1.39875
-0.876391
-1.20128
-1.10358
-1.31842
-0.717537
-1.47346
-1.52822
-1.63864
-1.54308
-1.2217
-1.34272
-1.13585
-0.0197521
-1.60115
-1.41375
-1.23409
-0.960098
-1.61242
-1.22058
-1.13663
-1.02601
-1.37621
-1.39533
-1.16944
-1.45396
-0.448097
-0.605346
-0.686182
-0.715248
-1.60021
-1.33937
-1.58972
-1.31509
-1.08071
-0.869465
-0.945342
-0.720858
-1.02038
-2.11617
-1.70578
-1.7232
-1.11726
-1.26326
-0.56819
-0.212016
-1.86099
-1.53781
-1.94834
-1.75691
-0.90949
-1.48764
-1.61484
-0.713226
-1.53292
-1.3679
-1.22574
-0.797764
-0.618997
-0.415684
-0.590908
-0.637116
-1.66301
-1.33991
-1.56717
-1.45645
-1.08641
-0.561923
-0.816031
-0.55748
-1.48116
-1.7583
-1.06913
-1.49932
-1.35272
-0.594989
-1.03808
-0.368754
-1.63487
-1.18412
-1.75058
-0.932031
-1.2983
-0.785023
-1.18063
-0.47417
-1.74755
-1.59263
-1.56369
-1.3278
-0.663831
-0.30077
-0.863779
-0.636607
-1.93674
-1.87756
-1.54485
-1.44843
-1.1446
-0.906029
-0.682705
-0.628007
-2.0659
-1.99591
-2.11148
-1.65408
-1.41163
-1.03549
-1.07999
-0.834878
-2.23196
-1.86635
-1.68275
-1.82525
-1.14219
-1.28154
-0.976737
-0.546142
-0.123668
-0.299953
0.0122753
0.578624
0.449496
0.969854
0.554155
0.367585
0.137994
-0.11157
0.242794
0.180745
0.10215
0.54684
0.504638
0.251441
-0.375957
-0.3833
-0.237803
0.143117
0.399776
0.42556
0.284156
0.879107
-0.191706
-0.0557594
-0.0394679
0.531666
0.350941
0.50722
0.498233
1.34149
-0.305279
-0.517614
0.0429044
0.255307
0.26304
0.786455
0.535822
0.413064
-0.396191
-0.38611
-0.0349183
0.165943
0.388482
0.428854
0.370813
0.907355
-0.598224
-0.530498
-0.467966
-0.206083
0.209806
-0.0228545
0.271902
0.687088
-0.507765
-0.759002
-0.459385
-0.261419
-0.20382
0.144823
0.124819
0.213975
0.103077
0.0253221
0.511416
0.845365
0.898156
0.888282
1.37446
0.766897
-0.138986
-0.147401
0.028693
0.187544
0.604523
0.885808
1.14466
0.813549
0.445831
0.0921771
0.725948
0.696096
0.791161
0.557895
0.834988
0.951121
0.266178
-0.214883
-0.00244214
0.596191
0.147499
0.849247
0.855222
1.22832
0.0349252
-0.174465
0.339665
0.967505
0.77112
1.00213
0.700825
0.699962
0.315738
0.0101898
-0.0748785
0.603375
0.555741
0.557846
0.729903
0.766049
0.389268
-0.409902
0.269974
0.163793
0.724561
1.04595
1.28059
0.78767
0.107324
0.45741
0.258561
0.451235
0.51463
0.771405
0.304359
0.218939
0.684625
0.934391
1.01574
1.32601
1.41035
1.48901
1.44111
1.33788
0.773261
1.07835
1.08649
1.04813
1.52872
1.18795
1.56357
1.14891
1.15426
0.961196
1.16161
1.08227
1.35548
0.84268
1.31361
1.36469
0.329052
0.542489
0.880171
1.21892
1.3549
1.68919
1.09291
1.52835
0.998166
1.57787
1.24881
1.48873
1.70521
1.91569
1.64846
1.92113
1.03215
1.62788
1.56071
1.75303
1.87247
1.6053
1.7812
2.18685
0.784681
1.1151
1.19859
1.31959
2.01883
1.39922
1.96232
2.42334
1.28487
1.00406
1.49143
1.23207
2.02472
1.39306
1.65405
2.34141
0.00235148
0.319505
-0.14806
0.348691
0.397096
0.165587
-0.0154192
0.139808
-0.0880291
0.0927007
-0.133949
-0.139568
0.499722
0.0935128
-0.100681
0.458938
-0.0841707
0.11438
-0.0925222
-0.060248
-0.137155
0.0239656
0.0826817
0.200217
0.208272
-0.130557
-0.199217
-0.0186721
0.448724
0.354961
0.361386
0.227922
-0.291788
0.125209
0.192476
0.673279
0.781176
0.31883
0.925462
0.841653
-0.414738
0.153538
0.26377
0.7807
0.655523
0.123041
0.252892
0.747087
0.0856554
-0.290143
0.123523
0.508611
0.54842
0.48136
0.358005
1.23493
0.272779
-0.12553
0.413527
-0.0695655
0.524206
0.389123
0.392586
0.670678
-0.202078
-0.268028
-0.476798
-0.135504
0.173455
0.461503
0.390561
-0.0436762
-0.579312
-0.591193
-0.504582
-0.516477
-0.171013
-0.0878229
-0.198394
0.0755257
-0.598692
-0.456195
-0.570684
-0.677898
-0.240297
-0.120203
-0.16837
-0.337508
-0.00431936
-0.303054
-0.0551529
-0.341654
-0.439799
0.0568238
-0.215917
-0.161886
-0.759621
-0.502026
-0.460821
-0.0224007
-0.2441
0.0359772
0.396774
0.463484
-0.811754
-0.408659
-0.00525831
0.000902337
0.308138
-0.211954
0.000327916
0.376447
-0.267459
-0.745782
-0.657184
0.070785
0.19737
-0.139422
0.170452
0.253923
-0.612702
-0.888852
0.109822
-0.342971
0.532326
0.00863656
-0.103424
0.339164
-0.427625
0.0432176
0.17666
-0.0587638
0.497531
0.398513
0.51976
0.561899
-0.490196
-0.625781
-0.288001
0.147213
0.139055
0.114817
0.0467425
0.266597
-0.575596
-0.372645
0.165203
-0.127762
0.0369961
-0.379055
0.161723
0.15325
-0.40627
-0.649875
-0.538584
-0.562316
-0.091987
0.28748
0.045536
0.450383
-0.613045
-0.619098
-0.162751
0.0658786
0.110432
0.152356
0.832548
0.516375
-0.51691
-0.999266
-0.298579
0.536584
-0.0579204
-0.254884
0.185439
1.0469
-0.496237
-0.759078
-0.592801
-0.298832
0.299583
0.153921
0.549316
0.866992
-0.623474
-0.999021
0.0559768
-0.435726
-0.119334
0.0604982
0.272851
0.666954
0.627657
0.486245
1.07468
1.13484
1.57015
1.55504
1.89298
1.37486
0.433716
0.447964
0.65492
0.693245
1.09728
1.06407
1.33173
1.81778
0.361777
0.837539
0.375016
0.990544
1.01092
1.41333
1.03689
1.36863
0.58648
0.864634
1.07976
0.943985
0.934563
1.24834
1.58276
1.94223
0.297397
0.423996
0.994826
1.06416
1.12108
1.90743
2.08683
2.08892
0.197322
0.49096
1.1329
1.58141
1.58989
1.45717
1.84392
2.13562
0.554388
0.455691
0.598174
1.321
1.50507
1.23183
1.83903
2.48332
0.669048
0.526842
1.00781
0.928792
1.40614
1.67776
1.95929
2.24505
1.05584
0.633482
1.06377
1.15557
1.50984
1.86463
1.95048
1.60097
0.813351
1.05735
0.890553
1.0462
1.7321
1.43629
1.94242
1.97316
0.984161
1.33722
1.00134
1.71668
1.4255
1.36058
1.49639
1.50743
0.885201
0.725664
0.74094
1.23606
1.24422
1.90877
2.13309
3.84629
0.686855
0.84018
1.10681
1.61392
1.89429
1.49336
2.67786
2.14978
0.846079
0.934879
1.36164
2.24516
1.96691
1.31041
1.96736
2.50576
1.21861
1.07701
0.958407
1.43996
1.95904
2.21693
2.02906
2.54537
0.908555
0.991849
1.75785
1.1745
1.87992
1.55111
2.38113
2.37781
-0.337284
-0.102272
-0.0180442
-0.00199643
0.42832
0.372895
0.288888
0.230578
0.160991
-0.226991
-0.0669959
0.0523766
0.299966
-0.113064
0.214146
0.715488
-0.297722
-0.354312
-0.31256
-0.0742809
0.0408426
0.0904431
0.396273
0.680147
-0.290416
-0.434332
-0.421952
-0.0447596
-0.221885
-0.0223501
-0.24582
0.499707
-0.0631425
-0.190519
0.175582
0.422965
0.591686
0.782681
1.01511
0.881085
-0.346287
-0.305314
0.463533
0.822677
0.88281
0.0812614
1.19595
1.08121
-0.527153
0.256565
-0.125012
0.401524
0.774642
0.494646
0.837877
1.32641
-0.158864
-0.278818
0.384312
0.342667
0.298321
0.605196
0.630745
1.11101
1.20192
0.992675
1.14435
1.22812
1.73056
1.9244
1.56101
1.47374
0.644193
0.944832
0.969865
1.04052
1.7125
1.5608
1.33428
1.50902
1.80569
1.13447
0.796723
1.04834
0.988249
0.907941
1.63587
1.41704
0.922985
0.754122
0.953088
0.876018
1.61643
1.33125
1.40275
1.80067
1.08655
1.24712
1.23344
1.66436
1.61297
1.20812
1.93203
1.80922
1.03277
1.24906
1.95318
1.60099
1.53575
1.44049
1.95691
1.90499
1.34695
0.566999
1.23386
0.724737
1.66539
1.95441
1.81509
1.95424
1.22688
0.945388
1.92093
1.04387
1.36964
1.09652
2.2208
1.98906
0.142136
0.0477452
0.0525888
-0.221218
0.242809
0.446851
0.286819
0.306639
-0.290246
0.0890214
-0.498633
-0.118423
-0.0436298
-0.131415
0.137593
0.437294
0.0487825
-0.0761988
0.135679
-0.0112218
0.149086
-0.0801473
0.207202
0.148406
0.423952
0.254268
0.00621423
-0.334464
0.0370726
0.178771
0.399636
0.356272
0.0875983
-0.5396
-0.0627062
0.360281
0.335929
0.33826
0.6184
0.769131
0.28163
-0.0311394
0.43842
0.421394
0.501015
-0.311476
0.404391
0.959786
-0.00307501
-0.444343
-0.628736
0.175516
0.407456
0.526764
0.845867
1.10866
-0.136171
0.142571
0.29814
-0.0359425
0.612599
0.278854
0.439959
0.825877
-0.159653
0.0592615
-0.347956
0.241353
0.240118
0.499674
0.542259
0.639684
-0.354501
-0.383305
-0.27743
-0.123951
0.0105225
0.0807474
0.500271
0.922934
-0.295928
-0.434706
-0.411121
-0.196844
0.0921863
0.170551
0.487106
0.878715
0.0713301
-0.281256
0.178874
-0.0152189
0.203417
0.671676
0.567395
0.996182
-0.356121
-0.0242947
0.153596
0.208711
0.606182
0.325123
1.285
0.769342
-0.439262
-0.460347
-0.116884
0.552932
0.208618
-0.0304539
0.489982
0.90142
-0.3838
-0.765157
-0.232486
0.131547
0.488189
0.458749
0.329063
0.819682
-0.48858
-0.554354
0.0791588
0.126982
0.333703
0.175733
0.198848
1.03489
0.0977601
0.0478701
0.015625
-0.123797
0.286256
0.587219
0.431485
0.225315
0.0669836
-0.345686
-0.44783
-0.472519
-0.165632
0.151339
0.197718
0.398559
-0.339346
0.0975009
-0.171032
-0.115112
0.0366378
-0.188972
-0.0173381
0.394811
-0.412335
-0.328009
0.0941172
-0.454172
0.329444
0.470894
0.364148
0.484386
0.11135
-0.0747786
-0.336487
0.410109
0.789081
0.746828
0.565273
1.07199
-0.435048
-0.132218
0.713124
0.65129
0.654232
-0.0575845
0.529444
0.723959
-0.418281
-0.331869
-0.211858
0.382474
0.416544
0.343633
0.673379
0.729425
-0.612192
-0.418556
0.488172
0.136244
0.928606
0.313738
0.5383
1.0176
0.568727
0.551405
0.257905
0.226151
0.964645
1.13001
1.0128
0.840862
0.0659298
0.307119
0.195399
0.150424
0.61802
0.373664
0.996331
0.929881
-0.0266739
0.483989
0.934024
0.461091
0.367618
0.744574
0.898447
1.32162
0.176622
0.682908
0.522876
0.380775
1.10364
1.02756
1.46208
1.3414
0.694648
0.398436
0.231029
0.708564
0.729859
0.767138
1.0571
1.43166
0.748642
0.723199
1.15333
0.928538
0.913167
0.865942
1.59716
1.43553
0.513429
0.302725
0.266619
0.812628
1.2134
1.28596
1.09195
1.50881
0.104215
0.498957
0.940544
0.372764
1.27892
0.637029
1.14498
1.40334
0.377045
0.736663
0.779394
0.790012
1.37224
1.1445
1.29688
0.599481
0.231073
0.633664
0.503253
0.238462
0.59688
0.50175
0.694513
1.44498
0.568187
0.745772
0.391568
0.707301
0.463418
0.41628
0.758405
0.962479
0.194067
0.708507
0.461298
0.0813428
1.10314
0.935394
1.21628
1.2584
-0.0229248
0.89301
0.433527
1.03765
1.10199
1.28617
1.49902
1.5881
0.374673
0.439516
0.797369
1.55455
1.13085
0.918676
0.90632
1.73062
0.443832
0.523031
0.333061
0.966266
1.18773
0.747361
1.22691
1.79446
0.204217
0.309478
1.3013
0.781929
0.945218
0.693591
1.1407
1.48968
0.0928596
0.396732
0.192174
0.359756
1.14028
1.3924
1.06546
1.02719
-0.0159332
0.070763
0.151952
0.557976
0.662582
0.952472
1.01145
0.813855
0.313492
0.511088
0.273813
1.10942
0.527145
0.880899
1.09406
0.984009
0.569201
0.612548
0.283259
0.706957
0.855332
0.621739
0.730954
1.24386
0.511806
0.559632
0.210672
0.910075
1.07716
0.73226
1.20182
1.61046
0.57765
0.213926
0.87315
0.790825
0.817165
0.405901
1.11911
0.819398
0.596732
-0.0305196
0.290854
0.766675
0.850852
1.38716
1.09342
1.47401
0.519108
0.0817493
0.746641
0.0671819
1.20541
0.571552
0.726648
1.02589
0.147534
-0.262557
0.20409
0.293227
0.0916301
0.00581205
0.488817
0.311994
-0.00604215
-0.159189
-0.200164
-0.277567
0.132284
-0.0676921
0.0210444
0.235975
0.160379
-0.565973
-0.422673
-0.458127
-0.210833
0.0383969
0.00710608
0.444883
-0.236054
0.0901719
-0.606481
-0.350939
0.0374401
0.0438361
0.25731
0.120575
-0.124175
-0.0657024
-0.0717372
0.442511
0.228296
0.469939
0.873924
0.607324
-0.472328
-0.341246
0.354467
0.40166
0.483783
0.0733218
0.2534
0.596749
0.0546228
-0.0606131
-0.331861
0.0206264
0.429533
0.308676
0.196362
0.495391
-0.082574
-0.34622
0.462568
0.0644522
0.457256
0.400455
0.628193
0.499527
-0.764127
-0.675053
-0.616956
-0.698792
-0.240036
0.276167
0.453959
-0.202279
-0.696028
-0.768208
-0.496833
-0.536268
-0.203861
0.0106822
-0.233782
-0.158023
-1.09087
-0.522026
-0.74227
-0.689289
-1.14254
-0.523521
-0.0745129
0.19904
-0.628537
-0.277851
-0.327102
-0.384263
-0.190323
-0.309274
0.104251
0.0511038
-0.61966
-0.683332
-0.246113
-0.136073
0.16152
-0.15443
0.38001
0.629676
-0.404863
-0.617744
0.140708
-0.00727397
0.366134
-0.372992
-0.0330082
0.569156
-0.725771
-0.886953
-0.581531
-0.213147
-0.151224
-0.365353
-0.200549
0.629113
-0.943537
-1.19721
-0.0981542
-0.509337
-0.118094
-0.378423
0.0130074
0.571788
0.32591
0.569971
0.495737
0.515932
1.00282
1.38144
1.60272
1.10305
0.216341
0.325979
0.0416119
0.504387
0.639766
0.775894
1.47779
1.48765
0.361346
0.408475
0.475715
0.776907
1.06684
0.724353
1.6379
1.34862
0.463528
0.594128
0.430521
0.466583
1.41417
1.14094
1.65113
1.34769
-0.109654
0.618275
0.533029
1.36359
1.30873
1.01401
1.65916
1.71659
-0.0300581
0.517661
0.981077
0.922699
1.20024
0.82699
1.15049
1.94143
0.310631
-0.019462
0.175992
1.00666
1.17703
0.926566
1.08291
2.00665
-0.15423
0.0898019
0.899124
0.564435
1.03791
1.2256
1.38325
1.63556
-0.664808
0.303619
-0.106728
-0.334263
0.232271
0.390735
-0.0526063
-0.445695
-0.734004
-0.667489
-0.801111
-0.2549
-0.861472
-0.554652
-0.275337
-0.200861
-0.744038
-0.640277
-0.375626
-0.68268
-0.56901
-0.00509642
-0.117635
-0.476799
-0.051122
0.0278754
-0.484453
-0.649183
-0.339464
-0.0658471
-0.0818198
-0.281617
-0.175936
-0.27823
0.196987
0.381922
0.318107
0.83855
0.899063
0.542526
-0.111585
-0.381492
0.3301
0.33509
0.423256
0.0461403
0.439163
0.956416
0.026399
-0.670904
-0.854644
-0.129699
0.438315
0.321269
0.565042
1.00214
-0.410936
-0.401859
0.554201
0.226817
0.318745
0.40369
0.304448
1.27595
2.43616
1.68772
1.67299
1.70564
0.996233
1.63932
0.691288
0.736382
2.75205
1.63116
2.35326
1.95048
1.563
1.03582
1.00578
0.999155
2.50851
2.27468
1.40398
1.94947
1.69536
1.61482
0.806875
0.834583
2.63511
2.23912
1.86611
1.84974
2.21991
1.26869
1.19151
0.89768
2.24142
1.85926
1.84816
1.59986
1.09604
1.12394
1.35672
1.37244
2.37716
1.77741
3.12985
2.30369
1.09688
0.885605
1.40782
0.899766
3.16293
1.54298
1.92692
1.66338
1.37695
1.33948
0.732736
0.558711
2.81769
1.68871
1.72596
1.97834
1.13667
1.56741
0.963349
0.815992
1.98612
1.27606
0.975787
0.933936
0.734593
0.886755
-0.180505
0.0833847
2.38696
1.1537
0.901016
1.33444
1.10994
0.0137847
0.155457
-0.158562
1.92832
1.01613
0.840344
1.1231
0.898464
0.542297
0.500533
0.129243
1.51717
1.41474
1.01717
1.20311
1.21021
0.358633
0.139649
0.114067
1.76201
0.908279
1.2091
0.673136
0.450792
0.361615
0.419734
0.241118
1.08875
1.02069
0.798996
0.446915
0.32176
0.129992
0.230287
-0.0129739
1.99587
0.648041
0.991479
0.489658
0.586034
0.157206
0.253933
-0.29003
1.62097
0.754814
1.00825
0.784547
0.193808
0.309438
0.0879392
0.0359061
1.05921
0.878028
0.217084
0.61968
0.203032
0.278648
0.0811868
-0.392714
1.32068
0.944703
0.340804
0.622946
0.132706
-0.356874
-0.154584
-0.184082
1.32215
0.528143
0.00121731
0.925678
0.704159
0.229501
-0.268777
-0.398393
0.743728
1.23896
0.716968
0.733386
0.519582
0.100559
-0.109934
-0.514211
0.814585
0.439477
0.538264
0.267386
0.0112297
-0.3963
-0.320304
-0.156423
0.388179
0.169142
0.26526
0.140082
0.0174259
-0.066986
0.134784
-0.151595
0.969071
0.474061
-0.18068
0.0858722
-0.109445
-0.35657
-0.407615
-0.373383
0.482618
0.590926
0.521026
0.536764
-0.263458
0.0589497
-0.356922
-0.152145
-0.18099
0.0269854
-0.222434
-0.17827
-0.41778
-0.365532
-1.12529
-0.292268
-0.0205142
-0.160227
-0.165734
-0.010288
-0.298665
-0.805319
-0.659819
-0.706443
0.183255
0.309428
-0.303789
-0.0102912
0.0680308
-0.503128
-0.553225
-0.712419
0.0786615
0.324509
-0.0468173
-0.47096
-0.291086
-0.421295
-0.434085
-0.739218
0.0640205
-0.220249
-0.115571
-0.759239
-0.746684
-0.30275
-1.08565
-0.763627
-0.0327165
-0.19245
-0.756879
-0.389896
-0.654366
-1.12903
-0.960502
-0.543157
-0.101986
-0.298974
-0.6998
-0.589809
-0.816342
-0.79995
-0.673182
-0.707914
-0.0622297
-0.340615
0.0126282
-0.59298
-0.849492
-0.773883
-0.753532
-0.156795
0.394895
0.0991703
0.226729
0.0792218
0.123618
0.0620948
-0.42466
0.193665
0.426997
-0.296492
0.257985
0.580044
0.11326
-0.620266
-0.359819
0.24979
0.51546
0.318426
0.0240766
0.651053
0.158296
0.0133233
-0.24081
-0.1206
0.828993
0.433131
0.466486
0.557791
0.166461
-0.302451
-0.0155223
-0.188956
-0.122633
0.125396
0.0759009
-0.405908
-0.431541
-0.65441
-0.213441
0.073303
-0.127691
-0.436239
-0.445906
-0.117778
-0.55408
-0.137453
-0.263884
0.320183
0.0271535
-0.438423
-0.246701
-0.184884
-0.229625
-0.506289
-0.0507945
-0.325427
-0.306097
-0.258856
0.163519
0.0584173
-0.545607
-0.315972
-0.127116
0.183979
1.58639
1.66049
1.29095
1.66039
0.979527
1.22366
0.793969
0.904505
2.1337
1.35712
1.34862
1.57339
1.12694
0.441591
0.667591
1.1523
1.30827
1.55657
0.838012
1.37439
1.17524
1.20375
0.831278
0.821848
1.56974
1.52141
1.26238
1.5719
1.15751
1.01949
1.12046
1.16292
1.33257
1.209
1.23915
1.16427
0.789537
0.537888
0.679171
2.41202
0.946975
0.989956
1.16382
1.34704
2.16004
2.726
2.40284
2.97564
1.23416
0.886085
1.46065
2.06429
2.00409
3.42599
2.39693
3.00356
1.28491
0.941153
1.61208
1.26153
1.61319
2.31006
1.50061
2.44247
2.03735
1.2828
1.29566
1.35337
0.521717
1.33716
0.0596204
0.377944
1.59584
1.46958
1.21991
1.31537
1.01536
0.358913
-0.111901
0.566515
1.74207
1.06717
0.843436
0.649153
0.947846
0.5605
0.63673
0.452087
1.44322
1.45312
1.31358
0.946566
0.93294
0.66464
0.689326
0.330053
1.1708
0.884371
1.10735
0.593256
0.590472
0.47985
0.249177
0.417236
0.693123
0.736767
0.34515
0.15807
0.0459994
0.0122207
0.549727
0.448457
1.11756
0.878972
0.677606
0.414514
0.323557
-0.0776661
-0.152449
0.545461
0.706806
0.565171
0.611835
1.13124
0.0904662
0.256554
0.4187
0.43697
1.43294
0.827195
0.50186
0.496124
0.0524308
0.603766
-0.142849
0.213859
1.3619
0.713002
0.661707
0.365568
0.39043
-0.17604
-0.314111
0.0736427
1.14
1.32029
0.360335
0.227126
0.522572
0.192238
-0.0926481
-0.42205
0.652356
0.566227
0.294959
0.416862
0.68094
-0.0815478
-0.041638
-0.00503233
0.819366
0.9272
0.558291
0.941247
0.0356978
0.396378
-0.291634
0.227173
0.417369
0.424309
0.0316013
0.119149
-0.132754
-0.0746059
0.123891
0.177305
0.554317
0.569685
0.00729837
0.44362
0.458475
-0.306735
-0.626345
-0.260149
0.807606
0.766493
0.453569
0.294587
-0.0545918
-0.192341
-0.430498
-0.307034
0.788275
0.239871
-0.0376359
0.100516
-0.131955
0.491165
-0.536951
-0.936912
0.686072
0.292281
-0.234653
0.279335
-0.236649
-0.797234
-0.868648
-0.25328
1.03045
0.636011
-0.382093
0.431126
-0.157213
-0.520052
-0.890749
-0.406023
0.804539
0.679751
0.179722
-0.0472327
0.0773589
-0.402831
-0.879725
-0.81805
0.435877
0.113835
-0.139663
0.155816
-0.166164
-0.533651
-0.609521
-0.600626
0.172649
0.34367
-0.249412
-0.521186
-0.3896
-0.615067
-0.167245
-0.642392
0.290141
0.1362
-0.0883014
-0.197887
-0.661128
-0.760944
-0.82988
-0.739976
0.0298128
0.235139
0.409207
-0.150898
-0.579438
-0.637887
-0.709767
-0.659763
0.489361
0.475599
-0.0271678
0.18283
-0.268598
0.234643
0.110886
-0.101058
0.507426
0.0187672
0.315036
0.239607
0.194476
-0.501026
-0.380844
-0.0324551
0.208092
0.492192
-0.334286
0.0792692
0.165733
-0.0316034
-0.504169
-0.316247
-0.0723764
0.238901
-0.205246
0.0535081
0.326647
-0.315348
-0.180083
-0.634442
0.127112
0.191723
-0.281942
-0.093041
-0.313842
-0.185109
-0.72263
-0.0226751
0.0950866
-0.0938714
-0.212837
-0.472832
-0.27623
-0.742737
-0.120853
-0.0721183
-0.197467
-0.333783
-0.4235
-0.621262
-0.125301
-0.241231
-0.42261
0.231567
0.0998704
-0.256035
0.0517002
0.0624505
-0.104815
-0.637869
-0.406125
-0.354405
0.624137
0.459219
0.449834
0.424913
-0.12621
0.4975
-0.414624
-0.413119
0.608359
0.203508
0.270268
0.617134
0.13177
0.161355
-0.738661
-0.354198
0.704285
0.324572
0.0359505
0.140088
0.275958
0.149931
-0.818791
-0.482572
0.243835
0.518416
0.198726
-0.0827865
0.382121
-0.375528
-0.123212
-0.346729
-0.231656
0.108405
-0.0319024
-0.0830289
-0.204454
-0.308517
-0.325637
-0.0655353
-0.290403
-0.118935
-0.267079
-0.282649
-0.180098
-0.723864
-0.526943
-0.408952
-0.097533
0.0115296
-0.178356
0.0950788
-0.207783
-0.928545
-0.669957
-0.799104
-0.466942
-0.407102
-0.463984
-0.203632
-0.704644
-0.518729
-0.721848
-0.856526
1.06339
1.07302
0.423818
0.292992
-0.0171364
0.592231
-0.411987
-0.10872
0.704228
0.159668
-0.0397967
0.419153
0.188499
-0.36821
-0.359783
-0.393268
0.954218
0.847596
-0.101159
0.322696
0.816672
0.0218437
-0.404481
0.323706
0.733156
0.821765
0.226238
0.0812064
0.179653
-0.119083
-0.174824
-0.421616
0.256353
0.189096
-0.024979
-0.044569
-0.205805
-0.655142
-0.319904
-0.363042
-0.0196916
-0.264882
-0.0681702
-0.0979077
-0.112387
-0.105859
-0.0952325
-0.733425
0.065814
-0.102671
-0.121907
-0.441523
-0.537498
-0.415745
0.0435909
-0.151981
-0.262184
0.0789178
0.125366
-0.214556
-0.447874
-0.426467
-0.72818
0.0249625
1.5873
1.51023
1.59459
1.36905
1.83331
1.53237
0.790439
0.88141
1.60355
2.01166
1.63307
1.5109
1.00476
0.844317
1.29196
1.12458
1.51258
0.99524
0.848796
1.60767
1.77138
2.05075
0.949049
0.980517
1.29223
0.97568
1.05352
1.03249
1.29973
0.926626
0.986753
1.0695
1.22411
1.59085
1.46287
1.29011
1.06874
0.994145
1.46934
1.11115
1.52404
1.35465
1.16989
1.34488
0.676
1.25522
1.19409
1.36107
-35.9157
1.16648
1.56337
1.29579
1.14017
0.836562
0.633546
1.19914
1.24888
1.35878
1.2953
0.973465
0.848036
1.24097
0.593364
0.804461
1.67241
1.1531
1.12729
1.04454
0.660852
0.861337
-0.279656
-0.139403
1.31452
1.33307
0.703731
0.81155
0.215541
-0.0969891
-0.325071
0.456057
1.51253
1.08607
0.680733
0.90412
1.29713
0.600814
-0.166303
0.28193
1.33236
1.22661
0.734035
0.763059
1.00525
0.485993
-0.178319
-0.0883546
0.77518
0.833707
0.584445
0.588071
0.278736
0.285165
0.135614
0.367278
1.00638
0.855566
0.734912
0.682859
0.451459
0.0552612
0.328661
0.213229
0.879298
1.34603
0.132802
0.57014
0.361975
0.169753
0.487823
-0.00754567
1.37179
0.652515
1.05147
1.1866
0.267366
0.366536
0.138732
0.0387369
0.897529
0.545906
0.639108
0.922969
0.0441207
0.610419
-0.163967
-0.348892
1.10949
0.260483
0.678731
0.740797
0.48201
-0.290924
-0.206626
0.09416
1.02747
0.792744
0.166591
0.785772
0.158934
0.00119793
-0.220216
-0.100686
1.15955
0.86675
0.521007
0.173779
0.181436
0.243463
-0.146549
-0.158649
0.55125
0.733597
0.515305
0.117173
-0.299961
-0.0394846
-0.0587124
0.165375
0.37885
0.266026
0.117667
0.0856185
-0.393718
0.105425
-0.00392576
-0.0927519
0.905893
0.095239
-0.0663758
-0.278713
-0.400161
-0.131446
-0.557363
-0.861953
0.427114
0.203509
0.146567
-0.135035
-0.203667
-0.313359
-0.459583
-0.452274
0.28738
0.330825
-0.114999
-0.212112
-0.546481
-0.196054
-0.687248
-0.654934
0.47995
0.589196
-0.308338
0.38099
-0.616856
-1.00085
-1.06778
-0.664016
0.606671
0.134173
-0.333344
-0.0944098
0.134901
-0.255931
-0.537203
-0.599784
0.600419
0.382939
-0.0316418
-0.232341
-0.186047
-0.530232
-0.56987
-0.614727
0.0487504
-0.0963882
-0.489145
-0.572197
-0.607415
-1.01289
-0.853668
-0.462391
-0.0336952
-0.421042
-0.551752
-0.170199
-0.567531
-0.350574
-0.713121
-0.501923
-0.403932
-0.117606
-0.624783
-0.480032
-0.789482
-0.91852
-1.10983
-0.64648
-0.471768
0.081143
-0.256655
-0.181775
-1.10763
-0.643739
-0.808462
-0.462298
1.39769
0.890114
0.937692
1.17907
0.859683
1.0728
0.217656
0.673042
1.5479
1.16867
1.34348
0.977274
0.827604
0.194495
-0.106631
0.346206
1.24018
1.03341
0.386233
0.702257
1.1307
0.827345
0.305281
0.609788
0.809907
1.11182
0.872076
0.971676
1.0841
0.541149
0.780353
0.338305
0.781489
0.950178
0.629142
0.481776
0.637702
0.446257
0.363076
0.471984
0.711721
1.04443
0.643034
0.586422
0.490412
0.345248
0.617588
0.251335
0.713923
0.535378
0.240031
0.568178
-0.133495
0.269799
0.370598
0.137892
0.435785
0.877311
0.456546
0.910965
0.473407
0.175866
0.0805861
0.187608
0.139304
0.0222497
-0.66123
-0.152601
-0.89537
-0.321384
-0.907994
-0.665224
0.0979031
-0.371345
-0.170035
0.0801996
-0.76004
-1.34582
-0.969113
-1.2125
0.279242
-0.177787
-0.73467
0.172065
-0.362016
-0.643109
-0.671371
-0.72388
-0.281845
0.0976351
-0.411822
-0.512034
-0.068022
-0.58246
-1.22683
-0.407844
-0.0991376
-0.143592
-0.331997
-0.917835
-0.74763
-0.902437
-1.02287
-0.843712
-0.571413
-0.934062
-0.890441
-0.69119
-1.20892
-0.912129
-0.786093
-1.04464
-0.492619
-1.23184
-1.08034
-1.08173
-0.797434
-1.09392
-1.09499
-0.90735
-0.596425
-0.464712
-0.773596
-0.661691
-1.01909
-1.35061
-1.33442
-1.02905
2.35378
1.5818
0.752373
0.943272
0.204514
0.439634
0.0928813
0.400931
3.09726
2.04827
2.43773
2.14536
0.669825
0.265557
0.331984
0.402173
2.87155
2.4296
2.75951
2.14469
1.61869
0.729333
0.356601
0.896251
4.09945
2.91948
3.99221
3.6709
1.9213
1.67838
1.30128
1.20756
3.81579
2.59463
2.15734
2.3108
2.32044
1.93245
1.32819
1.54542
3.75231
3.90741
2.84228
2.21968
1.56136
1.83894
1.31065
1.56887
3.31516
3.08472
2.3597
2.22175
1.70557
1.52089
0.833456
1.70794
2.65904
3.04382
2.76952
2.5097
2.001
1.61956
1.79063
1.32561
1.56985
0.967024
0.443712
0.205711
-0.0631295
-0.0780237
-0.660228
-0.241102
1.76703
0.792597
0.456969
0.404691
-0.0548351
-0.471846
-0.195161
-0.124202
1.90514
0.663577
1.00186
0.599261
0.34708
0.0334455
-0.191317
0.0248758
1.35542
1.09501
1.32802
0.908097
0.884689
-0.173965
-0.0925612
-0.41287
2.76717
1.06015
1.09045
0.514825
0.80289
0.221555
0.0815461
0.132856
3.34521
1.99858
1.00731
0.789544
0.142503
0.171296
-0.153533
-0.0948129
3.00091
2.19211
0.872041
1.29934
0.653953
0.66958
0.014239
-0.0692944
2.62618
2.82307
2.45746
1.1732
0.866444
0.383224
0.10758
-0.202904
0.749662
0.174123
0.332842
-0.00514292
-0.195626
-0.553775
-0.740258
-0.912703
0.874081
0.724865
0.386903
-0.32449
-0.503005
-0.62697
-0.570081
-0.616454
0.6658
0.958676
0.770016
0.133128
0.07886
-0.178347
-0.106113
-0.633234
1.22806
0.898789
0.542888
0.642901
-0.071483
0.121546
-0.848053
0.159053
1.55389
0.871166
0.749044
0.179701
0.545926
0.0734059
-0.454747
-0.362028
1.05402
1.09792
0.646076
0.682007
0.441487
0.452651
-0.432326
-0.52222
1.5213
0.86835
0.995932
0.793756
0.300345
-0.185373
-0.545745
0.0867671
0.803272
1.22827
1.12402
0.700207
0.842237
0.834483
0.0183266
0.0563731
-1.47044
-1.43333
-1.68094
-1.51823
-2.09528
-1.99903
-2.38579
-1.56331
-1.2145
-1.61897
-1.50037
-1.54539
-1.69785
-1.8839
-1.86377
-1.41129
-1.24929
-1.63206
-1.73239
-1.38424
-1.68891
-1.69768
-1.61778
-1.39399
-1.41396
-1.31058
-1.27698
-1.34676
-1.22861
-1.77864
-1.81405
-1.33836
-0.536261
-0.520385
-0.798004
-1.26932
-0.951915
-1.32635
-1.3084
-0.839648
-0.229517
-0.820647
-0.459518
-0.912072
-0.910357
-0.938545
-1.27444
-1.00211
-0.666487
-0.967623
-0.990412
-0.738024
-0.496811
-1.14459
-1.44555
-0.622914
-0.251879
-0.594972
-0.399542
-0.764801
-0.698888
-1.20258
-1.21476
-1.25166
0.0916669
0.226929
0.283745
-0.157839
-0.566997
0.237184
-0.240596
0.178597
0.522021
0.557882
0.501003
0.101835
-0.0621512
-0.154714
-0.0248641
0.924124
0.621343
0.11414
0.562881
0.200383
0.249351
-0.0793759
0.104884
2.13084
0.706177
0.597145
0.297435
0.805239
0.578859
0.564603
0.327515
2.05047
0.937208
0.195133
0.517498
0.316487
0.437771
0.599517
0.292792
2.51788
1.01637
0.3321
0.733597
0.512564
0.530562
1.0095
1.47808
1.95745
0.54139
0.322465
0.657029
0.222681
0.521305
1.73204
2.00573
2.60057
0.603553
0.855499
0.666122
0.705846
0.928032
0.760308
1.68712
2.02905
1.67962
1.46734
1.42267
1.8435
1.46574
1.7336
1.80837
3.07133
2.48347
2.32022
2.22727
2.34589
2.00442
1.82192
1.80961
2.64652
2.65475
2.29374
2.56567
2.66383
2.08054
1.43095
2.51265
2.71768
2.49088
2.50456
1.47886
2.24728
2.0024
2.37159
2.50545
2.82204
2.91596
2.06843
2.50931
2.45883
2.32672
2.7867
1.96489
2.52716
3.34785
2.88676
2.14026
1.97775
2.54664
2.33474
2.40612
2.81039
3.167
2.70891
2.54075
2.16621
2.37085
2.68768
2.29396
2.76759
2.76716
3.10444
2.99988
2.63474
2.97408
2.20414
2.64021
2.7848
0.139419
-0.221822
-0.387196
0.198904
-0.462632
-0.445291
-0.69573
-0.545959
0.309089
-0.0851505
-0.3195
-0.305007
-0.735752
-0.51848
-0.927073
-0.48168
-0.0145532
-0.375328
-0.0791781
-0.242285
-0.387332
-0.614205
-0.749821
-0.98057
0.26846
0.0545908
0.179833
0.21074
-0.189457
-0.630109
-0.498624
-0.196617
1.30008
0.0715046
0.352871
0.132552
-0.383236
-0.576303
-0.902221
-0.701286
1.1601
-0.172878
0.339898
0.0890723
-0.216193
-0.362958
-1.21368
-1.07481
0.492365
0.0326749
0.175027
0.002434
0.34046
-0.758643
-0.992122
-0.570715
0.896644
0.348647
0.0427804
-0.0668233
-0.445158
-0.808668
-0.957269
-1.20468
-0.647974
-0.824624
-0.785972
-1.0854
-1.1504
-1.55317
-1.24761
-0.989936
-0.682581
-0.944176
-0.739241
-1.07286
-1.54044
-1.40344
-1.56609
-1.67407
-0.713848
-0.853811
-0.574533
-0.633862
-1.49588
-1.38784
-1.13256
-1.61164
-0.825971
-0.711793
-0.760002
-0.646093
-0.750184
-1.49578
-1.49628
-0.882973
-0.251832
-0.550865
-0.260085
-0.764646
-0.458086
-1.52939
-1.47291
-0.828497
0.108944
-0.447927
-0.144468
-0.922564
-0.774745
-0.943179
-1.1679
-1.32531
-0.334642
-0.458683
-0.353009
-0.45085
-0.93116
-1.4339
-1.30969
-1.09386
-0.28262
0.165799
-0.125256
-0.345359
-0.91445
-0.977742
-1.79375
-1.33242
-0.329937
-0.570952
-0.390253
-0.328841
-0.878451
-1.02888
-1.41521
-1.30843
-0.21224
0.165524
-0.269982
-0.537051
-0.629169
-0.770189
-1.44743
-1.36375
0.314944
0.113684
-0.114119
-0.344634
-0.805976
-0.804255
-0.8176
-0.359679
-0.339581
-0.0599073
0.131499
0.0949649
-0.67572
-0.8406
-0.886603
-0.629015
0.695285
0.143508
0.378902
-0.388064
-0.306044
-0.660578
-0.720292
-0.530673
0.7262
-0.0749354
0.0749322
-0.23535
-0.102258
-0.36403
-1.00183
-0.500385
0.587083
0.233505
0.187255
-0.205892
0.137342
-0.174935
-1.03639
-0.352476
0.166782
0.515563
0.171985
0.235105
0.037899
-0.614418
-0.469557
-0.843567
-0.801024
-1.12077
-0.774013
-0.617268
-1.48005
-1.64147
-1.28164
-0.687099
-0.523146
-1.32187
-0.972167
-1.12313
-1.3125
-0.880668
-1.14416
-1.05037
-0.923258
-0.961031
-0.476272
-0.971462
-0.977743
-1.14542
-0.994322
-0.670687
-0.792831
-0.594018
-0.347988
-1.1364
-0.788372
-0.816313
-0.62708
-0.528314
-0.0684479
-0.527643
-0.630223
-0.724624
-0.72263
-1.28847
-1.05546
-0.361146
-0.192427
-0.920011
-0.537783
-0.742549
-0.810004
-0.468713
-1.1118
-1.05214
-0.317125
-0.417196
-0.281762
-0.284953
-0.494827
-0.737051
-0.923284
-0.650463
-0.424499
-0.425837
-0.283033
-0.561603
-0.305263
-0.257336
-1.42214
-1.21595
-0.143882
-0.317916
-0.0417684
-0.683976
-0.858419
-0.730706
-1.43923
-1.24222
0.0743098
-0.450187
-0.165733
-0.0728772
-0.653128
-0.806712
-1.44762
-1.40307
0.0249217
-0.477829
-0.180019
-0.064352
-0.756425
-0.61208
-0.845325
-1.06069
-0.246907
-0.260601
-0.0488823
-0.16439
-0.694322
-0.888321
-1.30763
-0.767238
0.39812
0.215797
0.221554
-0.403544
-0.413904
-0.384853
-0.766411
-0.677876
0.737708
-0.0559091
0.193414
-0.147018
-0.486012
-0.187256
-0.340621
-0.750475
0.0123018
-0.0718678
-0.152655
-0.375188
-0.358081
-0.292027
-0.732016
-0.9495
0.0260533
0.022933
0.0157151
0.132885
-0.174486
-0.620998
-0.852547
-0.744747
-0.0927773
-0.256097
-0.686169
-0.466768
-0.613469
-0.742061
-0.750689
-0.657234
-0.14694
-0.364527
-0.123644
-0.295183
-0.9271
-0.891606
-0.588464
-0.192076
-0.238357
-0.205246
0.0597475
-0.0834478
-0.547238
-0.38249
-0.852805
-0.27829
-0.363475
-0.145454
0.465608
-0.217014
-0.719801
-0.370461
-0.104123
-0.151898
0.201701
-0.496597
-0.312811
-0.352024
0.115862
-0.298912
-0.420908
-0.156614
0.167402
-0.226841
-0.507379
-0.0505574
-0.252054
-0.0956773
-0.543675
-0.171814
0.0477228
-0.527381
-0.412427
-0.325955
-0.0181174
-0.519228
-0.340156
0.0257042
-0.426707
-0.224849
-0.106746
0.159865
-0.378364
-0.331993
-0.430144
-0.164187
0.390776
0.512
0.495398
0.172939
-0.488454
-0.194118
-1.18411
-0.815845
1.66703
0.625915
0.186589
0.312265
0.243006
-0.682072
-0.73076
-0.769841
0.559156
0.614508
0.524484
0.22041
0.224444
-0.513931
-0.500279
-0.341423
0.821576
0.763185
0.725809
0.367624
-0.00536623
-0.100706
-0.60897
-0.899281
2.06152
0.947138
0.474113
-0.298363
0.205369
-0.253252
-0.492055
-0.448839
0.104394
-1.59134
0.661175
0.216951
0.00395289
-0.528196
-0.532659
-0.864957
1.778
0.68364
0.444703
0.39421
0.680401
-0.117595
-0.41547
-0.0821043
0.268496
0.206012
0.274636
0.694166
0.328586
0.10088
-0.466492
0.124461
-0.831902
-1.61118
-0.78239
-1.20808
-1.54686
-1.63358
-1.99246
-1.75895
-1.05042
-1.35486
-1.1958
-1.21406
-1.228
-1.19322
-1.39945
-1.58081
-0.605317
-0.741411
-0.870665
-0.857524
-1.17625
-1.61588
-1.68813
-2.07946
-0.707828
-0.778191
-0.633563
-0.936303
-1.38221
-1.28195
-1.72595
-1.81739
-0.34926
-1.13499
-0.813317
-1.24204
-1.04778
-1.71945
-1.58428
-1.66728
-0.281531
-1.2834
-0.959169
-0.896755
-0.911195
-1.59103
-1.31335
-1.23705
-0.789199
-1.1404
-1.13249
-0.923655
-1.25562
-1.31748
-1.43702
-1.56391
-0.75076
-0.699672
-0.450206
-0.911484
-1.04538
-1.36872
-1.85885
-1.76143
-0.264597
-0.692997
-0.634429
-1.03675
-1.51883
-1.10231
-1.50475
-1.11637
-0.13471
-0.469204
-0.761039
-0.598782
-1.2147
-1.26782
-1.48413
-1.63839
0.261634
-0.171179
-0.147148
-0.452393
-0.983762
-1.20747
-0.96294
-1.1069
-0.167669
-0.526825
0.077375
-0.320922
-0.918306
-0.956228
-1.68957
-1.18813
0.526532
0.00319791
-0.251705
-0.457747
-0.522628
-1.21394
-1.0791
-1.21133
0.663805
-0.310845
0.105725
-0.539099
-0.678308
-0.47218
-1.37073
-1.06265
-0.0248177
-0.0769758
0.155959
-0.746212
-0.454954
-1.2835
-1.16843
-0.717175
-0.252227
0.189704
0.039535
-0.542449
-0.942753
-1.08151
-1.23393
-1.24019
-0.802526
-1.28736
-1.46645
-1.4211
-1.87287
-0.927535
-1.58447
-1.53888
-1.13657
-1.04363
-1.43384
-1.45943
-1.68264
-1.48397
-1.80624
-1.33219
-0.904517
-1.35862
-1.06271
-1.45239
-1.67301
-1.23162
-1.47104
-0.969485
-1.06626
-1.18163
-1.06718
-1.04894
-1.13427
-1.48814
-1.30843
-1.60476
-0.52184
-0.870045
-1.10176
-0.906226
-0.857187
-1.32844
-1.65428
-1.16949
-0.46739
-0.881542
-0.949779
-0.855425
-1.69749
-0.954654
-1.65323
-0.954853
-0.907096
-0.628708
-0.782045
-1.35337
-1.22842
-1.16948
-1.61141
-1.28616
-0.84279
-1.22486
-0.630826
-0.661616
-0.824161
-1.24983
-1.57742
-1.42724
0.30149
0.666367
0.328987
-0.0411915
-0.419959
-0.422369
-0.290417
-0.38184
0.605046
0.28117
0.359694
-0.389896
-0.39831
-0.214289
-0.439633
0.159092
0.912047
0.492993
0.413637
0.113167
-0.310811
-0.116918
-0.394754
-0.183866
0.651863
0.372755
0.678146
0.543139
0.00286877
0.0487123
-0.037204
-0.434296
1.03911
0.635801
0.425269
0.104751
0.202235
0.151212
-0.0783348
-0.0680464
0.943345
0.165244
0.383915
0.163703
0.0792332
-0.0169817
-0.0633421
-0.103195
0.942437
0.193985
0.0337343
0.236737
0.368419
0.0239487
-0.456007
-0.338881
0.287303
0.195337
0.568948
0.273442
0.155756
-0.308147
-0.359806
-0.0843687
0.793297
0.20449
0.464742
0.593516
0.00790922
-0.414081
0.104685
-0.174232
0.334495
0.81642
0.2724
0.12597
0.0965953
0.142725
0.0087231
-0.0466557
0.788008
0.182093
0.608008
0.358787
0.321874
-0.0441604
0.440456
0.0176014
0.564601
0.107032
0.900623
0.616238
0.454265
0.545396
0.406543
1.02795
1.15771
0.869691
0.492486
0.651396
0.732786
-0.0707341
0.587576
1.45375
1.38925
0.939085
0.44653
0.541608
0.338318
-0.114666
-0.231522
0.835823
0.559164
0.608998
0.496945
0.154263
0.739454
0.110691
0.228902
0.151797
0.24341
0.427854
0.305216
0.475956
0.398414
-0.118374
-0.219541
0.351068
0
0
0
0
0
0
0
0
0
0
0
0
0
0
0
0
0
0
0
0
0
0
0
0
0
0
0
0
0
0
0
0
0
0
0
0
0
0
0
0
0
0
0
0
0
0
0
0
0
0
0
0
0
0
0
0
0
0
0
0
0
0
0
0
0
0
0
0
0
0
0
0
0
0
0
0
0
0
0
0
0
0
0
0
0
0
0
0
0
0
0
0
0
0
0
0
0
0
0
0
0
0
0
0
0
0
0
0
0
0
0
0
0
0
0
0
0
0
0
0
0
0
0
0
0
0
0
0
0
0
0
0
0
0
0
0
0
0
0
0
0
0
0
0
0
0
0
0
0
0
0
0
0
0
0
0
0
0
0
0
0
0
0
0
0
0
0
0
0
0
0
0
0
0
0
0
0
0
0
0
0
0
0
0
0
0
0
0
0
0
0
0
0
0
0
0
0
0
0
0
0
0
0
0
0
0
0
0
0
0
0
0
0
0
0
0
0
0
0
0
0
0
0
0
0
0
0
0
0
0
0
0
0
0
0
0
0
0
0
0
0
0
0
0
0
0
0
0
0
0
0
0
0
0
0
0
0
0
0
0
0
0
0
0
0
0
0
0
0
0
0
0
0
0
0
0
0
0
0
0
0
0
0
0
0
0
0
0
0
0
0
0
0
0
0
0
0
0
0
0
0
0
0
0
0
0
0
0
0
0
0
0
0
0
0
0
0
0
0
0
0
0
0
0
0
0
0
0
0
0
0
0
0
0
0
0
0
0
0
0
0
0
0
0
0
0
0
0
0
0
0
0
0
0
0
0
0
0
0
0
0
0
0
0
0
0
0
0
0
0
0
0
0
0
0
0
0
0
0
0
0
0
0
0
0
0
0
0
0
0
0
0
0
0
0
0
0
0
0
0
0
0
0
0
0
0
0
0
0
0
0
0
0
0
0
0
0
0
0
0
0
0
0
0
0
0
0
0
0
0
0
0
0
0
0
0
0
0
0
0
0
0
0
0
0
0
0
0
0.308816
-0.063521
0.285201
0.101287
-0.0719521
-0.831983
-0.423354
-0.0780584
0.201598
0.562333
-0.38195
0.347487
-0.360638
-0.315967
-0.683337
-0.520768
0.58815
0.342734
0.0659489
-0.107928
0.268871
-0.276294
-0.567278
-0.499429
-0.0327998
0.326677
-0.0546309
0.0519586
0.0479159
-0.0874751
-0.743879
-0.525407
1.26392
0.558571
0.60134
0.102873
0.240537
-0.333648
-0.361139
-0.1799
1.12473
0.529463
0.251999
0.108781
-0.0330132
-0.144397
-0.133114
-0.118379
1.05811
0.392043
0.46115
0.369945
-0.257658
-0.113954
-0.651249
-0.0858649
0.858754
0.825888
0.61435
0.087967
0.0383675
0.148416
-0.48595
-0.307335
-0.282583
-0.0767482
-0.0640969
-0.256481
-0.695428
-1.37972
-1.09411
-1.1462
0.0809892
0.0959925
-0.504662
-0.329298
-0.359667
-0.357285
-0.749643
-0.648314
0.358719
0.00744218
-0.413219
-0.271284
-0.406367
-0.962439
-0.893482
-0.870302
-0.55219
-0.217538
-0.508012
-0.507311
-0.184171
-0.238831
-1.12609
-0.554941
0.662745
0.573037
0.198231
-0.371592
0.00620139
-0.838301
-0.590915
-0.617103
0.620963
0.328566
-0.183161
-0.0413028
-0.307426
-0.0449685
0.184221
-0.514488
0.59517
0.238179
-0.445244
0.286572
-0.581645
-0.472774
-0.49566
-0.452939
0.706647
0.225658
0.332078
0.361435
0.10133
-0.454148
-0.524824
-0.593234
-0.553427
-0.472787
-0.48022
-0.603106
-0.354326
-1.21979
-1.19752
-1.04591
-0.0445188
-0.132593
-0.339163
-0.45187
-0.658418
-0.92708
-0.728386
-0.913929
-0.15563
-0.449246
-0.622239
-0.682077
-0.57735
-1.05088
-1.02673
-0.767839
-0.380665
-0.439687
-0.481294
0.066394
-0.721584
-0.0543963
-0.759512
-0.571499
0.734344
0.309756
0.692401
0.0987489
-0.0203493
-0.689135
-0.549971
-0.510731
0.997267
0.361561
-0.223497
-0.441522
-0.481286
-0.473872
-0.340236
-0.494238
0.909887
0.266852
-0.0657749
0.0668554
-0.24097
-0.684528
-0.720604
-0.644327
0.435066
0.308857
0.503251
0.0796122
-0.0268276
-0.649825
-0.779793
-0.793724
0.3557
-0.298946
-0.155894
-0.26161
-0.294483
-0.903686
-0.918905
-0.886266
0.315113
0.255787
-0.556166
-0.376036
-0.431298
-0.690018
-0.808886
-0.877218
0.0484745
0.155503
-0.522055
-0.431996
-0.510582
-1.06012
-0.547566
-0.720006
-0.318018
-0.410361
-0.504494
-0.581051
-0.395267
-0.631332
-0.929694
-0.333886
0.700862
0.227743
0.127907
0.0736589
-0.669564
-0.843494
-0.359256
-0.643519
0.482172
-0.128916
-0.0572132
-0.424575
-0.568534
-0.625668
-0.382239
-0.337324
0.239061
-0.0370926
-0.457548
-0.0124507
-0.427644
-0.435241
-0.890456
-0.879598
0.174856
0.401318
0.297448
-0.511784
0.186904
-0.286237
-0.616127
-0.448451
0.68624
0.38328
0.60022
0.656435
0.867046
0.584607
0.908276
0.981801
0.576463
1.08421
0.415988
1.1542
0.458239
0.186657
0.199058
0.948562
0.413888
0.755315
0.79216
0.309304
0.458765
0.158319
0.0922905
1.39228
1.15671
1.77489
0.591643
1.87287
1.836
1.40931
2.09652
2.01614
2.50107
1.02284
1.91166
2.37739
2.11782
1.37071
2.16438
1.70377
3.30261
2.32556
3.05006
2.38276
2.78861
2.44088
2.56089
2.94785
2.09643
0.52722
2.27438
2.74525
2.06509
2.14065
1.56934
1.58538
1.81393
2.20703
2.64003
2.2595
2.57748
2.2386
1.73171
2.37056
0.609958
0.114098
0.686137
0.577166
0.24321
-0.44998
-0.182189
-0.385158
0.82315
0.172898
-0.336263
0.0694893
0.168769
0.17174
-0.402391
0.0256528
1.21332
0.595168
0.478986
0.111729
0.590101
-0.238414
-0.857787
0.171599
0.691413
0.162873
-0.0766298
0.330658
0.0303432
-0.143735
-0.223814
-0.0971543
1.99104
0.929734
1.30496
0.408558
0.164132
0.0714483
-0.410546
0.562801
1.68411
0.686213
0.24367
0.404102
0.182822
-0.139724
0.230131
0.247539
1.18033
0.836573
0.677092
0.127729
-0.0982348
0.0328955
-0.0891464
-0.121466
0.705294
0.457627
0.420905
0.65873
0.175137
0.0875292
-0.68905
-0.175586
0.497485
0.195187
0.192113
0.618901
0.234739
-0.688351
-0.342057
-0.510639
0.161766
0.467057
0.150316
0.205916
0.0583973
-0.574822
-0.510344
-0.636523
0.103604
0.091541
0.182637
-0.288059
0.0466908
-0.215111
-0.471988
-0.183889
0.261583
0.237702
0.0359228
-0.0517613
-0.106044
-0.110831
-0.264485
-0.273734
1.30878
0.757801
0.158224
0.155119
0.0944451
-0.515132
0.079712
-0.420481
1.0876
0.440257
0.147286
0.25275
-0.402639
0.290624
-0.156518
-0.103535
1.09561
0.441267
0.289632
0.462901
0.00124445
-0.117976
-0.557742
-0.0170641
0.921473
0.893235
0.396744
0.127772
0.145449
0.180203
-0.279168
0.172196
0.237974
-0.120315
-0.286777
0.234477
-0.537815
-0.579061
-0.601172
-0.679082
0.469533
0.434312
0.199162
0.213582
-0.456165
-0.123443
-0.712783
-0.650495
0.453405
0.154505
-0.206537
0.0526796
-0.178613
-0.243138
-0.19088
-0.266907
0.281834
0.12024
-0.244408
0.157395
0.0113809
-0.113568
-0.676424
-0.277651
1.08874
0.680446
0.218169
-0.123992
-0.00113973
-0.404254
-0.255938
-0.492877
1.61625
0.641102
0.151213
0.203333
-0.0142735
0.00262408
0.0400548
0.125207
0.915484
0.401972
-0.0393133
0.167721
-0.0638306
-0.199591
-0.55103
-0.325502
1.1399
0.604644
0.600085
0.0821417
0.130973
0.0287164
-0.233285
-0.09104
-0.388272
-1.04848
-0.885395
-0.888653
-0.994376
-1.10718
-1.55558
-1.36243
0.0841077
-0.321849
-0.58221
-0.40585
-0.956994
-0.914997
-0.847802
-0.969679
-0.348677
-0.494663
-0.623312
-0.209709
-0.567681
-1.34274
-1.37476
-0.907099
-0.363768
-0.766491
-0.0229302
-1.13237
-0.897826
-0.424575
-1.40829
-1.15206
0.161759
-0.133885
-0.216354
-0.336626
-0.457801
6.56478
-1.17195
-0.707021
0.0303491
-0.567209
-1.02825
-0.642313
-0.639944
-0.996754
-0.58863
-0.62956
0.219929
-0.437273
-0.765216
-0.27364
-0.885314
-1.15782
-0.822931
-1.00903
-0.201872
-0.521376
0.0598369
-0.384152
-0.51763
-0.697064
-1.0894
-1.08324
0.269437
0.434628
0.0613468
0.0555419
-0.120125
-0.462807
-0.368905
-0.459149
0.340451
0.390685
-0.0405815
-0.0830369
0.0587025
-0.33657
-0.789814
-0.608382
0.284054
0.144037
-0.230026
-0.429202
-0.0624392
-0.577712
-0.994411
0.00863293
0.112464
0.00866531
-0.390282
-0.442812
-0.301543
-0.166294
-0.478607
-0.421323
0.900425
0.53494
0.389807
0.0416167
0.0974139
-0.888047
-0.310068
-0.449921
0.635099
0.216798
0.109563
0.187447
-0.135444
-0.3892
-0.157536
-0.0575377
0.88389
0.514782
-0.0974249
2.19714
-0.557871
-0.462946
-0.910108
-0.514111
1.12222
0.491568
0.151813
2.31206
0.00923338
-0.206428
-0.230881
-0.290401
0.527853
0.116617
0.286654
0.284994
0.54827
-0.359825
-0.345903
0.675637
0.0687996
0.268705
0.00459215
-0.214576
-0.082
-0.0890735
-0.198773
0.189544
0.10781
-0.316548
-0.502457
-0.146366
-0.160977
-0.215829
-0.707823
-0.386279
0.06536
0.0399686
0.00166875
-0.379004
-0.167504
0.337403
-0.134125
-0.145748
0.881491
0.288785
0.493588
0.15644
-0.0321124
-0.662532
-0.203735
-0.308807
0.789877
0.88281
-0.0673063
0.415425
0.24938
0.171263
0.23566
0.51918
0.767171
0.178432
0.476603
0.123588
0.430874
-0.378532
-0.219938
-0.00684991
0.622805
0.379506
0.281769
0.328412
0.541179
0.517417
-0.164735
0.274601
