0
0
0
0
0
0
0
0
0
0
0
0
0
0
0
0
0
0
0
0
0
0
0
0
0
0
0
0
0
0
0
0
0
0
0
0
0
0
0
0
0
0
0
0
0
0
0
0
0
0
0
0
0
0
0
0
0
0
0
0
0
0
0
0
0
0
0
0
0
0
0
0
0
0
0
0
0
0
0
0
0
0
0
0
0
0
0
0
0
0
0
0
0
0
0
0
0
0
0
0
0
0
0
0
0
0
0
0
0
0
0
0
0
0
0
0
0
0
0
0
0
0
0
0
0
0
0
0
0
0
0
0
0
0
0
0
0
0
0
0
0
0
0
0
0
0
0
0
0
0
0
0
0
0
0
0
0
0
0
0
0
0
0
0
0
0
0
0
0
0
0
0
0
0
0
0
0
0
0
0
0
0
0
0
0
0
0
0
0
0
0
0
0
0
0
0
0
0
0
0
0
0
0
0
0
0
0
0
0
0
0
0
0
0
0
0
0
0
0
0
0
0
0
0
0
0
0
0
0
0
0
0
0
0
0
0
0
0
0
0
0
0
0
0
0
0
0
0
0
0
0
0
0
0
0
0
0
0
0
0
0
0
0
0
0
0
0
0
0
0
0
0
0
0
0
0
0
0
0
0
0
0
0
0
0
0
0
0
0
0
0
0
0
0
0
0
0
0
0
0
0
0
0
0
0
0
0
0
0
0
0
0
0
0
0
0
0
0
0
0
0
0
0
0
0
0
0
0
0
0
0
0
0
0
0
0
0
0
0
0
0
0
0
0
0
0
0
0
0
0
0
0
0
0
0
0
0
0
0
0
0
0
0
0
0
0
0
0
0
0
0
0
0
0
0
0
0
0
0
0
0
0
0
0
0
0
0
0
0
0
0
0
0
0
0
0
0
0
0
0
0
0
0
0
0
0
0
0
0
0
0
0
0
0
0
0
0
0
0
0
0
0
0
0
0
0
0
0
0
0
0
0
0
0
0
0
0
0
0
0
0
0
0
0
0
0
0
0
0
0
0
0
0
0
0
0
0
0
0
0
0
0
0
0
0
0
0
0
0
0
0
0
0
0
0
0
0
0
0
0
0
0
0
0
0
0
0
0
0
0
0
0
0
0
0
0
0
0
0
0
0
0
0
0
0
0
0
0
0
0
0
0
0
0
0
0
0
0
0
0
0
0
0
0
0
0
0
0
0
0
0
0
0
0
0
0
0
0
0
0
0
0
0
0
0
0
0
0
0
0
0
0
0
0
0
0
0
0
0
0
0
0
0
0
0
0
0
0
0
0
0
0
0
0
0
0
0
0
0
0
0
0
0
0
0
0
0
0
0
0
0
0
0
0
0
0
0
0
0
0
0
0
0
0
0
0
0
0
0
0
0
0
0
0
0
0
0
0
0
0
0
0
0
0
0
0
0
0
0
0
0
0
0
0
0
0
0
0
0
0
0
0
0
0
0
0
0
0
0
0
0
0
0
0
0
0
0
0
0
0
0
0
0
0
0
0
0
0
0
0
0
0
0
0
0
0
0
0
0
0
0
0
0
0
0
0
0
0
0
0
0
0
0
0
0
0
0
0
0
0
0
0
0
0
0.106442
0.0890793
0.325601
0.412081
0.735703
1.25973
0.717293
0.607868
0.177802
0.121948
0.292946
0.442683
0.800486
0.602991
1.20084
1.05734
0.0815893
0.482153
0.330632
0.297976
0.911041
0.254468
1.20725
0.842964
0.0219143
-0.0677069
-0.248449
0.713277
0.376178
0.731098
0.721364
0.794194
-0.374903
-0.478071
0.312187
0.800814
0.271064
0.278608
0.781993
0.732481
-0.307902
-0.110703
0.045494
0.0839224
0.5531
0.853368
0.782411
0.36
-0.128589
0.000346585
0.132559
0.661475
0.527806
0.0150617
0.999312
0.872518
-0.518124
-0.253851
-0.404169
0.343489
0.734077
0.108529
0.403725
0.516763
1.20595
0.993211
0.904186
1.83812
1.98566
1.85399
2.30629
2.38594
0.550001
0.459684
0.91608
0.757005
1.78019
1.54263
1.84559
2.75544
0.839259
0.914024
1.5445
1.24265
1.47984
1.51222
1.67525
2.77679
0.758199
0.840994
0.413254
1.30816
1.32082
1.30337
2.2905
2.67959
0.870467
0.408738
1.14362
1.0181
1.12029
0.796486
1.04854
1.18388
0.628099
0.281758
0.678898
1.00082
1.25115
1.09922
1.61924
1.72042
0.639329
0.288389
0.930107
1.15491
1.15093
0.788825
1.40269
1.12624
0.116474
0.1168
0.367398
0.792064
1.23371
1.08511
1.17929
1.01532
0.837871
0.612066
0.970441
1.02691
1.19837
1.29922
1.31247
1.1382
0.46547
1.02032
0.833527
0.403258
0.806332
1.13397
1.09522
1.44304
1.36908
0.592812
0.41406
0.43305
1.16907
0.72154
0.939078
1.58483
0.248277
0.389104
0.268433
0.811146
0.249196
0.90629
0.848675
1.38932
0.315863
0.0456266
0.800358
0.525587
0.081654
0.531472
0.489935
0.97431
0.404384
0.0665962
-0.139997
0.284219
0.2182
0.574458
0.922804
1.3329
0.244068
0.544064
0.0268358
0.456584
0.385014
0.0809627
0.905715
0.848312
0.0284728
-0.303235
-0.341424
-0.0775435
-0.0334544
0.0102507
0.132078
0.404933
-0.327611
-0.227443
0.238848
0.243576
0.283211
0.329812
0.329351
0.281788
-0.315052
-0.124411
-0.353424
-0.180941
0.131673
-0.234708
0.578994
0.569152
-0.14553
-0.0287958
-0.283945
-0.187023
0.129372
-0.174992
0.32936
0.713337
-0.751126
-0.642841
-0.509843
-0.108247
-0.235708
0.0379479
0.429262
1.07355
-0.702771
-1.05439
-0.833491
-0.309362
-0.475952
-0.493743
-0.140504
-0.158913
-0.896038
-1.14568
-1.11684
-0.454663
-0.59408
-1.02602
-0.255425
0.0804428
-1.06119
-0.803336
-0.965595
-0.558731
-0.406098
-0.400109
0.066902
0.00732419
-1.0068
-1.33807
-1.53555
-0.960012
-0.339576
-1.20592
-1.11104
-0.262384
0.0728582
-0.670721
0.312201
0.62331
0.341224
0.787987
1.16194
0.812201
-0.0612268
-0.45878
-0.0521368
0.153714
0.471619
0.723947
0.753121
1.49209
-0.0683231
-0.0718663
-0.0813553
0.775917
0.894377
0.321988
0.98095
1.30693
-0.292727
0.25414
-0.615761
0.512653
-0.146651
1.06075
0.913443
1.47188
-0.957109
-0.40748
-0.279039
0.118918
-0.170169
0.412664
0.637987
-0.115523
-0.398902
-0.730003
-0.858926
0.0171934
-0.235265
-0.289574
0.289807
0.518197
-0.703758
-0.396743
-0.314712
-0.153054
-0.279293
-0.212418
0.990882
0.732832
-1.15529
-1.09323
-1.27621
-0.695044
-0.158003
-0.355744
-0.7402
0.337506
0.907684
0.587971
1.04963
1.3704
1.90088
2.12434
2.10134
2.00227
0.399229
0.492425
1.21226
1.1035
1.74605
1.68194
1.86637
2.02397
0.85364
0.993158
0.97568
1.0584
1.4244
1.80925
1.82512
2.40883
0.467172
0.499594
0.174912
1.56591
1.21259
1.66914
1.5372
2.99167
0.0548796
0.687022
0.842549
0.938843
0.494952
0.963485
1.4922
1.23575
0.0327435
-0.10607
0.464531
0.622514
0.717908
0.931341
1.71178
1.45871
-0.0398487
-0.365377
0.0972712
0.710629
0.584733
0.719761
1.71577
1.45228
-0.554714
-0.77298
-0.434676
0.22319
0.579665
0.785181
0.261577
0.833271
1.04907
1.09244
1.17676
1.57897
1.26504
2.12499
2.37389
2.36452
0.752025
1.15203
1.05115
1.36049
2.07825
1.84439
1.37246
2.29911
1.21061
1.37493
1.24976
1.46085
1.85817
1.58531
1.57001
2.35033
1.11261
1.70612
1.05618
1.375
1.10825
1.54703
1.90035
2.56717
1.26982
0.933879
1.24498
1.32024
0.990343
1.6072
1.60995
1.42055
1.0653
0.704744
0.811551
0.944609
1.34068
1.38786
2.07837
1.69663
1.07192
0.830576
1.08561
1.6271
1.51248
1.27803
2.25712
2.3834
0.942648
0.42596
0.705812
1.03404
1.44065
1.43019
1.45043
2.00344
0.173261
0.198202
0.0535806
0.259466
0.494484
0.562188
0.63009
0.538408
0.452813
-0.0967039
-0.169422
0.340819
0.519311
0.411548
0.105425
0.573306
0.0249498
-0.311312
0.200117
0.0807867
0.143563
0.744631
0.260515
0.997623
0.290088
-0.757602
-0.108691
0.102617
0.0157555
0.351872
0.271389
0.634981
-0.253445
-0.496925
0.0329188
0.202752
0.487157
0.981718
0.199943
0.224655
-0.100835
-0.504192
-0.214575
-0.149427
-0.0745504
0.507323
0.0684113
0.524579
-0.265189
-0.359877
-0.396507
-0.195493
-0.0386138
0.335775
0.402102
0.943333
-0.27572
-0.630147
-0.25915
-0.280385
-0.0692755
0.582496
0.43401
-0.120158
-0.628608
-0.751441
-0.522549
0.00502727
0.185227
-0.570517
-0.172584
-0.287554
-0.612091
-0.955802
-0.195417
-0.45165
-0.27636
-0.466204
-0.933709
-0.798077
-0.69816
-0.943707
-0.931547
-0.701734
-0.778017
-0.674663
-0.685497
0.0754304
-0.618572
-1.13591
-0.644056
-0.415414
-1.06625
-0.222282
-0.412469
-0.0334731
-1.11649
-1.20188
-0.769516
-0.856482
-0.606459
-0.392868
-0.6191
-0.642096
-1.07181
-0.848027
-1.05125
-0.968943
-1.05127
-0.99749
-0.94214
-0.908234
-1.17552
-1.25366
-1.42974
-1.22217
-0.550948
-0.947317
-0.632754
-0.532517
-0.942537
-1.22272
-1.02233
-1.68126
-1.11663
-1.04046
-1.10617
-1.36306
-0.835219
-0.890016
-0.267615
-0.231922
-0.196977
-0.308493
-0.200754
-0.528307
-0.941051
-1.09807
-1.03024
-0.915162
-0.283501
-0.567566
-0.167407
-0.49664
-1.27706
-0.897483
-0.573527
-1.06164
-0.651381
-0.702922
-0.942277
0.0797294
-0.481152
-1.28682
-1.0163
-0.822132
-0.877924
-0.581048
-0.877621
-0.284998
-1.42252
-1.30991
-0.954025
-0.704683
-0.352468
-0.289977
-0.698778
-0.442821
-1.68218
-1.41408
-1.27064
-0.580981
-0.659056
-0.158473
-0.657332
-0.572018
-1.14274
-1.18022
-1.34272
-0.683516
-1.15628
-0.719022
-0.498716
-0.694009
-1.55832
-1.44617
-1.4875
-1.5025
-1.32852
-0.666681
-0.972081
-1.10234
-0.551405
-0.859127
-0.866644
-0.491375
-0.618978
-0.117243
-0.133189
-0.0389693
-0.868869
-1.24691
-0.948159
-0.613411
-0.574005
-0.396926
-0.19973
0.209188
-0.906597
-0.563702
-0.210577
-0.660697
-0.59662
-0.349089
-0.619751
0.703577
-0.991092
-1.14348
-1.33965
-0.31996
-0.890435
-0.183569
0.0668694
0.307447
-0.779791
-1.04554
-0.81952
-0.678245
-0.14349
-0.0460369
-0.0214632
-0.336068
-1.07809
-0.923608
-0.920436
-0.792194
-0.187442
0.00123806
-0.357512
0.189036
-1.11137
-1.5672
-1.32871
-1.09649
-0.698769
-0.841889
-0.608319
0.129746
-1.17924
-1.44514
-1.41368
-1.14223
-0.785398
-0.585586
-0.342749
-0.422511
-1.03749
-1.1098
-0.259904
0.0269326
0.0179703
0.737363
0.594112
0.627559
-0.904169
-0.644228
-0.514369
-0.636254
0.240899
0.447105
0.6694
0.929454
-0.889714
-0.812909
-0.708808
-0.703253
0.316501
0.340155
0.980358
1.49789
-0.678783
-1.08871
-0.095653
-0.321319
-0.377947
-0.043923
-0.0369454
0.50616
-0.969534
-1.03001
-0.877333
-0.474722
-0.169396
-0.034794
-0.120383
0.450618
-1.37302
-1.04489
-0.65019
-0.733884
0.0490276
-0.437911
0.0222182
0.465513
-1.20967
-1.47466
-0.863146
-0.617902
-0.0970181
-0.0928821
0.0449037
0.373
-0.860806
-1.50771
-1.46621
-0.394739
-0.576579
-0.425106
-0.208134
0.173789
0.797955
-0.182836
1.21757
0.846311
1.02024
1.22069
1.57031
1.91658
0.642272
0.359709
0.769732
0.720121
1.07693
0.824289
1.17226
1.34259
0.307262
0.127813
0.465444
0.77099
1.22211
1.20583
0.705561
1.82728
0.153666
-0.206636
0.451852
0.691758
0.709001
1.18098
0.843327
1.81707
0.355438
0.249369
0.221426
0.487784
0.603419
1.4129
1.20637
1.64267
0.399649
0.626388
0.513731
0.41194
0.940084
1.139
0.681968
1.64556
0.136699
0.401147
0.329625
0.365138
1.12322
1.02208
0.695992
1.7956
0.0217289
0.113456
0.430749
0.614888
0.573606
0.538294
0.751921
1.5117
-0.653337
-0.143847
-0.385803
0.611521
0.260599
0.849928
1.10727
0.258065
-0.0301384
-0.428348
-0.408877
-0.0180337
0.227578
0.331501
0.508767
0.667822
-0.234608
-0.795635
-0.155276
-0.233517
0.131116
0.705716
0.45163
0.926232
-0.20549
-0.647581
-0.738621
-0.282373
-0.0320786
0.321117
0.614862
1.11014
-0.395444
-0.234902
-0.722929
-0.0451353
0.112196
0.570962
0.599299
0.65011
-0.836104
0.0448641
-0.527179
-0.308492
0.00390856
0.466044
0.599024
0.76491
-0.700293
-0.641564
-0.292512
-0.649363
0.312412
0.364683
0.143331
0.680823
-0.631242
-0.7021
-0.543496
-0.396158
-0.209781
0.436016
0.164181
-0.0451447
0.809193
0.993123
0.725662
1.0042
1.3416
1.38943
0.897176
0.770913
1.51035
1.12111
0.809332
0.592381
1.20102
1.09708
0.906563
1.31604
0.839485
1.23105
0.867934
0.830127
0.612181
1.30532
0.74749
1.21042
0.917631
0.596929
0.410402
0.729966
0.681304
1.20815
1.24449
0.809125
1.10029
0.928217
0.592264
1.26535
0.895324
0.835851
0.804863
0.869154
0.825333
0.280693
0.2414
0.753447
0.511916
0.832129
0.879798
1.04322
0.546352
0.181385
0.371036
0.751638
0.547505
0.901485
0.741956
0.751337
0.310225
0.0837842
0.673423
0.255391
0.481865
0.746452
0.522487
0.57302
-0.73608
-0.727479
-0.611554
-0.301274
0.185047
0.187782
0.341788
-0.337411
-0.596245
-0.946472
-1.11364
-0.279321
-0.514913
-0.282901
-0.0991603
-0.365803
-1.00465
-1.56744
-0.829155
-0.896695
-0.317012
-0.0937421
-0.235845
0.537461
-1.01329
-0.994812
-0.961398
-0.837112
-1.06168
-0.000318392
-0.128266
-0.269786
-1.23967
-1.25073
-1.16842
-0.907492
-0.507638
-0.38493
-0.83336
-0.682667
-1.25403
-0.690092
-1.04581
-0.714359
-0.100727
-0.632913
-0.369394
-0.826331
-1.38555
-1.61672
-0.885531
-0.870899
-0.565728
-0.370013
-0.438679
-0.260401
-1.28366
-1.27884
-1.26259
-1.1764
-0.949517
-0.601633
-0.659907
-0.602017
-0.603345
-0.85757
-0.463552
-0.388298
-0.0904737
0.0435004
-0.224405
-0.23966
-1.23584
-0.941169
-0.890185
-0.363608
-0.423442
0.190019
-0.2582
-0.0389545
-1.02485
-0.755608
-0.376508
-1.03578
-0.889368
-0.180112
-0.485738
0.174148
-0.802132
-1.38419
-1.25091
-0.737726
-0.638451
-0.127993
-0.188761
0.121365
-1.19558
-1.23537
-0.693751
-0.909147
-0.138005
-0.0388639
-0.394421
-0.140872
-1.23194
-1.12536
-1.07517
-1.00996
-0.524059
-0.0183534
-0.345946
-0.146991
-1.37009
-1.38322
-1.06209
-0.759652
-0.628606
-0.331822
-0.206151
0.108602
-1.11967
-1.57938
-1.32016
-1.31336
-0.538948
-0.17282
-0.575205
-0.134284
-0.0871415
-0.403133
0.0807827
0.0426103
0.725935
0.264689
0.229824
0.420461
-0.304415
-0.554417
-0.211743
0.130913
0.102114
0.174285
0.507064
1.04073
-0.258092
-0.427879
-0.032424
-0.23374
0.0414536
0.140981
0.062179
0.926196
-0.096013
-0.536023
-0.165245
0.220496
-0.14683
0.423444
0.657521
1.11341
0.0170161
-0.577376
-0.555992
-0.579577
0.743977
1.1296
0.525397
0.639004
-1.0828
-0.434812
-0.323852
-0.208718
0.00341005
0.544907
0.586099
0.566993
-0.524178
-0.733854
-0.306571
-0.868138
0.510859
0.576043
0.0147836
0.849567
-0.593348
-0.796199
-0.34012
-0.739684
-0.110025
0.211957
0.0260032
0.474932
-0.95261
-0.743341
-0.871432
-0.273019
-0.119443
0.132658
0.101979
-0.516404
-0.932865
-0.914844
-0.867101
0.0427627
-0.309837
-0.155823
-0.550036
0.328177
-1.38418
-0.988193
-0.68655
-0.764413
-0.300021
-0.283091
-0.592725
0.203487
-0.856876
-1.04248
-0.819155
-0.11298
-0.538446
-0.187894
-0.319151
0.0912308
-0.719304
-0.935741
-1.08999
-0.163276
-0.123987
0.283033
0.0351657
-0.581327
-1.15778
-0.89843
-0.272858
-0.73173
-0.363498
-0.107527
-0.155781
-0.438815
-1.19824
-0.882382
-0.899382
-0.952316
-0.0228258
-0.422394
-0.383713
0.0219253
-0.982509
-1.4871
-0.523709
-0.752415
-0.894198
-0.278878
-0.434047
0.136531
0.558304
0.0106391
0.888851
1.14551
0.835621
1.48096
1.44594
1.19832
1.02665
0.462349
0.806994
0.950846
1.08103
1.06914
1.44941
1.1971
0.368967
0.218219
0.530847
0.775832
0.738176
1.0132
1.44913
1.9982
0.830179
0.104471
0.615582
0.765662
0.484505
1.14447
1.2607
1.11379
0.93613
0.212473
0.53812
0.883757
1.47383
1.43995
1.02317
1.23651
0.705664
0.374985
0.989193
1.03506
0.862079
1.2907
1.26952
1.16396
0.317126
0.354237
0.0293132
0.726563
0.763204
1.19111
1.21621
1.59949
-0.0547869
-0.194623
-0.132427
0.162814
0.942523
1.33601
1.50696
1.21072
-0.548973
-0.716155
-0.12591
-0.0728982
-0.185223
0.367536
-0.576288
-0.447448
-0.355653
-0.333643
-0.66417
-0.658742
-0.515848
-0.4754
-0.111639
0.146318
0.0574197
-0.898522
-0.123449
-0.409643
-0.611041
0.0753271
0.0105343
0.0284192
-0.631196
-0.710131
-0.756437
-0.859325
-0.834952
0.198257
-0.303657
0.120491
-0.577858
-0.706932
-0.441184
-0.748124
-0.587593
-0.193109
-0.595705
-0.184051
-0.506137
-0.477627
-0.909493
-0.813932
-0.66468
-0.324919
-0.651644
-0.782365
-0.685007
-0.585142
-1.50633
-1.02388
-0.792247
-0.497263
-0.667334
-0.37456
-0.944988
-1.47806
-1.2072
-1.43964
-1.27541
-1.30597
-1.3798
-0.787598
-0.651297
-0.341063
-0.533215
0.00941395
0.035523
0.076887
0.0703117
-0.06392
-0.696365
-1.08561
-0.657465
-0.152956
0.132033
0.16648
0.243058
0.280755
-0.486381
-0.85169
-0.59844
-0.00635761
-0.453353
-0.462851
0.358364
0.568275
-1.08651
-0.284597
-0.631254
-0.845737
-0.552725
-0.152583
0.00996819
0.055307
-0.772816
-0.72621
-0.858719
-0.698685
-0.314564
-0.369228
-0.229188
0.250696
-1.17026
-1.01906
-1.1075
-0.741031
-0.0370522
0.42245
-0.205815
0.364906
-1.0088
-0.902526
-1.03342
-1.02806
-0.533237
-0.277344
0.00232253
0.47467
-1.32128
-1.0798
-1.02856
-0.804533
-0.726103
-0.122621
-0.208281
0.124952
-0.954572
-1.32942
-0.769118
-0.511723
-0.304414
0.317186
0.0980203
-0.0815496
-0.775783
-1.51622
-0.98548
-0.843342
-0.286723
-0.643736
-0.33062
0.0694391
-1.06714
-1.1611
-1.14043
-0.548849
-0.681489
-0.166934
-0.0126672
0.587059
-1.20998
-1.08359
-1.36638
-1.01697
-0.791291
-0.250702
-0.406865
0.315739
-1.48186
-1.34834
-1.18772
-0.826013
-0.405977
-0.103716
-0.0750025
-0.274488
-1.54507
-1.22493
-1.02157
-0.978793
-0.390967
-0.385958
0.0912731
-0.839865
-1.49281
-1.38474
-1.36032
-1.1008
-1.08997
-0.550842
-0.0495428
-0.219821
-1.85536
-1.58356
-1.64485
-1.07924
-1.01503
-1.02526
-0.770481
-0.327353
0.020599
0.0621017
0.14992
0.64491
0.81541
0.904382
1.43115
1.34543
0.116919
-0.131354
0.14771
0.641066
0.579633
1.29889
1.44189
1.26154
0.2964
-0.244406
0.349887
0.173892
0.426271
0.970282
1.54305
2.03781
-0.547771
-0.186479
0.255404
0.907602
0.216945
1.12677
1.30912
1.57896
-0.193398
-0.00796128
0.287416
0.870592
0.666598
1.6078
1.25141
1.20634
-0.630645
0.237894
0.261593
0.176216
0.6159
1.11208
1.26172
1.54141
-0.438827
-0.272529
0.193326
-0.232648
0.741265
0.99453
0.501597
1.63932
-0.462833
-0.650385
-0.0134944
-0.0172115
0.377307
0.599558
1.19463
1.46535
0.276506
0.511621
0.625414
0.940147
1.46426
1.52925
1.04504
1.07601
0.50701
0.176232
0.116989
0.870411
0.953772
1.54239
1.15762
1.24093
0.438194
0.262074
0.494587
0.533051
1.25313
0.935938
1.5059
1.56729
0.281153
0.164405
0.423123
0.945632
0.745068
0.739663
1.21412
1.41364
0.428939
-0.170756
0.429051
0.631601
0.772952
1.50525
1.12319
1.14455
-0.00635634
-0.256421
0.0159441
0.684354
0.580565
0.510665
0.679799
1.58221
-0.0766627
0.0605567
0.319257
0.377532
0.687345
0.736521
1.05548
2.03281
0.184322
-0.0555473
0.0747415
0.359929
0.573994
1.03982
0.943237
0.822158
0.83786
0.88817
0.522339
0.57937
1.26949
0.994054
0.801399
1.03564
0.485819
0.54192
0.631211
0.472693
0.781933
0.750992
0.732479
1.4021
0.337501
0.187011
0.614015
0.637042
0.574999
0.767887
1.17014
0.859544
0.292626
-0.0825913
0.659723
0.169125
0.628766
0.842333
1.47145
0.514712
0.561526
0.368812
0.845275
0.988612
1.44705
1.1856
1.37937
1.67504
0.588219
0.490428
0.919555
1.29694
1.12941
1.17609
1.63085
1.92738
0.616538
0.472411
0.673509
0.994109
1.44728
1.04605
1.22394
2.0048
0.747459
0.481853
0.821127
1.10168
1.28315
1.07973
1.05059
1.12101
0.0725549
0.863657
0.181119
-0.0952384
0.98507
0.393121
0.498697
0.629321
0.500631
0.171866
0.0769024
0.411354
0.308426
0.227478
0.265508
0.599336
0.234264
0.266085
0.197537
0.133887
0.112408
-0.00196675
0.252018
0.142308
0.14469
0.267362
0.131542
0.148307
-0.0553621
0.881857
0.722434
0.433188
0.19135
-0.0283901
0.235936
0.488255
0.26848
0.312002
0.539033
-0.31456
-0.00557557
0.204321
0.194435
0.539136
0.380403
0.218572
0.318544
0.475961
0.890554
0.109908
0.264952
0.0970492
0.830862
0.118909
0.153871
0.800413
0.0267999
-0.155069
0.546619
0.0563786
0.203533
0.206231
0.356375
0.288661
-1.28161
-1.34076
-1.27269
-0.973408
-0.54274
-0.769488
-0.552748
-0.886376
-1.70031
-1.41029
-1.47949
-0.778114
-0.920979
-0.94187
-1.14312
-0.805377
-1.74763
-1.25804
-1.37241
-1.18519
-1.28964
-1.06725
-1.03446
-0.521228
-1.16278
-1.43174
-1.36667
-1.57926
-1.24472
-0.937552
-0.654154
-1.03419
-1.82768
-1.88343
-1.51318
-0.994973
-1.09158
-0.701867
-0.757861
-0.923803
-1.88641
-1.87831
-1.26711
-0.856715
-0.696348
-1.19256
-0.986809
-0.761619
-1.69919
-1.94882
-1.49377
-1.22031
-1.18702
-0.641739
-0.437615
-0.601656
-1.67258
-1.98979
-1.49488
-1.21417
-1.05102
-1.59698
-0.865165
-0.665097
-0.0574056
-0.139061
0.283901
-0.171478
0.368677
-0.190506
0.389257
0.384868
-0.603958
-0.619603
-0.615501
-0.0520779
-0.674143
0.0312263
-0.245573
0.0926454
-0.587323
-0.577263
-0.261369
-0.158052
-0.00489897
-0.198528
0.129667
0.415477
-0.494134
-0.76175
-0.626582
-0.778846
-0.0648483
-0.154639
-0.00894737
0.35665
-0.690754
-0.730717
-0.278789
0.137356
0.0632046
0.256117
0.482957
1.10567
-1.06071
-0.784582
-0.0951761
0.383823
0.235711
0.366136
0.210207
1.05977
-0.477383
-0.488713
-0.609129
0.459234
0.242392
-0.109913
0.0620177
0.702409
-0.5607
-0.849302
0.200095
-0.212491
0.271525
0.216163
0.790239
0.707987
0.282741
0.41727
0.755835
0.550149
1.48772
1.54401
1.38211
1.62088
0.448299
0.528385
0.145588
0.95512
1.07369
0.754533
1.22141
2.3837
0.365383
-0.0411017
0.840196
0.617415
0.985957
0.938874
1.19104
1.38087
0.133492
0.304094
0.185683
0.408955
0.883569
1.10619
1.42357
1.68562
0.12112
0.483393
0.147496
1.28091
1.44368
1.32849
1.44732
1.99007
0.0185358
0.0831529
0.799467
1.14848
1.00317
0.989844
1.77713
2.08748
0.421512
-0.180876
0.338731
0.461942
1.89491
1.29955
1.25884
1.90815
0.289448
-0.0897365
1.03538
0.683938
0.98468
1.00829
1.56885
2.71884
0.761433
1.03997
1.22341
0.990335
1.56385
1.55096
2.01516
1.84652
1.04738
0.647153
0.910467
0.962515
1.19156
1.47686
1.09252
2.15545
0.655273
0.86912
1.00729
1.30414
1.4363
1.28179
1.49644
1.8766
0.874745
0.817822
0.617389
0.767065
1.11767
1.59489
1.55601
1.41673
0.633767
0.557777
1.11602
1.35095
0.977969
1.49816
1.5863
1.52484
0.681202
0.335118
1.35556
1.21778
1.55419
1.13623
1.33849
1.84953
0.963375
0.451194
0.36023
1.13819
1.34401
1.45468
1.01782
2.12572
0.407723
0.844457
1.016
0.758409
1.67625
1.35044
1.27632
1.90865
1.45671
1.1826
1.21433
1.95907
1.68763
1.98215
1.54172
1.77444
1.0191
-11.836
1.10665
1.43048
1.82654
1.36783
1.72952
2.14111
0.993661
1.14945
0.967944
1.93356
1.36947
1.58508
1.88298
1.65933
2.16732
1.68135
1.33359
1.65036
1.58756
1.78321
1.71442
2.12917
1.10778
1.6741
1.19529
-44.2653
1.52585
2.21803
2.22187
2.57449
1.19936
1.35701
1.38765
2.42934
1.77388
1.5114
1.83872
2.43594
1.58775
0.953308
1.50147
1.52836
1.89612
1.23349
2.30153
2.57108
1.69596
1.44822
-10.9977
1.60187
2.07054
2.04359
1.94277
1.87133
1.15392
1.16875
0.86596
0.897315
1.14447
0.924684
0.936856
0.705535
1.25405
0.989954
0.866862
0.885606
0.666846
0.940676
0.941609
0.855472
1.66557
1.22165
1.40032
0.902856
1.24247
0.775309
1.21333
0.666417
1.60461
0.994157
0.848101
0.658613
1.1053
0.66574
1.03266
1.08096
0.984621
1.16847
1.24441
1.66411
1.4687
1.47495
1.48419
1.20091
0.766094
1.07018
1.33187
1.26129
1.34792
0.851364
1.12597
1.45033
1.08196
1.0466
1.06944
1.20316
1.37281
1.25375
1.09872
1.72297
0.550463
0.682424
1.8895
1.30797
1.84214
0.882885
1.34726
1.38262
-0.30354
-0.246569
-0.305764
-0.287868
0.237667
0.0459234
0.225816
0.282832
-0.280931
-0.370441
-0.437254
-0.0915717
0.127978
0.0932253
0.347664
0.550848
-0.390155
-0.317539
-0.177385
-0.355741
0.048213
-0.102002
0.059197
0.510621
-0.37714
-0.463972
-0.312466
-0.342482
-0.480642
0.102507
0.0141458
0.192926
-0.763711
-0.635089
-0.581339
0.183585
0.0586097
0.264809
0.182141
0.21076
-0.513974
-0.153781
0.256208
0.218171
0.179279
0.113923
0.264801
0.23983
-0.336169
-0.784021
-0.492238
-0.130895
0.614753
0.505867
0.170967
0.552555
-0.666196
-0.738056
0.32593
-0.0725212
-0.226344
-0.0956599
0.105873
0.457477
-1.95165
-1.96823
-1.85088
-1.24709
-1.1885
-0.619399
-1.25616
-1.03373
-1.69108
-1.40754
-2.15928
-1.78343
-1.14448
-1.64881
-1.17433
-1.005
-1.96974
-1.52761
-1.84449
-1.93378
-1.27195
-1.57471
-1.55261
-1.15053
-1.94969
-1.60039
-2.13747
-1.55603
-1.67512
-1.45173
-1.38344
-0.701632
-2.24689
-2.22133
-1.90169
-1.66892
-1.68557
-1.20306
-1.00176
-0.912
-2.15129
-2.28933
-1.62984
-1.22191
-1.53275
-1.88845
-1.04177
-1.21015
-2.23913
-2.34301
-2.09578
-1.36527
-1.35071
-1.55018
-0.89274
-0.901075
-2.09269
-1.73334
-1.49997
-1.97738
-1.60792
-1.22793
-1.29776
-0.873416
0.184315
0.133952
0.455125
0.362979
0.894674
0.895634
1.04923
1.62933
-0.0921624
0.113961
0.560615
0.351784
0.538943
0.870409
0.855744
1.63317
0.123581
0.218642
0.451125
0.319655
0.648744
1.00483
0.85703
1.49945
-0.0980042
0.0285077
-0.122834
0.160923
0.137349
0.958293
1.16891
1.33311
0.0954438
-0.130769
0.598801
0.744564
0.871741
1.36713
1.24736
1.15266
-0.154037
0.0843751
0.239915
0.574693
0.59169
0.459901
0.869495
1.33517
-0.192037
-0.333745
-0.576313
-0.0172945
0.811342
0.658228
0.713039
1.55031
-0.202075
-0.238035
0.314281
0.245199
1.04581
0.994494
1.0476
2.27641
0.0746617
-0.0429832
0.192853
0.201745
1.10869
1.14481
1.04287
0.916482
0.101817
-0.226161
0.383907
0.511428
0.51866
0.698698
0.577858
1.08538
-0.418241
0.398665
0.57482
0.483245
0.687105
0.39916
1.31988
0.644028
0.00601369
0.253137
0.371359
0.576843
0.775916
0.619779
0.907959
1.04276
0.194222
-0.185987
0.684228
0.975308
1.07196
0.48682
1.48105
0.94256
0.181569
-0.0938103
0.799639
0.821853
1.0595
1.01964
1.10595
1.44394
0.454401
-0.0477159
0.137643
0.929277
1.01059
0.609123
1.00624
1.64845
-0.00362741
-0.302879
0.485593
0.520171
1.34318
0.614361
1.50521
1.34223
0.384547
0.0827579
0.261522
0.247692
1.05439
1.20743
0.86474
0.768338
0.369223
0.0188357
-0.0207726
0.29524
0.749188
0.47083
0.591796
0.373197
0.376061
-0.0712394
0.192212
0.228113
0.66536
0.639004
0.938039
1.00291
0.4885
-0.193948
0.357045
0.627504
0.620113
0.905369
0.661119
1.08212
0.738601
-0.15068
0.109741
0.548058
0.699403
1.07266
1.13
1.23737
0.450039
-0.0682283
0.607547
0.668156
0.838309
0.51181
1.06407
1.04129
0.509927
-0.179425
-0.0117012
0.354321
0.792411
0.344533
0.697909
1.11869
0.102902
0.0759001
0.50116
0.227785
0.293745
0.456227
0.769219
0.930691
0.121614
-0.417736
-0.180264
-0.502224
0.225056
-0.0555582
-0.271158
-0.293667
-0.401717
-0.0228706
-0.383763
-0.297121
0.145572
-0.0716329
-0.337467
-0.157988
-0.192701
0.125402
-0.367471
0.186728
-0.274085
-0.599959
-0.452893
-0.129259
0.0567617
-0.308602
-0.744309
-0.123275
-0.165652
-0.0526035
-0.36805
-0.301086
-0.277793
-0.489453
-0.307051
0.101993
0.133818
-0.1033
0.439902
0.153929
-0.0973071
-0.286131
-0.00903645
0.127538
0.320503
-0.359551
0.0180003
0.0858807
-0.249683
-0.241079
-0.506119
0.0565208
0.410304
-0.15118
0.0882344
-0.0613885
-0.732171
-0.593677
-0.150233
-0.236486
-0.127698
-0.151728
-0.130545
-0.515645
-0.091575
-0.0867846
-0.0750931
0.0975477
-0.0111782
0.215553
0.621017
0.51062
0.281537
-0.181068
-0.606296
-0.152205
-0.0124441
-0.0529527
0.643755
0.423959
0.0874991
0.533981
-0.00405225
-0.0853409
0.299876
0.171154
0.523439
0.63105
-0.198266
-0.443879
-0.408186
-0.316832
-0.455801
0.470246
0.249804
0.0309488
-0.375511
-0.561033
-0.178787
-0.123087
0.632366
0.504665
0.651415
0.938918
-0.126491
-0.232111
0.00874935
0.146745
0.355945
-0.24312
0.333212
0.923445
-0.0625128
-0.309026
-0.407961
0.0122392
0.417557
0.61354
0.453411
0.889218
-0.379344
-0.583716
0.28798
-0.465173
0.245942
-0.0905065
0.329037
1.1118
-0.649819
-0.737083
-0.710133
-0.602444
0.155319
0.373641
-0.0727343
-0.120634
-0.859767
-0.703917
-0.69708
-0.0983124
-0.608713
-0.206541
0.136215
0.63263
-1.04921
-0.340801
-0.659204
-0.872198
-0.71044
0.0245102
-0.0999606
0.410025
-0.912544
-0.875305
-0.684562
-0.976424
-0.612119
-0.513879
-0.424503
-0.349666
-0.842304
-0.913035
-0.935204
-0.3754
-0.369239
-0.603314
0.193272
0.139081
-1.00831
-0.874559
-0.601072
-0.274374
-0.402346
-0.519012
-0.633489
0.176365
-0.838007
-1.11571
-0.849042
-0.547242
-0.295636
-0.463513
-0.108287
0.400823
-1.30989
-0.939228
-0.465777
-0.575068
-0.493104
-0.193431
-0.342955
0.429031
-0.170742
0.447291
0.730633
0.617419
1.0382
1.37719
1.46308
1.38714
0.353207
0.449252
0.220724
0.517105
0.828862
1.09608
1.31623
1.65069
-0.106946
0.0440289
0.024628
0.835473
0.902268
1.31331
0.960868
1.58093
0.441972
0.311118
0.335772
0.732362
0.492142
1.20562
1.18413
1.4937
0.0500053
0.328986
0.674802
0.403902
0.575059
1.55932
1.57992
1.76904
0.170771
-0.00415108
0.729619
0.743173
1.08119
1.01338
1.74482
1.9541
-0.181366
-0.224482
0.0573632
0.788083
1.325
1.25778
1.32516
1.76129
-0.162883
0.237837
0.961201
0.624525
1.27117
1.37439
1.38067
1.71025
0.845222
0.684051
1.0708
0.871651
1.71529
1.54958
2.06678
1.45701
0.641309
1.08675
1.146
1.05505
1.02307
1.28357
1.44224
1.37478
1.00109
0.823764
0.620502
1.04641
0.9841
0.91932
1.7681
1.79907
1.21621
0.787272
0.911054
0.605456
0.647922
1.46453
1.1589
1.57181
0.462507
0.392235
0.865668
1.09458
1.23211
0.896201
1.71956
1.86236
0.680043
0.413803
1.02875
1.36646
1.44232
0.946338
1.57276
2.04328
0.972564
0.658827
0.567011
1.2478
1.48271
1.59791
1.65086
2.17513
0.720259
0.656541
1.19886
1.43015
1.93883
1.15419
1.61114
1.74229
1.47643
1.22548
0.71307
1.23846
0.445889
0.888416
0.39459
0.464427
1.50848
1.38832
0.577011
0.626124
0.357595
0.412095
0.335048
0.366671
1.27437
0.67
0.527134
0.708813
1.02771
0.478611
0.145682
0.222296
1.40076
1.19475
0.981565
0.65759
0.484057
0.736885
0.182373
0.189375
1.20298
1.09815
1.10648
0.909794
0.143012
0.405219
-0.17303
0.250808
1.15247
1.44618
0.745646
0.927989
0.620666
0.0454151
0.736329
0.30796
1.1189
0.911619
0.127829
0.75321
0.698777
0.0264265
0.0100282
-0.124602
1.36985
1.45959
1.1063
1.9489
0.591529
0.720777
0.36662
0.743902
1.52752
1.46142
1.38874
0.871668
0.737951
0.508699
-0.56737
0.0546584
1.84771
1.28116
1.00553
0.957331
0.356553
-0.066575
0.296451
0.0655233
1.60245
1.5042
1.09088
1.35314
0.999764
0.465945
-0.160526
-0.344173
1.57714
1.49039
1.32319
0.856281
0.69357
0.475212
-0.410836
0.0290663
0.736255
0.734985
0.556545
0.927331
0.269806
-0.0941925
0.00704813
0.226132
1.24648
0.944888
0.784877
0.659004
0.49104
0.170431
0.199934
-0.0430021
1.37372
0.951789
0.797301
0.47055
0.379046
0.01566
0.444044
0.320506
0.884326
0.902926
1.16448
0.857708
0.402631
-0.141821
0.199809
-0.0804299
1.11517
0.151685
0.331738
0.275999
0.296549
0.147544
-0.256938
-0.0227717
0.647001
0.410411
0.596873
0.380116
0.351843
-0.00757827
-0.519938
-0.16907
0.851342
0.204013
-0.0406513
0.40403
0.192924
0.0832558
-0.322026
-0.264004
0.672381
0.819235
0.0903402
-0.0785052
0.39357
-0.263571
-0.64559
-0.389512
1.07641
0.529838
0.208871
-0.151156
-0.186116
0.244698
-0.181444
-0.125147
0.400343
0.459776
0.302123
0.604104
0.199666
0.0692249
-0.452941
-0.276133
0.608106
0.661411
0.370614
0.183673
0.334814
-0.200598
-0.343152
-0.258681
0.701322
0.473643
0.718638
0.522625
-0.24262
-0.524401
-0.508468
-0.177388
0.465867
0.900929
0.783378
0.744667
-0.216817
0.14691
-0.275355
0.345976
1.2405
0.893664
0.325738
0.923179
0.588048
0.250642
-0.205873
0.0317152
1.02521
0.838677
0.488164
0.778469
0.881975
-0.365629
0.0916423
0.170529
1.17738
0.675488
0.825362
1.09884
0.715009
0.414883
-0.155059
0.591628
0.585804
0.428781
1.28083
0.294676
-0.0383139
0.212435
-0.0406042
0.778529
1.32565
0.808007
1.24423
0.782945
0.358409
0.295623
0.31779
0.429062
0.875955
0.929445
0.629304
1.43895
0.829902
0.483554
0.44013
0.547354
0.976102
0.954265
0.951867
1.7133
0.406779
0.102517
0.299081
0.711012
1.63941
1.11933
1.60549
1.50214
1.43478
1.47215
1.01126
1.33915
1.6814
1.42324
1.55611
1.62901
1.51826
0.906763
1.6218
1.02681
0.956842
1.41025
1.01444
1.09567
2.02985
1.27069
1.23652
0.697415
1.04523
1.54278
1.666
1.30353
1.62277
1.07544
0.71358
0.850713
0.849121
0.818158
1.11934
1.15416
0.996643
0.836145
0.58857
0.683155
0.867881
1.34059
0.811214
1.22311
1.01155
0.642012
1.14248
0.823287
1.35332
1.07586
1.08956
1.7231
0.962239
0.922493
1.1634
1.77322
0.864548
1.31605
1.34871
1.4707
0.814296
1.24988
0.478299
0.95521
0.244235
-0.00452792
0.0847723
0.27455
-0.428038
0.0733261
-0.265184
-0.0785149
0.686907
-0.0187068
-0.110694
0.609329
0.504945
-0.443453
-0.417475
0.015426
0.379583
0.446358
-0.00222964
0.0173575
0.269727
0.0447771
-0.78322
-0.421571
0.677279
-0.184291
0.0686757
0.30693
0.47822
-0.108454
-0.474438
0.293872
0.419345
0.497523
0.818853
0.141794
0.0943446
-0.322809
-0.27947
-0.156618
0.661544
0.680375
0.473372
0.200512
-0.103959
-0.152509
0.00077751
-0.776322
0.707484
0.454225
-0.0997864
0.209408
-0.129439
-0.582846
-0.738764
-0.317093
0.28017
0.677189
0.56755
0.517158
0.205629
-0.118515
-0.15132
-0.109991
-41.0537
67.749
1.45678
1.33707
1.11015
1.05225
0.48103
0.94297
1.63277
1.38152
-93.4257
1.30952
1.27965
0.386419
0.426433
0.724766
1.17713
-76.097
-48.4354
1.24994
1.24657
1.29435
0.686099
0.590492
1.47648
0.98885
1.47062
1.34212
1.40504
1.30918
0.479201
0.902977
1.11063
1.24267
1.07175
1.55786
0.63438
0.907328
0.706016
0.890379
0.938043
1.05852
1.04432
1.52802
1.26304
0.938279
0.756777
0.653525
1.36488
1.18568
1.42637
1.42936
1.3074
0.857682
0.771243
0.736074
1.06608
1.13748
1.13774
1.66603
1.0742
1.07156
1.07473
1.08448
2.04526
1.54641
1.00492
1.74384
0.541376
1.05521
0.231547
0.0656491
2.35414
1.82201
1.69848
1.69357
0.803579
0.312061
0.0262646
0.285655
2.05494
1.45683
1.71377
1.5819
1.38419
0.961884
-0.113202
-0.200935
2.3136
1.96357
1.69855
1.26925
1.07333
0.333946
0.0188804
0.00255145
1.62631
1.83601
1.68108
0.991109
0.646491
0.432047
0.517643
0.85751
1.946
1.25048
1.76046
1.08128
1.08276
0.883672
0.348238
0.565309
1.40902
1.66711
1.03667
0.925332
1.10869
1.16164
0.678313
0.441169
1.61832
1.50129
1.38728
1.46599
1.03472
0.874407
0.61309
0.57837
-0.0291668
-0.441913
-0.60582
-0.343578
-0.794304
-0.713752
-1.4456
-1.12632
-0.419416
-0.816279
-0.888952
-0.538359
-1.16686
-1.11557
-1.34171
-0.858539
0.275954
-0.423332
-0.822166
-0.41549
-0.687719
-0.758253
-0.389617
-0.968172
-0.157424
-0.16858
-0.845137
-0.444252
-0.627032
-0.990726
-1.48871
-1.12067
-0.0597543
-0.489014
-0.176341
-0.738963
-0.987806
-1.05874
-1.26679
-1.07168
-0.154694
-0.339055
-0.984704
-0.778723
-0.91721
-0.813022
-0.569785
-0.999267
-0.565924
-0.61972
-1.1008
-0.579311
-1.15539
-1.60503
-1.03223
-1.48011
-0.348678
-0.430053
-0.458723
-0.396616
-0.86867
-0.871911
-0.773074
-1.2242
0.306473
-0.203847
-0.208503
-0.0498314
-0.850988
-0.18575
-0.850323
-0.712985
0.369926
-0.0881727
-0.571811
-0.427299
-0.517135
-0.914664
-0.844561
-0.877629
-0.0510212
-0.372354
-0.340581
-0.331734
-0.304073
-0.200207
-0.67284
-0.867129
0.148177
0.00196587
-0.310975
-0.16834
-0.203715
-0.666632
-1.01816
-0.63261
0.0327184
0.00920631
-0.465501
-0.970491
-1.00045
-0.823383
-0.634676
-0.405127
-0.202101
-0.269063
-0.392371
-0.613042
-0.722132
-0.776597
-1.08223
-0.995304
0.0387488
-0.345914
-0.386026
-0.545611
-0.441164
-0.737695
-0.90335
-0.548203
-0.179972
-0.409045
-0.090937
0.0626437
-0.815229
-0.76352
-0.496836
-0.488163
0.815843
0.550578
0.956443
1.11363
0.396069
0.942929
0.395039
0.667095
0.993543
0.967152
1.06961
1.11796
1.00821
0.712059
0.84505
0.621246
0.937478
0.776384
0.0905874
1.16198
1.44078
0.976247
1.03695
0.867355
0.565283
0.629421
0.815889
0.830198
1.17146
0.999192
0.871092
0.655813
1.51102
0.920102
1.23418
0.865882
0.692028
0.600787
0.862969
0.828145
0.920784
1.08527
1.10827
1.0424
0.769919
0.639508
0.88262
0.946752
1.24462
1.25272
1.16148
1.49407
0.939279
1.24025
0.725466
0.564675
1.15256
1.05987
1.60577
1.28941
0.412282
1.20831
1.08457
0.586458
1.96683
1.84172
0.978605
1.41551
1.05741
1.35055
0.61845
0.972731
2.05698
1.74743
1.49686
1.4605
1.68672
0.967645
1.16096
1.02677
1.99803
1.49015
1.30053
1.25368
1.63446
1.24477
0.602919
1.04361
1.78645
1.64987
1.34403
1.42625
1.39871
1.40046
0.803578
1.63105
1.37066
1.31555
1.75943
2.0367
1.01035
0.854038
0.997051
1.28872
1.53435
0.702487
0.98635
1.23615
1.32343
1.22915
0.934298
0.739488
0.831399
1.12777
0.952247
0.953927
0.947185
1.01186
0.821202
0.614078
1.2274
1.38787
1.47311
1.52259
1.32217
0.942532
1.03166
0.715258
2.77768
-58.7597
-31.5683
-88.075
1.69303
2.3154
1.67005
1.58496
56.194
-167.364
0.55786
-88.3593
2.02376
1.84271
1.74325
1.63753
-180.028
-56.9135
2.23236
2.36756
69.0046
1.75363
1.48429
1.34054
79.7148
-94.1271
-132.751
-0.355703
2.16738
2.11804
1.27882
1.71273
-18.5282
-105.719
-144.969
2.16696
1.45116
0.940244
1.6854
1.37402
-71.2957
-89.252
1.86628
1.91298
2.1619
1.94463
1.29318
1.72208
-47.3367
-32.0132
2.26764
2.05852
1.72298
1.05937
1.19812
1.67097
-43.5127
-34.8063
-124.371
2.49579
1.59808
1.30749
1.71911
1.23468
1.26135
0.840394
0.793991
0.695862
-0.165942
0.175283
-0.881149
-0.587561
1.37538
0.804296
0.904352
0.954886
-0.129819
-0.503545
-0.681658
-0.482619
1.27423
0.889225
0.146496
0.643171
-0.00121935
0.133526
-0.298142
-0.724378
1.43759
1.07041
0.878533
0.420723
0.528765
-0.812855
-0.475428
-0.824213
1.23974
0.699094
0.795506
-0.0277284
-0.163372
-0.483105
-0.700108
-0.602386
1.57871
1.04724
0.684462
0.264335
0.314473
-0.430046
-0.35377
-0.399536
0.757431
1.22443
0.656965
0.396562
-0.0130509
-0.471837
-0.420551
-0.760616
0.712318
0.696485
1.01115
0.388151
0.368242
-0.422662
-0.074116
-0.507444
0.121024
-0.151375
0.234154
-0.226864
-0.701596
-0.282921
-1.38544
-1.00706
0.639753
-0.461187
-0.15819
-0.560146
-0.78481
-1.17776
-0.602008
-0.770166
-0.0849637
0.0228547
-0.588626
-0.443856
-0.183598
-0.733331
-0.623782
-0.84274
0.450126
0.214674
-0.266098
-0.425587
-0.51425
-0.931083
-1.28669
-1.51602
0.0308603
-0.298294
-0.010815
-0.308453
-0.875656
-0.761124
-0.955159
-0.86926
-0.0462584
0.518915
-0.68003
-0.143873
-1.02519
-0.947726
-0.834159
-0.908093
0.232544
0.424982
-0.0237766
-0.0542853
-0.627698
-0.637892
-0.431681
-1.08821
0.362183
0.0818008
0.228831
0.00463195
-0.47714
-0.50978
-0.787164
-1.04825
0.523493
-0.385568
-0.449316
-0.0587436
-0.230223
-0.202112
-0.862158
-0.137825
0.778208
-0.14393
-0.260213
0.339148
0.0696065
-0.22863
-0.631564
-0.136855
0.577735
0.129401
-0.312473
0.166321
0.529974
0.317937
-0.534717
-0.179576
0.877786
0.85982
0.149207
0.509531
0.32162
0.126077
-0.239052
-0.128162
0.468987
0.106817
0.15171
0.153464
0.169755
-0.110525
-0.253081
0.027472
0.903285
0.362336
0.00323546
0.288537
0.0813739
-0.250321
0.216372
0.0753037
0.716934
0.590159
-0.0215462
0.354855
-0.131939
-0.203773
0.303914
-0.186277
0.652689
0.751976
0.548368
0.963505
0.00536406
0.156286
0.307966
-0.684824
1.01526
0.301815
0.450594
0.635035
0.134196
0.714686
0.266697
0.258006
0.765138
0.2892
0.515572
0.747306
0.474566
0.244976
0.283792
0.316367
0.854308
0.374572
0.240742
0.933748
0.757317
0.736331
0.284467
-0.180995
0.88038
0.949931
0.740376
0.303163
0.812451
0.46927
0.502502
0.143138
0.639473
0.0816595
0.737791
0.450457
0.144594
0.364251
0.379524
0.780957
0.664194
0.590262
0.128856
0.622238
0.319718
0.863882
0.390263
0.305603
-0.0033665
0.898765
0.585322
0.625728
0.616375
0.561691
0.284772
0.243148
0.395436
0.390735
0.938213
0.6873
0.618788
0.414604
0.576061
0.592561
1.51806
0.982805
0.85374
1.036
0.802451
0.838862
0.584495
0.705754
1.50782
0.762758
0.8343
1.28536
0.856696
1.3205
0.376474
0.79453
1.37748
0.664601
0.319768
1.1371
1.32862
0.861317
0.127553
0.418499
1.33968
1.11894
1.19998
1.21996
1.02077
0.763853
0.494071
0.618401
1.28295
0.589738
0.975208
0.634433
0.157733
0.746049
0.460732
0.882325
1.56875
0.990666
0.494396
0.743955
1.09948
0.645523
0.748563
0.676958
1.30049
1.16266
1.04835
0.601011
0.928231
1.4456
0.42746
0.0186948
0.857459
1.0884
1.50895
1.40168
0.918883
0.811644
0.619932
0.703746
2.70905
2.32896
1.81929
1.79999
1.03912
0.989699
0.763236
1.20751
2.60306
1.69363
1.66196
1.89578
1.5936
1.56689
1.00962
1.50819
2.09072
1.52429
1.68025
1.76821
1.68503
1.72497
1.10275
1.08493
2.34884
1.62386
1.24606
2.02597
1.54687
0.820795
1.2029
1.21212
1.75984
1.85112
1.6509
1.56162
1.5043
1.2076
1.14812
1.46704
1.91104
1.29671
1.55203
1.37797
1.15953
0.994565
1.14609
0.890335
1.66675
1.60028
1.29817
1.31275
0.891312
1.13599
0.503501
0.791706
1.55046
1.697
1.44509
1.30173
0.945107
0.544077
0.770268
0.73327
0.319248
0.152948
0.00716753
-0.154485
-0.710168
-0.975487
-1.19586
-0.465252
0.452421
0.0604523
0.177162
0.22175
-0.800444
-0.227094
-1.13796
-0.71072
0.510032
0.650115
0.428401
2.06923e-05
-0.174038
-0.713707
-0.615972
-0.449696
0.82047
0.317885
0.316614
0.330975
-0.494294
-0.579391
-0.996939
-0.188305
0.869178
0.921256
0.337415
-0.657683
-0.115681
-0.502252
-0.193141
-0.989862
0.558042
-0.0143229
-0.00867999
0.0055579
-0.324318
-0.27647
-0.543406
-0.602859
0.627402
0.365672
-0.172557
0.255537
-0.139628
-0.621069
-0.725106
-0.540859
0.162659
0.66662
0.55598
0.274014
0.264113
-0.582739
-0.755169
-0.772145
-0.578348
-0.702779
-0.513279
-0.747877
-1.12886
-1.47672
-1.31889
-1.31339
0.368602
-0.354077
-0.774334
-0.538771
-1.60205
-1.51177
-1.66662
-1.24613
-0.221806
-0.312842
-0.413867
-0.962035
-1.1372
-0.956702
-1.22863
-1.23223
-0.277747
0.179821
-0.100723
-0.342704
-0.852342
-1.20165
-1.37091
-1.36962
0.106081
0.170956
-0.505904
-0.895788
-0.590335
-1.80007
-2.05325
-1.3251
0.177966
-0.142773
-0.682047
-0.457886
-0.871086
-0.989959
-1.51254
-1.27058
-0.0382016
-0.053881
-0.100487
-0.307359
-0.634707
-0.759368
-1.33266
-1.34583
0.0321354
-0.0726023
0.0971577
-0.138642
-0.155395
-0.45566
-1.05762
-1.19341
0.565951
0.559804
0.980159
0.821924
0.127036
0.0323617
-0.232127
0.133155
0.728341
0.489853
0.281186
0.997022
0.518773
0.608187
0.337909
0.201685
0.994659
0.436043
0.641211
1.14805
0.864549
0.64365
0.401691
0.171894
0.763932
1.091
1.27291
1.04695
0.667958
0.395964
0.431536
0.620723
1.43485
0.94546
1.22592
0.514221
1.06341
0.567349
0.443514
0.497157
1.41296
1.25567
1.33219
0.72488
0.781124
1.22572
0.783915
0.638828
1.42205
1.77006
1.2797
1.55442
1.07923
1.54548
0.810739
0.512648
1.68565
1.14346
2.35524
1.57772
1.62795
0.949
1.28623
0.741913
1.20803
0.596007
1.0352
0.837101
0.557264
0.632137
0.640559
0.7679
0.908901
1.26922
1.49531
0.726286
0.343795
0.431636
-0.279007
0.532851
0.927976
1.07706
1.32694
0.862585
1.07863
0.478204
0.0987069
0.547871
1.12755
1.07886
1.26673
1.49023
0.479683
0.288376
0.476133
0.434121
1.30696
0.875428
0.990436
0.489807
1.18884
0.89759
0.541669
0.64641
1.44234
0.82402
1.15936
0.894546
1.13105
1.43334
0.178651
0.361679
1.38492
1.29528
0.422384
1.06535
0.682777
0.825623
0.204549
0.616538
1.14375
1.01316
1.61634
1.20734
0.443475
1.02029
0.504019
0.415945
0.0715857
0.313416
-0.0417726
0.345529
0.00969183
-0.146891
-0.385027
-0.000578609
0.540822
0.711214
0.833835
0.288047
0.00245218
-0.097211
-0.448451
-0.803995
0.131326
0.30335
0.651807
0.261312
-0.0781276
-0.337906
-0.46457
-0.256312
0.70762
0.462075
0.685203
0.0643627
0.331612
-0.388141
-0.701622
-0.265559
0.42429
0.669193
0.648625
-0.451004
0.0993205
-0.21727
-0.103172
-0.571605
1.08249
0.798676
0.500785
0.482779
0.337481
-0.101597
-0.215449
-0.0329453
1.789
0.860218
0.512934
0.35014
0.679979
0.352721
-0.0503257
-0.013403
1.25538
0.44238
0.735403
0.885444
0.575967
0.0631753
-0.505629
-0.117198
0.493744
0.0304308
0.789847
0.0847737
-0.124674
0.161451
-0.526385
-0.271529
0.832417
0.384079
0.263366
0.195377
0.401544
-0.121415
-0.542716
-0.91512
0.76968
0.530577
0.652
0.0288293
0.201358
0.152866
-0.113888
-0.0846113
0.402
0.196841
0.611813
0.195906
0.432203
-0.129118
-0.177878
-0.0667603
0.315424
0.564455
0.424719
0.764777
-0.0983928
-0.205945
0.0617404
-0.222525
1.23708
0.59552
1.02003
0.371885
0.458848
0.165318
-0.643413
-0.0667607
1.43856
0.416773
0.858423
0.164504
0.251293
-0.64926
-0.325814
-0.394292
0.891654
1.10655
0.669449
0.302372
0.408733
-0.340273
-0.449966
-0.920314
0.0806814
-0.0952958
0.118169
0.012628
-0.552521
-0.513809
-1.02818
-0.791475
0.287026
0.631303
0.557555
0.016364
-0.109806
-0.343486
-1.14973
-0.777565
0.264692
0.321651
0.468005
0.103606
-0.262939
-0.0222276
-0.607444
-0.648234
0.34588
0.575303
-0.150786
0.329913
0.236821
-0.192562
-0.278516
-0.3798
0.9433
0.591468
0.526079
0.249637
-0.048444
-0.598972
-0.176571
0.0561176
1.18949
0.771169
0.611778
0.111437
-0.140365
0.115606
-0.21351
-0.317472
1.003
0.365205
0.378054
0.397575
0.180323
-0.164344
-0.235851
0.310413
0.610562
1.12605
0.777341
0.30875
0.424982
0.0514593
-0.508389
-0.664318
-0.686735
-0.542278
-0.578008
-0.787463
-1.45492
-1.17713
-1.5072
-1.43051
-0.258748
-0.66408
-0.589668
-0.850784
-1.41759
-1.51436
-2.07034
-1.75646
0.1893
-0.482317
-0.318617
-0.692089
-1.06012
-1.70987
-1.38134
-1.88104
0.296051
-0.396916
-0.206924
-0.687043
-0.738275
-0.979692
-1.36911
-1.77779
0.287881
-0.137592
0.262016
-0.519398
-0.687838
-1.42295
-1.36189
-1.43334
0.373608
-0.139864
0.10911
-0.150929
-0.473095
-0.426964
-1.1346
-1.43284
0.505567
0.487457
0.0695454
0.104918
-0.406834
-1.06054
-1.26298
-0.902012
0.236967
0.199958
0.597791
0.0412894
-0.35053
-0.174679
-0.75416
-1.00168
-0.570005
-0.671019
-0.854034
-1.12209
-1.21981
-0.930133
-1.20242
-1.69018
-0.159805
-0.675783
-0.628619
-1.14165
-1.09985
-1.49442
-1.34988
-1.15875
-0.389721
-0.529504
-1.06243
-0.925662
-0.887738
-1.24201
-1.094
-1.44108
-0.289202
-0.551455
-0.383634
-0.388603
-0.690714
-1.09187
-1.56827
-1.0305
-0.479738
-0.922625
-0.210999
-0.706555
-0.840706
-0.885195
-0.91403
-0.659758
-0.204504
-0.057246
-0.350761
-0.401165
-0.50604
-0.691083
-0.55822
-0.92845
-0.0159939
-0.0494069
-0.0530938
-0.0812411
-0.362136
-0.16723
-0.827676
-0.710359
-0.328081
0.335075
0.225689
0.140841
-0.365134
-0.266148
-0.640981
-0.886066
0.430857
0.62297
0.25337
0.449725
0.0114955
-0.213942
-0.28586
-0.323851
0.0582587
0.988992
0.299762
0.115277
-0.0684083
-0.00659878
-0.172084
0.0669146
0.795671
0.579056
0.571992
0.171633
0.309719
-0.0264096
-0.413967
0.452241
0.846908
0.151106
0.938717
0.802717
0.510545
-0.147139
-0.493983
-0.294894
0.76507
0.259349
0.638288
0.0271239
-0.0319177
0.112566
-0.0550146
0.373537
0.789319
0.263049
0.880779
0.529018
-0.0422517
0.0239597
-0.0773303
0.325673
0.973023
0.333329
0.396833
0.288787
0.64353
-0.0484069
-0.150664
0.0622004
0.35915
0.622016
1.1038
0.521493
0.21736
0.179026
0.0883004
0.238859
0.120349
-0.0336906
0.390043
-0.492426
-0.0854264
-0.495944
-1.22393
-1.29178
0.0493651
0.530917
0.269316
0.0961897
-0.341296
-0.680511
-1.4451
-1.05735
0.0170895
-0.0407626
0.320436
-0.0429
-0.192922
-0.518762
-1.09994
-1.00354
-0.0835628
0.0441496
0.913752
0.174433
-0.104764
-0.859078
-1.2354
-1.08429
0.428411
0.301475
-0.0517338
-0.0594083
-1.21602
-1.15408
-0.931409
-1.16662
0.535435
-0.0202651
-0.0869249
-0.515989
-0.48322
-0.894926
-1.04718
-0.715429
0.502309
0.22811
-1.06227
-0.746932
-0.569227
-0.696043
-1.16791
-0.839241
-0.32879
-0.277457
0.133432
-0.282872
0.0234287
-0.800513
-0.407359
-0.829015
-101.894
1.72973
1.97168
1.782
1.43241
0.858515
0.649001
0.778653
1.80558
-79.2184
114.244
2.13694
1.02476
1.3355
0.850251
0.594423
2.18738
59.5115
313.733
1.81101
1.52725
1.14892
1.14735
0.854951
2.75483
1.67261
-99.7859
1.54787
1.93454
1.39471
0.890094
0.885569
1.71774
-11.9374
1.58044
1.80181
1.5661
0.765183
0.637733
1.71707
2.30068
28.5611
1.78791
1.3571
1.48725
1.91315
0.902496
0.999538
2.12548
2.40194
1.87633
1.52578
1.09935
1.2196
1.20292
1.46073
-12.3572
1.85778
-36.2503
2.30248
1.81213
1.18574
1.07416
1.12393
0.781764
1.02249
0.573583
0.619922
0.301874
0.246456
-0.436846
-0.564674
1.46075
1.02455
1.05902
0.73581
0.549943
0.33316
-0.136178
-0.325568
1.34339
1.59822
1.13076
0.799794
0.705524
0.312446
0.269112
-0.166399
1.33748
1.29783
1.20306
1.03445
0.866874
0.369075
-0.256191
-0.0432823
1.35072
1.13817
0.837006
0.323115
0.735313
0.168518
0.243824
0.386174
1.49866
1.20704
1.14976
0.484006
0.504142
0.56925
0.572261
-0.0229446
1.11757
1.11447
1.01693
0.858716
0.428405
0.580356
0.129634
0.802857
1.15607
1.457
1.42159
1.27359
0.955943
0.476791
0.212927
0.266327
-0.901383
-0.920648
-1.11623
-1.2623
-1.91585
-1.71157
-1.99403
-1.99147
-0.429172
-0.865681
-0.924908
-1.18899
-1.65689
-1.35142
-1.95504
-1.5652
-0.450379
-0.993323
-0.582497
-0.804061
-1.71321
-1.65054
-1.21278
-1.48956
-0.760618
-0.718759
-0.687184
-0.886457
-1.19105
-1.25431
-1.45622
-1.51106
-0.389214
-0.406918
-0.593739
-0.77379
-1.04071
-1.71366
-1.5186
-1.12954
-0.0679464
-0.617232
-0.363364
-1.0211
-1.18503
-0.79357
-1.39025
-1.47618
0.00364195
-0.542494
-0.567914
-0.50702
-1.09015
-1.47218
-1.18466
-1.61851
-0.498614
-0.353726
-0.211559
-0.578597
-0.799891
-1.03502
-1.21281
-1.18131
-0.271793
0.10084
-0.0936738
-0.525678
-0.612419
-0.584784
-1.0725
-0.834261
0.848914
0.257488
-0.0322866
0.150006
-0.313584
-0.412336
-0.358849
-0.305293
0.0823606
0.101055
0.510798
0.668838
0.0534035
-0.229031
-0.137996
-0.288799
0.419694
0.913046
0.534928
0.603258
-0.10811
-0.129611
-0.207652
0.532733
0.508346
0.656355
0.465239
0.190484
0.533405
0.23941
0.281535
0.33704
0.708921
0.759376
1.08674
0.390338
0.708611
0.409108
0.391659
0.201761
0.982195
1.51782
0.326674
0.939334
1.0174
0.405165
0.476669
0.263367
0.531816
1.25451
1.35265
1.06021
0.595035
0.942811
0.514142
-0.0595482
0.302365
-0.134584
0.720244
0.342909
0.114752
0.059823
-0.221242
-0.199535
0.747295
0.255729
0.574342
0.514264
-0.286841
0.0367512
-0.781847
-0.519751
0.766045
0.501609
0.85301
0.419407
0.287031
0.276388
-0.134407
-0.850733
0.410324
0.206259
0.505987
1.02291
-0.124826
0.100812
-0.373478
-0.273653
0.687463
0.758573
0.64563
0.316635
0.60775
-0.240298
-0.213883
-0.0633636
1.36888
0.342126
0.430117
0.678988
-0.0174651
-0.26271
-0.274193
0.156547
0.136824
0.182943
0.424401
0.336638
0.0215846
-0.224934
-0.668951
-0.0886884
0.405843
0.383947
0.630043
0.246376
0.466689
-0.0931119
-0.176387
0.012932
1.14604
1.12983
1.40889
1.0791
0.712545
0.410683
0.0987477
0.475338
1.4681
1.68277
1.18468
1.03133
0.68886
0.359837
1.0712
0.702011
1.67876
1.41051
1.22021
0.530202
1.24711
0.357036
0.451547
0.901037
1.02187
1.18994
1.66791
0.773705
0.918128
0.586493
0.857903
0.82129
1.46615
1.28538
0.747704
1.27356
0.718695
0.571032
0.54638
0.947993
1.72168
1.22196
1.28301
1.22934
0.425862
0.943374
0.608356
1.06387
1.4163
0.98502
1.00573
1.01459
0.699892
0.774442
0.594572
0.684443
1.31209
0.941128
1.87405
1.73206
1.1808
0.509149
0.855164
0.759884
0
0
0
0
0
0
0
0
0
0
0
0
0
0
0
0
0
0
0
0
0
0
0
0
0
0
0
0
0
0
0
0
0
0
0
0
0
0
0
0
0
0
0
0
0
0
0
0
0
0
0
0
0
0
0
0
0
0
0
0
0
0
0
0
0
0
0
0
0
0
0
0
0
0
0
0
0
0
0
0
0
0
0
0
0
0
0
0
0
0
0
0
0
0
0
0
0
0
0
0
0
0
0
0
0
0
0
0
0
0
0
0
0
0
0
0
0
0
0
0
0
0
0
0
0
0
0
0
0
0
0
0
0
0
0
0
0
0
0
0
0
0
0
0
0
0
0
0
0
0
0
0
0
0
0
0
0
0
0
0
0
0
0
0
0
0
0
0
0
0
0
0
0
0
0
0
0
0
0
0
0
0
0
0
0
0
0
0
0
0
0
0
0
0
0
0
0
0
0
0
0
0
0
0
0
0
0
0
0
0
0
0
0
0
0
0
0
0
0
0
0
0
0
0
0
0
0
0
0
0
0
0
0
0
0
0
0
0
0
0
0
0
0
0
0
0
0
0
0
0
0
0
0
0
0
0
0
0
0
0
0
0
0
0
0
0
0
0
0
0
0
0
0
0
0
0
0
0
0
0
0
0
0
0
0
0
0
0
0
0
0
0
0
0
0
0
0
0
0
0
0
0
0
0
0
0
0
0
0
0
0
0
0
0
0
0
0
0
0
0
0
0
0
0
0
0
0
0
0
0
0
0
0
0
0
0
0
0
0
0
0
0
0
0
0
0
0
0
0
0
0
0
0
0
0
0
0
0
0
0
0
0
0
0
0
0
0
0
0
0
0
0
0
0
0
0
0
0
0
0
0
0
0
0
0
0
0
0
0
0
0
0
0
0
0
0
0
0
0
0
0
0
0
0
0
0
0
0
0
0
0
0
0
0
0
0
0
0
0
0
0
0
0
0
0
0
0
0
0
0
0
0
0
0
0
0
0
0
0
0
0
0
0
0
0
0
0
0
0.316801
1.10583
0.327311
0.642083
0.0859578
-0.0275703
-0.459466
-0.423742
0.559377
1.23632
0.596685
0.611999
0.453776
0.230615
0.104133
0.452479
0.919544
0.841443
0.281962
0.868834
0.519761
0.442108
0.125533
-0.11848
0.732536
1.01523
0.572914
0.348035
0.402297
1.05292
-0.0928002
0.676232
1.82456
1.16772
0.947845
0.587028
0.321159
0.430947
0.578736
0.614895
1.07061
0.848809
0.861582
0.68143
0.607754
0.467805
0.426339
0.778595
1.21042
0.878692
0.512447
0.159721
0.274852
0.249403
0.185464
0.281874
1.26803
1.14417
0.809948
0.648841
0.899003
0.338161
0.227761
0.0691805
0.355103
0.525356
0.0640382
0.547445
0.180226
0.148732
-0.365008
-0.0673455
1.13994
0.836561
-0.285755
0.47037
0.0520075
0.0692417
-0.362044
-0.312621
1.36229
0.459005
0.00442108
0.182961
0.649613
-0.17642
0.00120014
-0.42079
1.1621
0.472177
0.369797
0.812891
0.37435
0.148559
-0.385211
0.015351
1.5697
1.43501
0.850135
0.575001
0.536459
-0.0620497
0.247445
-0.0787824
1.65523
1.50336
0.92479
0.99601
0.507297
0.643037
1.18175
0.246524
1.67302
1.2408
0.821131
1.15696
0.563141
0.153735
0.544315
0.188412
1.32072
1.55161
1.45863
1.87914
0.768172
1.44455
0.487709
0.521648
-0.622825
-0.256945
-0.783082
-0.24583
-0.65765
-1.47161
-1.39033
-1.46431
0.0684314
-0.110639
-0.540922
-0.232617
-0.737051
-0.604358
-1.36681
-1.26549
-0.0414333
-0.337069
-0.996951
-0.448875
-0.913271
-1.37629
-1.21169
-0.849673
-0.33562
0.16663
-0.838076
-0.761831
-0.457244
-0.833562
-1.27681
-1.03284
0.577191
-0.146811
0.0362654
-0.662797
-0.503805
-1.20044
-1.16091
-0.957036
0.650916
0.348641
-0.552157
0.104833
-0.311283
-0.600749
-0.780118
-0.773283
0.344047
0.790548
0.0265209
0.0356091
-0.330561
-0.882439
-0.284276
-0.774621
0.397206
0.302046
-0.307706
0.125064
0.13613
0.0969916
-0.666382
-0.634771
1.36262
1.28514
1.07752
1.70488
1.23623
0.919866
0.398688
0.822364
1.5137
2.14696
1.54887
1.49997
1.59968
1.11675
0.866787
0.845935
2.00975
1.98535
1.41112
1.3187
1.39956
0.739026
0.449743
0.918021
2.02973
1.96218
1.58587
1.55206
1.38306
1.46663
0.29154
0.594274
2.85351
2.28383
2.60169
1.72315
1.58641
0.714118
0.42015
0.40701
2.99461
2.21765
1.99038
1.85278
1.1889
0.990566
1.15163
1.05645
2.63958
2.09356
2.04545
1.48965
0.769077
0.74372
1.0969
0.401256
2.28771
2.24477
2.29049
1.94152
1.8445
1.23096
0.883413
0.690388
1.64785
1.44162
0.948635
2.004
1.40868
0.812502
0.565611
1.06408
1.63535
2.14937
1.46336
1.50611
1.43466
0.897617
1.35241
0.918835
2.05144
1.98362
1.67084
1.25765
1.1559
0.828019
1.2093
1.34036
1.50943
1.47629
1.23663
1.26134
1.00748
1.08414
1.47341
1.08402
2.93016
2.33657
1.7063
1.53115
1.36469
1.44476
1.49634
1.45106
2.41233
2.01877
1.52197
1.43758
1.57727
1.67051
1.22885
1.79395
2.16369
2.33601
1.81792
2.19927
1.86115
1.86405
1.46489
1.29812
2.13928
1.86343
2.08649
2.05818
1.69446
2.28621
1.63578
1.38315
2.06018
1.83196
1.46963
1.54768
1.53337
0.723125
0.831566
1.24352
34.1139
-6.94781
1.42851
1.75208
1.24204
1.36728
1.20308
0.953733
5355.57
55.2901
2.3085
1.10772
1.63648
1.15298
0.622208
1.13946
4.20505
1.64496
1.14187
1.59067
1.33552
1.65344
1.2268
1.00801
-113.185
2.43558
-32.0591
-25.6625
1.88263
1.54637
1.5063
0.879909
-132.353
2.59895
49.3993
-28.1792
-41.3648
1.63692
1.611
1.67336
-166.869
-48.7554
16.672
2.30028
1.84914
1.52794
1.81655
1.4151
-119.268
-28.7033
-192.024
2.25926
2.07674
1.42756
1.57792
1.81917
0.964495
0.619924
1.00391
0.525414
0.69446
-0.168437
-0.20203
-0.0107003
1.93812
1.45923
1.19694
1.26177
0.730826
0.126251
0.105742
0.134498
1.47834
1.28263
1.02034
0.404939
0.800012
0.339686
-0.0417877
0.186536
0.745226
1.42062
0.940083
0.888217
1.08285
0.86426
0.69248
0.41352
2.36125
1.52105
1.41775
1.58159
1.04311
0.306953
0.294577
0.503372
2.41512
1.85943
1.26391
1.53943
1.28252
1.16716
1.23282
0.987175
2.56457
1.62971
1.56159
1.39034
0.919057
0.896497
0.638952
1.06642
2.36247
1.9762
1.80445
1.32777
1.65078
0.95211
0.600037
0.729752
1.94027
1.65261
1.61702
1.24807
1.21355
0.565107
0.601831
1.03979
2.18716
2.22383
1.37384
1.7292
1.28579
1.1411
0.904662
0.773324
2.09973
1.55236
1.49257
1.40144
1.30492
0.926836
0.654746
0.643566
2.15987
1.44878
1.01156
1.37336
1.16555
1.48081
0.850985
0.998787
2.964
2.34678
1.53148
1.61752
1.4254
0.64857
1.04031
1.08951
3.50246
2.37532
1.78758
1.63012
1.22861
1.09411
1.39852
1.44272
3.07287
2.34177
1.94052
1.87096
1.08478
1.16109
1.08567
1.02648
2.103
2.49249
2.12065
1.88438
1.88903
1.24286
1.06621
1.38445
0.248326
0.305123
0.168551
0.602279
0.254209
-0.479874
-0.270216
-0.126726
0.54356
0.571433
-0.0992601
0.387923
-0.107856
-0.153737
-0.0850815
-0.415144
0.607675
0.725863
0.00326294
-0.00239926
0.202273
0.0153474
-0.502512
0.141337
0.0913751
0.408108
0.388277
0.205831
-0.199019
0.277091
-0.490021
-0.167038
1.30339
0.610058
0.842718
0.543683
0.408474
-0.194936
-0.0602926
0.171265
1.40565
0.950523
0.744367
1.00097
0.628057
0.725714
0.59416
0.492743
1.44801
1.09093
0.838273
1.18446
0.611851
0.749299
0.788096
0.409891
1.70515
1.70987
1.01585
1.07655
1.0286
0.831844
0.386122
0.806919
0.700884
0.607717
0.627743
1.31024
0.473716
-0.00183127
0.307914
0.277232
1.14392
1.45158
0.791506
1.20091
0.641653
0.634919
0.35066
0.169451
1.57459
1.03776
0.79191
0.832514
1.02424
0.479503
0.0876351
0.522124
1.11888
1.73232
0.647137
0.781942
0.554116
0.618122
-0.294411
0.116995
2.14576
1.18268
1.39749
1.01543
0.633578
0.15613
0.759968
0.385846
1.78192
1.35038
0.963468
1.32324
0.985106
0.737205
0.550848
0.879324
1.98074
1.21536
0.834493
1.03473
0.597083
0.591555
0.305834
-0.0581928
1.38802
1.30389
1.10492
1.16192
1.19992
0.603124
0.421501
0.915337
0.972436
0.378599
0.535268
0.214052
0.375164
-0.14094
-0.317634
-0.0432853
1.06249
0.470236
0.450283
0.659596
0.543779
-0.0869768
-0.434089
0.544014
0.860944
1.28247
0.683199
0.457679
0.515291
0.0210666
0.0534541
0.364037
0.554522
0.874813
0.240191
0.560294
0.533821
0.811284
-0.226594
0.684399
1.99426
1.67112
0.998754
0.776066
0.58614
0.0330404
0.114453
-0.364572
2.12612
1.28534
1.25219
1.29169
0.595354
0.711764
0.899973
1.4713
1.71527
1.50626
0.971339
1.40529
0.561792
0.237754
-0.159802
0.294362
1.45603
1.74558
1.43839
1.81683
1.20623
1.03318
0.348902
0.592807
