0
0
0
0
0
0
0
0
0
0
0
0
0
0
0
0
0
0
0
0
0
0
0
0
0
0
0
0
0
0
0
0
0
0
0
0
0
0
0
0
0
0
0
0
0
0
0
0
0
0
0
0
0
0
0
0
0
0
0
0
0
0
0
0
0
0
0
0
0
0
0
0
0
0
0
0
0
0
0
0
0
0
0
0
0
0
0
0
0
0
0
0
0
0
0
0
0
0
0
0
0
0
0
0
0
0
0
0
0
0
0
0
0
0
0
0
0
0
0
0
0
0
0
0
0
0
0
0
0
0
0
0
0
0
0
0
0
0
0
0
0
0
0
0
0
0
0
0
0
0
0
0
0
0
0
0
0
0
0
0
0
0
0
0
0
0
0
0
0
0
0
0
0
0
0
0
0
0
0
0
0
0
0
0
0
0
0
0
0
0
0
0
0
0
0
0
0
0
0
0
0
0
0
0
0
0
0
0
0
0
0
0
0
0
0
0
0
0
0
0
0
0
0
0
0
0
0
0
0
0
0
0
0
0
0
0
0
0
0
0
0
0
0
0
0
0
0
0
0
0
0
0
0
0
0
0
0
0
0
0
0
0
0
0
0
0
0
0
0
0
0
0
0
0
0
0
0
0
0
0
0
0
0
0
0
0
0
0
0
0
0
0
0
0
0
0
0
0
0
0
0
0
0
0
0
0
0
0
0
0
0
0
0
0
0
0
0
0
0
0
0
0
0
0
0
0
0
0
0
0
0
0
0
0
0
0
0
0
0
0
0
0
0
0
0
0
0
0
0
0
0
0
0
0
0
0
0
0
0
0
0
0
0
0
0
0
0
0
0
0
0
0
0
0
0
0
0
0
0
0
0
0
0
0
0
0
0
0
0
0
0
0
0
0
0
0
0
0
0
0
0
0
0
0
0
0
0
0
0
0
0
0
0
0
0
0
0
0
0
0
0
0
0
0
0
0
0
0
0
0
0
0
0
0
0
0
0
0
0
0
0
0
0
0
0
0
0
0
0
0
0
0
0
0
0
0
0
0
0
0
0
0
0
0
0
0
0
0
0
0
0
0
0
0
0
0
0
0
0
0
0
0
0
0
0
0
0
0
0
0
0
0
0
0
0
0
0
0
0
0
0
0
0
0
0
0
0
0
0
0
0
0
0
0
0
0
0
0
0
0
0
0
0
0
0
0
0
0
0
0
0
0
0
0
0
0
0
0
0
0
0
0
0
0
0
0
0
0
0
0
0
0
0
0
0
0
0
0
0
0
0
0
0
0
0
0
0
0
0
0
0
0
0
0
0
0
0
0
0
0
0
0
0
0
0
0
0
0
0
0
0
0
0
0
0
0
0
0
0
0
0
0
0
0
0
0
0
0
0
0
0
0
0
0
0
0
0
0
0
0
0
0
0
0
0
0
0
0
0
0
0
0
0
0
0
0
0
0
0
0
0
0
0
0
0
0
0
0
0
0
0
0
0
0
0
0
0
0
0
0
0
0
0
0
0
0
0
0
0
0
0
0
0
0
0
0
0
0
0
0
0
0
0
0
0
0
0
0
0
0
0
0
0
0
0
0
0
0
0
0
0
0
0
0
0.552
0.298501
1.05708
0.726996
0.959939
1.62987
1.41706
1.6959
0.0529256
0.517682
0.533897
0.722067
1.41421
0.514332
1.56016
1.56804
0.569523
0.902342
0.496408
0.874864
0.584824
0.657201
1.54629
1.91339
0.306624
0.78672
0.238643
1.23724
0.785288
0.996395
0.936796
1.58807
0.196256
-0.0215244
0.736584
0.216569
0.613784
0.249193
0.592252
0.389227
0.422323
0.0235473
-0.0119423
0.249261
0.0493959
0.00989179
0.631108
1.09784
0.225272
-0.0335596
0.346148
-0.130465
0.612094
0.130903
1.07975
0.521383
-0.308004
0.0229641
-0.359864
0.13488
0.522685
0.0115575
0.117567
0.659296
-0.259876
-0.0336145
0.445951
0.441636
0.742458
1.21367
1.18618
1.0345
0.0505534
0.203396
0.288649
0.485845
0.811433
0.905798
1.02637
1.55859
0.366351
0.979799
0.515173
0.307057
1.01402
0.967065
1.4033
1.3358
-0.101007
0.0867666
-0.0402513
0.601141
0.668686
0.994178
0.812662
1.27268
0.149657
0.0188653
0.440399
0.350229
0.0661011
0.563064
0.809874
0.795824
-0.283697
-0.230485
-0.0157694
0.0918332
0.649136
0.639155
0.78388
0.83682
-0.165823
0.0490588
0.0738148
0.361964
0.605456
0.465084
1.53472
0.838517
-0.0878728
-0.398979
-0.433159
-0.309096
0.377393
0.102733
0.102972
0.547216
0.269006
0.143732
0.0795466
0.153172
0.0597769
0.52942
0.489087
0.899538
-0.172506
0.116824
-0.153059
0.509645
0.637576
0.266333
0.729699
0.854308
0.631376
0.18817
-0.212219
-0.0188321
0.220732
0.376778
0.284178
0.741926
-0.105336
0.0446498
-0.463723
-0.0900758
0.372827
0.776362
0.485747
1.35929
-0.30905
-0.647047
-0.00331218
-0.258868
-0.560144
-0.513291
-0.239358
-5.48253e-05
0.25506
-0.0570738
-0.640235
-0.141149
-0.0715358
-0.683553
0.0991531
0.254224
-0.269543
0.0250116
-0.180869
-0.291
-0.220068
-0.804522
0.496559
0.293911
-0.273311
-0.844729
-0.957132
-0.169153
-0.349727
-0.59417
-0.357413
0.218298
-0.449039
-0.179862
-0.0398568
0.270856
0.67501
0.657771
0.982393
0.482695
-0.792624
-0.527211
-0.140046
-0.0667447
0.655093
0.299571
0.79923
0.940803
-0.521908
-0.113242
-0.222704
0.131397
0.285103
-0.288723
0.823995
0.891251
-0.957206
-0.397871
-0.885011
-0.703039
0.382382
0.268549
0.412515
0.745747
-1.07546
-0.654294
-0.157512
-0.303775
-1.09565
-0.537285
-0.0262944
-0.0146489
-0.806923
-0.499694
-1.13134
-0.294979
-0.0546098
-0.377278
0.204423
0.128971
-0.979006
-0.95499
-0.700787
-0.368089
-0.420599
-0.382728
0.301574
-0.031957
-1.35689
-1.08675
-1.02939
-1.04321
-0.240971
-0.58539
-0.478076
-0.303715
0.526143
0.511847
1.19399
0.906392
1.08236
1.61084
1.64966
1.43092
0.162697
0.134605
0.56248
0.544896
0.841441
0.901529
1.35851
1.57665
0.587603
0.650926
0.583791
0.376445
0.71309
0.859222
1.33067
1.47373
-0.0942552
0.535777
-0.260949
0.431591
0.759604
1.07234
0.842091
1.38131
-0.0097354
-0.488979
0.356622
0.370318
0.189114
0.893032
0.982409
0.699154
0.1798
-0.4257
-0.171882
0.361243
0.635782
0.640413
1.18215
1.06941
-0.21756
0.0279609
0.350877
0.60001
0.744519
0.219415
1.36459
0.933559
-0.0998712
-0.644513
-0.323983
0.582814
0.60883
0.320239
0.566355
0.760959
0.0432186
0.500421
1.15206
0.782979
1.66174
1.66985
1.95018
1.95884
0.223451
0.627173
0.494229
0.818637
1.87906
1.8794
1.74504
2.14175
0.639807
0.694819
0.736701
0.912934
1.47266
1.04725
1.51496
2.54958
0.449813
0.855952
-0.0735053
1.07748
0.906401
1.30863
2.23959
2.49887
0.365489
0.0307711
0.327269
0.718093
0.568671
0.96734
0.778364
1.01586
-0.128875
-0.0179933
-0.0558121
0.0801045
0.515712
1.14444
1.23128
1.38284
0.204605
-0.186296
0.538717
0.214418
0.360112
0.880299
1.51094
1.37231
-0.421451
-0.308269
-0.000769623
0.261795
0.263825
0.169871
0.804395
0.848517
0.503431
0.492498
0.314137
0.468003
1.13154
0.907252
1.39992
2.02988
0.664093
0.529358
0.742997
0.596805
1.12553
1.12929
1.43418
1.5133
0.521161
0.782754
0.559945
0.495335
1.01513
1.02332
1.17336
1.53297
0.874174
0.495432
0.0689997
0.83969
0.648407
1.10221
1.62537
2.06668
0.458074
0.396217
0.999694
0.696804
0.725897
0.835435
0.670531
1.24568
0.108989
0.540167
0.0481007
0.459269
0.352541
0.897575
1.27552
1.0624
0.32246
0.145959
0.140051
0.54619
1.07104
0.756556
1.29412
1.24962
-0.0794755
0.185897
0.211042
0.0105867
0.57916
1.045
0.418106
1.04495
-0.0501657
-0.183508
0.380321
0.9316
0.732743
0.865456
0.701711
0.214239
0.349369
-0.0569529
-0.064061
0.171779
0.691218
0.660858
0.535224
0.658982
-0.0682274
-0.283516
-0.293019
0.206127
0.412159
0.66887
0.555254
0.544252
-0.0775282
-0.358935
-0.0809351
0.243827
0.0902974
0.779519
0.380811
0.673712
0.0968713
-0.238646
-0.24169
0.269399
0.810389
1.05615
0.487129
0.517327
-0.32163
-0.339072
-0.358947
0.235179
0.218988
0.856774
0.406265
0.527021
-0.373161
-0.772304
-0.361362
0.133609
0.538593
0.784364
0.268933
1.00522
-0.92202
-0.502634
-0.251756
-0.846507
0.160418
0.600133
0.495659
0.541083
0.336625
0.0411975
0.323888
0.109733
0.642183
0.46763
1.03948
0.108046
0.301354
0.228629
-0.356323
-0.155682
0.545223
0.482032
0.776885
0.709003
0.294984
-0.391061
0.488604
-0.0476209
0.325567
0.705137
0.280746
0.994317
0.512219
-0.508822
-0.45566
-0.0354757
-0.108601
-0.0683787
0.126379
0.954558
0.332664
-0.519772
0.0457947
0.327918
0.457592
0.48562
-0.161442
0.0334217
0.197002
0.0547865
-0.154595
0.113426
-0.00922143
0.213181
0.181784
0.250146
-0.265661
-0.335591
-0.298235
-0.381103
0.221366
0.571805
-0.187891
0.505268
0.120623
-0.820752
-0.58269
-0.460865
-0.00513211
0.348983
0.323165
0.138593
-0.0238445
0.142501
0.263154
0.866452
0.732659
0.90014
0.592094
0.32032
0.495337
-0.149019
0.0607681
0.492035
0.77236
0.627363
0.930878
0.596372
-0.0681286
-0.363792
0.441176
0.154127
0.336613
0.605709
0.323957
1.18781
0.165306
-0.296663
-0.312806
0.33878
-0.124626
0.94082
0.409626
0.889664
-0.30621
-0.3487
0.160903
-0.149171
0.596804
0.590723
0.697403
0.338695
0.0336224
-0.399237
-0.631927
0.432384
0.2491
0.753264
-0.0859177
0.424133
-0.43907
-0.500945
-0.275373
-0.319831
0.0820855
0.331241
0.518437
0.475309
-0.289281
-0.606304
-0.573569
-0.0849433
0.002322
0.0712207
-0.0860201
-0.0031317
-0.881048
-1.22603
-0.658985
-0.0740111
-0.329216
0.27628
0.0878784
-0.155438
-0.641744
-0.589734
-1.03174
-0.127208
0.269522
0.0433988
-0.236436
0.281035
-0.0479652
-0.69422
-0.422442
-0.210132
-0.128146
0.332958
0.178439
0.740954
-0.442935
-0.693943
-0.793352
-0.407724
-0.467084
0.238062
0.106367
0.29476
-0.567689
-0.811358
-0.635619
-0.542954
0.162664
0.216219
0.103166
0.919252
-0.554263
-0.771404
-0.856546
-0.802716
-0.565224
0.228795
0.200879
0.363724
-0.865322
-1.17441
-1.01768
-0.922969
-0.428039
-0.390104
-0.202037
0.262428
-0.76686
-1.21404
-1.10716
-1.04869
-0.680945
0.159816
-0.561788
-0.192653
0.713556
0.148208
0.606983
0.560616
1.20803
1.56737
1.696
1.70364
0.378012
0.0712197
0.806027
0.705677
1.30208
1.3148
1.50361
1.89108
0.202992
0.270892
0.436095
0.607528
1.03824
1.15073
1.21338
1.54178
0.0414724
0.0661022
0.28844
0.194132
0.278345
1.2266
1.05965
1.57051
0.0635389
-0.378391
0.208043
0.533349
0.731979
1.30727
1.08374
1.48309
-0.0611071
0.126585
-0.397369
0.410053
0.687028
1.20779
1.09563
1.48118
-0.222715
-0.19468
0.0478963
0.303141
0.981043
0.660233
1.12674
1.66912
-0.164392
-0.352495
-0.0984962
-0.253767
0.745138
0.833122
1.29264
1.32548
0.295674
0.266292
0.458542
1.24187
1.12679
0.876912
1.04882
1.39622
0.771215
0.0424177
0.867168
0.973074
1.04715
1.03463
1.02678
1.33041
0.355579
0.0691048
0.467103
0.606129
0.830056
1.52535
1.19838
1.41611
0.049315
-0.00598437
0.432626
0.933165
0.769391
1.60394
0.729368
1.49168
0.0306829
-0.106258
0.503776
0.242377
0.934634
0.942737
0.778781
0.894855
0.188601
0.454464
0.285664
0.705616
0.613339
0.550585
0.736308
0.824732
-0.0156117
-0.321629
0.380747
-0.0225727
0.837622
0.439541
0.74704
1.38151
-0.467987
-0.404402
-0.0120563
-0.199272
0.0966375
0.748763
0.462808
0.815202
-168.9
1.97266
12.7965
-86.2443
2.22415
2.42204
-146.306
2430.83
1.28821
0.998866
1.73631
-69.5506
1.84853
14.0501
-186.749
-31.1294
14.5382
1.42072
1.72736
1.69868
1.9562
-119.788
-40.4533
2.46682
-176.716
1.1259
1.00038
2.16599
2.00936
-7.41812
-29.4409
2.31454
-55.8104
1.26909
1.47625
6.39999
8.87408
-0.169235
56.0574
-0.738497
1.27979
1.04087
2.10347
1.35633
1.87593
-44.1368
2.08652
2.34182
1.2508
1.22772
1.0239
1.57796
-82.656
-26.8588
-30.8042
2.28319
67.8168
1.01686
1.27224
1.24468
1.70087
1.9079
1.94958
2.06846
0.904643
0.570425
0.313444
0.83547
1.08784
1.44945
0.976847
0.812212
1.19664
0.49546
0.727728
0.737472
1.2111
0.905673
1.01464
1.17704
0.559023
0.513521
0.720586
0.570092
0.786029
0.830448
0.950511
1.19897
0.700388
0.292263
0.49129
0.477039
0.634003
0.950071
0.663508
0.828195
0.84421
0.453527
0.656276
0.853517
0.784275
1.49585
0.703079
0.941352
0.560465
0.311881
0.282866
0.734983
0.507901
0.955438
0.662758
1.21519
0.351512
-0.214112
0.178932
-0.0450364
0.507658
0.550436
0.732586
0.744261
0.367746
-0.0864433
0.171664
-0.0273859
0.528347
0.818651
1.05842
0.222357
-0.675654
-0.378234
-0.524502
0.374498
0.235701
0.568753
0.361781
0.31322
-0.00550012
-0.555329
-0.640873
-0.0889514
0.00293567
0.270307
0.0593996
0.735765
-0.192562
-0.422156
-0.15138
-0.48002
0.428293
0.41959
0.270383
1.1379
-0.36803
-0.461045
-0.269144
-0.311775
-0.472206
-0.0914235
0.280964
0.7702
-0.802462
-0.964107
-0.471088
-0.280691
-0.0789134
-0.313142
0.170626
0.222519
-0.507464
-0.643102
-0.71753
-0.271625
0.0561782
-0.0773529
-0.0621482
0.202916
-0.660943
-0.897474
-0.450283
-0.253387
-0.258993
0.0821385
0.0765372
0.403976
-0.256569
-1.0278
-0.596671
-0.875504
-0.302392
-0.388921
0.0395698
-0.109059
-1.03098
-0.956769
-0.565857
-0.520273
-0.42986
-0.111822
-0.0264028
-0.184739
-1.13238
-0.937997
-0.576853
-0.400943
-0.399549
-0.179484
-0.129135
0.0381437
-0.575166
-1.00076
-0.779451
-0.576567
-0.311109
-0.464429
-0.57674
0.247617
-0.991452
-1.27415
-1.35268
-1.16109
-0.797452
-0.192774
-0.728497
0.194072
-0.9096
-1.17577
-1.32995
-0.894881
-0.772939
-0.049566
-0.568057
-0.208012
-0.930762
-1.50451
-1.09767
-0.64374
-0.649676
-0.408139
-0.667434
-0.784992
-1.61895
-1.39111
-1.26885
-1.46139
-0.998371
-0.89812
-0.468067
-0.460127
-1.42292
-1.88474
-1.60851
-1.35847
-1.03487
-0.440575
-0.903103
-0.659364
-0.697711
0.0585659
0.38273
0.222966
0.0388036
0.748628
0.525692
0.246558
0.00255403
-0.533413
-0.565089
-0.290987
-0.0364342
0.266288
0.381821
0.47679
-1.0017
-0.572398
-0.31632
-0.197599
0.124385
0.437753
-0.273168
0.55098
-0.432322
-0.734431
-0.249175
-0.554186
-0.253961
-0.0254766
-0.11328
0.244403
-0.497362
-1.1051
-0.547187
-0.184588
-0.210274
0.323667
0.506891
0.528861
-1.04552
-0.713828
-0.480325
-0.581127
-0.470871
0.0115192
-0.200804
0.826775
-0.975142
-1.20374
-1.01491
-0.921166
-0.27937
-0.371057
0.158498
0.237383
-0.812892
-0.824908
-1.08555
-0.769631
-0.10493
0.293272
0.0655984
0.385556
-0.793168
-0.12227
0.0335058
0.0364597
0.521578
0.612219
0.042247
0.190816
-0.0529998
-0.415026
-0.083229
-0.172354
0.771029
-0.044939
0.358841
0.47499
-0.354203
-0.459652
-0.031011
-0.398113
0.367475
0.023093
0.142343
0.271135
-0.423801
-0.475323
-0.743657
-0.00229973
0.0908007
-0.179887
0.306895
0.443794
-0.670238
-0.882997
-0.301364
-0.146689
0.126684
-0.0629362
-0.0557219
0.48901
-0.733215
-0.418253
-0.435648
-0.126153
-0.260035
-0.0962083
0.0174863
0.367439
-0.800043
-1.04164
-0.814233
-0.329931
-0.270346
-0.106936
-0.341193
0.482801
-1.3381
-0.751787
-1.01114
-0.712792
-0.566968
-0.333527
-0.206423
-0.350456
-1.32042
-0.933211
-0.72513
-0.199395
-0.397244
-0.179697
-0.115046
-0.321516
-1.00906
-1.2759
-1.0705
-0.309669
-0.223776
-0.328711
0.124363
-0.0600738
-1.11358
-0.908847
-0.9421
-0.340717
-0.263133
0.0913257
-0.219052
0.310335
-0.650177
-1.15083
-0.680238
-0.371762
-0.524283
-0.15577
-0.68533
-0.108506
-1.01644
-0.924382
-1.03521
-1.01032
-0.571014
-0.791559
-0.605722
-1.19727
-1.11191
-0.891449
-0.790881
-0.997358
-0.551717
-0.627872
0.0151196
-0.570547
-0.995851
-1.91642
-1.28582
-0.974428
-0.836426
-0.513664
-0.542586
-0.265211
-1.11844
-1.44301
-1.51546
-1.03621
-0.842028
-0.81705
-1.07577
-0.889543
-1.00754
-0.74515
-1.1972
-0.7791
-0.630539
-0.467887
-0.951979
-0.609135
-0.860183
-1.32051
-0.841192
-1.16902
-1.07576
-0.61451
-0.945396
-0.652057
-1.32423
-1.44002
-0.554925
-0.984314
-1.19541
-0.539537
-0.733859
-0.0925726
-0.732994
-1.02942
-0.977399
-0.779668
-1.14624
-0.644237
-0.433923
-0.674973
-0.800139
-1.40271
-1.06506
-1.15489
-0.865292
-0.799282
-0.771091
-0.516345
-1.18515
-1.35747
-1.14783
-1.14768
-1.03666
-0.998293
-1.16123
-0.883134
-1.40833
-1.3253
-1.31012
-1.69997
-1.31522
-1.25556
-1.06066
-1.01036
-1.31941
-1.79354
-1.72958
-1.72632
-1.24686
-1.32009
-1.1141
-0.944511
-2.18171
-1.9081
-1.86834
-1.10032
-1.30998
-0.745741
-1.22867
-1.79121
-1.93932
-1.85832
-1.92956
-1.37853
-1.70275
-1.45054
-1.8933
-1.22554
-2.06958
-1.99947
-2.1402
-2.07183
-1.78811
-1.88301
-1.55204
-0.571982
-2.31214
-2.18707
-1.84658
-2.05795
-2.33933
-1.83764
-1.63083
-1.85542
-2.40277
-1.9744
-1.82063
-2.14234
-1.41767
-1.14741
-1.26641
-1.44552
-2.59394
-2.03814
-2.41804
-1.89019
-1.50162
-1.69536
-1.41948
-1.37171
-2.15928
-2.68088
-2.191
-2.42544
-1.49862
-1.95464
-0.913991
-0.806093
-2.55617
-2.39876
-2.55163
-2.48942
-1.46926
-1.87761
-2.10263
-1.25101
-2.08963
-2.00065
-1.82262
-1.30272
-1.04969
-0.809584
-1.04986
-1.07261
-2.13227
-1.98807
-2.17566
-2.00877
-1.47174
-0.924157
-1.23014
-1.05261
-2.01041
-2.35825
-1.54304
-2.16345
-1.96096
-1.10089
-1.469
-0.904586
-2.30092
-1.80463
-2.46954
-1.53802
-1.9473
-1.39198
-1.76852
-1.07969
-2.38419
-2.21236
-2.24156
-1.94928
-1.26755
-0.774165
-1.31544
-1.25786
-2.35869
-2.48335
-2.12619
-2.00564
-1.66297
-1.40011
-1.14734
-1.22521
-2.43692
-2.49624
-2.62949
-2.10872
-1.89673
-1.48013
-1.5397
-1.29356
-2.8574
-2.45188
-2.17141
-2.3613
-1.60767
-1.72894
-1.48286
-1.00859
-0.319956
-0.383505
-0.0980655
0.596086
0.40308
1.18355
0.942928
0.618825
-0.0476762
-0.43322
0.163502
-0.0605604
0.105498
0.686899
0.736536
0.434402
-0.508022
-0.58586
-0.466699
-0.0303398
0.307289
0.5477
0.425157
1.27062
-0.637297
-0.484551
-0.342663
0.312676
0.145019
0.518368
0.41479
1.44998
-0.721421
-1.08689
-0.460487
-0.0262861
-0.0768512
0.738429
0.520794
0.491875
-0.700902
-0.765988
-0.561725
-0.0713471
0.0613846
0.345178
0.402092
0.911782
-0.974724
-0.887936
-0.721182
-0.407366
0.100116
-0.152576
0.299014
0.882721
-1.11227
-1.15527
-0.834148
-0.53543
-0.49218
-0.0620487
-0.0022566
0.158573
-0.208753
-0.183323
0.293655
0.78807
0.797833
0.5951
1.12595
0.731873
-0.135553
-0.419182
-0.178193
0.171649
0.460069
0.607846
0.776869
0.478562
0.122266
-0.122683
0.530953
0.420507
0.668865
0.406833
0.525561
0.712666
-0.147454
-0.459096
-0.239928
0.247289
-0.0368618
0.657771
0.645343
0.60977
-0.487899
-0.420885
0.00713663
0.654602
0.549148
0.880054
0.432303
0.415546
0.0564843
-0.210754
-0.335285
0.443246
0.502425
0.446815
0.504624
0.33908
-0.244605
-0.689836
-0.107839
0.128606
0.675245
0.800621
0.760682
0.655863
-0.3044
0.106087
-0.085116
0.042345
0.273496
0.684302
0.0786174
-0.10767
0.661106
0.798495
0.889447
1.26327
1.44883
1.33893
1.62814
1.34082
0.938694
0.975911
1.16447
1.16839
1.64618
1.31524
1.76365
1.49599
0.915095
0.94506
1.15305
1.20292
1.59334
0.952023
1.43027
1.4205
0.346478
0.530192
0.778854
1.16221
1.43941
1.69313
1.29194
1.57996
0.955952
1.51592
1.09821
1.60716
1.68689
1.90961
1.65713
1.95401
0.879672
1.41514
1.45883
1.60752
1.79461
1.54855
1.51244
2.15288
0.536743
0.786505
1.00382
1.52149
2.16774
1.38963
1.92891
2.35854
0.887246
0.55487
1.26576
0.970554
1.85036
1.29675
1.56885
2.16503
0.00874678
0.288383
-0.433793
0.0854424
0.226224
-0.128758
-0.128395
0.154484
0.0831649
-0.0234319
-0.367195
-0.411961
0.310477
-0.0196987
-0.0215048
0.412278
0.1247
0.146672
-0.235403
-0.21128
-0.37182
-0.0740163
0.0383855
0.238007
0.295665
-0.108898
-0.351169
-0.218673
0.102269
0.248002
0.293491
0.182194
-0.31227
0.00952511
-0.00507328
0.48783
0.76708
0.0627007
0.830386
0.820636
-0.525797
-0.0133573
0.202643
0.686826
0.508203
0.143103
0.242514
0.729319
0.0317038
-0.273773
0.0992057
0.511093
0.605179
0.38704
0.370352
1.28798
0.17262
-0.222683
0.423316
-0.00334807
0.64147
0.45034
0.514086
0.803336
-0.0610066
-0.178845
-0.301076
-0.00267915
0.193804
0.649327
0.64133
0.499286
-0.476005
-0.595534
-0.332038
-0.16664
0.109004
0.0378688
0.0304065
0.453088
-0.306113
-0.289452
-0.257687
-0.443942
0.0330418
0.21564
0.248009
0.00452921
0.127174
-0.180324
0.0659575
-0.00502088
-0.212385
0.450785
0.207351
0.155869
-0.686891
-0.708296
-0.399033
0.0316819
-0.0932223
0.322607
0.757109
0.764137
-0.619919
-0.333116
0.233941
0.290298
0.65812
0.100341
0.377932
0.778854
0.0187626
-0.536468
-0.531107
0.257162
0.50203
0.166093
0.57474
0.626692
-0.536748
-0.789857
0.347344
-0.113497
0.97254
0.18869
0.180836
0.577258
-0.207174
0.158328
0.341527
0.00881807
0.572289
0.388082
0.61888
0.764422
-0.127065
-0.551996
-0.0886878
0.380821
0.377182
0.292283
0.121489
0.315054
-0.207811
0.0580546
0.556136
0.227065
0.319797
-0.123017
0.555578
0.400261
-0.246074
-0.387867
-0.33924
-0.274682
0.134185
0.604107
0.32945
0.577096
-0.364073
-0.429994
0.0936672
0.277834
0.256423
0.285453
1.03376
0.661169
-0.312488
-0.884482
-0.000641881
0.789039
0.0110824
-0.197461
0.428909
1.2613
-0.20922
-0.508681
-0.371956
-0.0692457
0.645129
0.21449
0.694044
1.00966
-0.536062
-0.65294
0.169424
-0.189653
0.270522
0.43826
0.618329
0.850022
0.451013
0.322918
0.834591
0.952887
1.34412
1.50876
1.74979
1.50168
0.612673
0.3593
0.484725
0.515876
0.912798
0.929078
1.33759
1.78821
0.4334
0.798575
0.0968122
0.750668
0.922478
1.36742
0.974215
1.464
0.828608
0.873555
0.968013
0.727319
0.710117
1.26432
1.63112
2.17498
0.247216
0.24603
0.843627
0.777007
0.962358
1.83538
2.08441
2.21471
0.209329
0.482173
0.814853
1.40541
1.64999
1.55276
1.81284
2.11085
0.726039
0.273386
0.253403
1.23711
1.50212
1.19229
1.78707
2.45906
0.165997
0.41771
0.898193
0.788071
1.3606
1.67889
1.984
1.98241
0.902042
0.682378
1.08445
1.01181
1.21469
1.53309
1.8372
1.87679
0.887101
1.04483
0.893927
1.10071
1.51776
1.45126
1.91589
1.82131
1.08489
1.17605
0.928893
1.62129
1.54601
1.49332
1.33832
1.48864
0.77654
0.624901
0.869488
1.23638
1.08763
1.61426
1.94131
1.74124
0.503402
0.773913
0.91443
1.40152
1.72544
1.52482
2.22141
1.99091
0.748778
0.851955
1.28523
2.1047
1.85188
0.984764
1.67119
2.44357
1.13848
1.03902
0.707227
1.22396
1.86095
2.27325
1.76682
2.25929
0.651216
0.754443
1.51993
1.04045
1.61105
1.3822
1.78491
1.97437
-0.321594
0.0660224
0.182934
0.151997
0.558103
0.676277
0.56748
0.400073
0.311289
0.00438833
0.23905
0.301773
0.482023
0.128725
0.478884
1.03744
0.0353073
-0.0693946
0.101939
0.187494
0.347991
0.170949
0.570716
0.973904
0.569196
-0.237268
-0.324507
0.163332
0.171357
0.246137
0.400522
0.639402
0.744654
-0.375277
0.427105
0.552491
0.79812
0.863725
1.14302
0.909843
-0.0566413
-0.295209
0.646983
0.99118
0.973725
0.232558
1.13583
1.03001
-0.19664
0.123967
0.0196636
0.460642
0.949696
0.812109
0.937442
1.23823
-0.122091
-0.169464
0.550644
0.626033
0.484064
0.861598
0.626678
1.07936
1.58379
1.01786
1.31716
1.24213
1.77207
1.92311
1.45803
1.32254
0.984317
1.14664
1.07097
1.17984
1.71718
1.63661
1.33654
1.47936
2.35151
1.32831
0.947343
1.13799
0.987045
0.904062
1.69158
1.33926
1.2569
0.936523
0.966301
0.908636
1.74974
1.40513
1.48124
1.7428
1.35285
1.09461
1.23045
1.59208
1.62095
1.09255
1.8312
1.87438
1.40146
1.34785
2.03345
1.65227
1.54949
1.63958
1.96945
1.72286
1.6371
0.850391
1.31087
0.85903
1.73575
2.09171
1.88264
2.20143
1.57366
1.32898
2.07771
1.34705
1.56413
1.16605
2.18399
2.12361
-0.320227
-0.488207
-0.347032
-0.528917
-0.24455
0.17843
-0.111191
-0.0149159
-0.584894
-0.327598
-0.894316
-0.328203
-0.266948
-0.266417
-0.0113205
0.354147
-0.348075
-0.404902
-0.175552
-0.248189
0.0713075
-0.280095
0.0937135
-0.0886396
0.0744379
-0.110107
-0.285727
-0.622984
-0.169769
-0.0557519
0.186553
-0.0312888
-0.362749
-0.930221
-0.446514
0.0345552
0.138483
0.0788621
0.272022
0.476597
-0.12553
-0.319545
0.266088
0.148879
0.246952
-0.599647
-0.00952134
0.586639
-0.388265
-0.874236
-0.94328
-0.0656052
0.161457
0.325432
0.540904
0.858616
-0.553209
-0.0113531
0.105986
-0.312659
0.43379
0.0101816
0.097701
0.682585
-0.734352
-0.711487
-0.965735
-0.364491
-0.427373
-0.273057
-0.0767441
-0.0607953
-0.642571
-0.906109
-0.807833
-0.632948
-0.638939
-0.605925
-0.194547
0.196834
-0.60478
-0.93447
-0.813731
-0.722834
-0.360796
-0.279879
-0.127362
0.29434
-0.379736
-0.817694
-0.465456
-0.556345
-0.541074
0.00819705
-0.0556763
0.157083
-0.808133
-0.646937
-0.558132
-0.470948
-0.0819784
-0.364884
0.482761
0.123607
-0.93266
-1.02675
-0.674195
0.0645636
-0.342885
-0.575271
-0.244394
0.342605
-0.744062
-1.30646
-0.612993
-0.291638
0.0298936
-0.0905935
-0.164544
0.15845
-0.942537
-1.086
-0.427128
-0.437257
-0.0475869
-0.360775
-0.340035
0.330446
-0.34271
-0.560266
-0.555046
-0.451002
-0.0177978
0.192851
0.235654
0.175803
-0.29575
-0.930492
-0.922438
-0.75226
-0.410386
-0.134081
0.215137
0.315349
-0.628972
-0.378349
-0.631447
-0.517576
-0.215271
-0.480997
0.0668158
0.467993
-0.941896
-0.847844
-0.474047
-0.854045
-0.218721
0.134016
0.1893
0.274105
-0.315072
-0.723693
-1.02897
-0.0543029
0.318715
0.478267
0.320028
0.83605
-0.816126
-0.498875
0.230504
0.294697
0.292327
-0.247327
0.308246
0.414665
-0.831671
-0.756465
-0.740011
-0.130441
0.226072
0.160327
0.53901
0.639489
-1.17003
-0.88006
-0.0146317
-0.245912
0.734869
0.274472
0.525333
0.795843
0.062909
0.238885
0.0314705
0.122068
0.611234
0.619735
0.901218
0.771762
-0.131796
0.240929
-0.0304683
0.0624194
0.778434
0.251624
0.929527
0.939924
-0.117387
0.387091
0.765536
0.412707
0.217413
0.760562
0.848764
1.02401
-0.18778
0.300328
0.267343
-0.0723641
0.742958
0.704564
1.1133
0.653074
0.468331
-0.0730897
-0.0235763
0.353148
0.356788
0.248901
0.763677
1.03038
0.312442
0.20661
0.740459
0.721997
0.563897
0.657811
1.37047
0.883042
0.0580667
-0.0117285
0.0523034
0.49794
1.04305
1.10677
0.689628
1.01822
-0.339182
-0.0184617
0.726116
0.134746
1.08814
0.326311
0.98803
0.886504
1.00242
1.16138
1.09564
1.44741
1.88431
1.71257
1.7774
1.02537
0.606803
0.946134
1.05904
0.824986
1.21987
1.10715
1.40435
1.9012
0.90088
1.28566
1.05699
1.20055
1.03388
0.939153
1.39215
1.5795
0.691565
0.832507
0.737651
0.383397
1.49412
1.24405
1.53029
1.50308
0.261717
0.978853
0.486847
1.23544
1.31927
1.38341
1.82029
1.77737
0.737536
0.684035
0.872378
1.60124
1.17348
1.14732
1.10611
1.7421
0.526157
0.994283
0.51887
1.19565
1.52278
0.888041
1.48629
1.9304
-0.174752
-0.0146869
1.12052
0.595456
0.780205
0.623846
1.14189
1.42384
-0.632022
-0.63359
-0.824734
-0.685596
0.139495
0.212969
-0.0800704
0.000457478
-0.628305
-0.623643
-0.678646
-0.334184
-0.352335
-0.0720316
-0.0416768
-0.230286
-0.262623
-0.192058
-0.532206
0.328101
-0.494519
-0.136803
0.0984219
-0.131597
-0.0892762
-0.335402
-0.660769
-0.330862
-0.227411
-0.325978
-0.258059
0.114704
-0.21958
-0.490443
-0.792077
-0.212088
0.0445527
-0.292928
0.0764974
0.53026
-0.224355
-0.637333
-0.0248202
-0.171183
-0.0440764
-0.624195
0.197825
-0.241651
-0.121675
-0.793424
-0.547289
-0.2123
0.101275
0.226552
0.171825
0.495105
-0.286529
-0.631624
0.135464
-0.81251
0.395577
-0.404072
-0.326702
0.0281001
0.08822
-0.359416
0.276653
0.331875
0.187353
-0.0237892
0.507972
0.342135
0.135905
0.00488392
-0.10054
-0.055941
0.243148
0.0862671
0.139968
0.336307
0.237822
-0.520102
-0.329375
-0.328102
-0.129077
0.179647
0.190304
0.446447
-0.176641
0.0477412
-0.585725
-0.342826
0.189816
0.0312047
0.367775
0.27618
-0.161442
-0.184001
-0.168839
0.455222
0.145638
0.569996
1.00491
0.692666
-0.500665
-0.231598
0.419891
0.423745
0.547571
0.248116
0.250749
0.67742
0.248623
0.0373066
-0.259875
0.168394
0.573923
0.614535
0.331956
0.543728
-0.536232
-0.788072
0.102431
-0.168337
0.209064
0.214165
0.179468
0.570501
-1.2037
-1.11663
-1.06356
-1.21623
-0.694717
-0.181255
-0.255818
-0.730876
-1.03731
-1.19167
-0.916962
-0.938868
-0.686055
-0.32817
-0.490679
-0.470671
-1.56417
-0.972801
-1.20026
-1.26856
-1.63429
-0.944746
-0.335438
-0.298251
-1.00528
-0.805334
-0.642048
-0.963112
-0.66781
-0.831137
-0.297782
-0.473689
-1.03024
-1.27507
-0.797262
-0.70272
-0.423458
-0.775051
-0.102604
0.299152
-0.757405
-1.09138
-0.189646
-0.304003
-0.402839
-0.814543
-0.365287
0.128701
-0.94173
-1.29446
-0.842415
-0.584278
-0.584717
-0.671552
-0.568831
0.250654
-1.31535
-1.55074
-0.451929
-0.922888
-0.456577
-0.77667
-0.476427
0.0893343
0.204293
0.494809
0.378753
0.598533
1.12984
1.29795
1.72059
1.39235
0.129583
0.136999
-0.212759
0.555882
0.614883
0.81922
1.77972
1.95183
0.267488
0.342118
0.414699
0.848564
1.26718
0.728571
1.88835
1.73088
0.439175
0.436314
0.234676
0.338263
1.18006
1.20519
1.74067
1.75746
-0.0779134
0.459437
0.439952
1.20318
1.1041
0.782659
1.58795
1.86783
-0.107164
0.440422
0.911145
0.729835
1.22336
0.808193
1.29153
2.39537
0.232379
-0.164112
0.0876709
1.06734
1.10426
0.965505
1.32758
2.43438
-0.12362
0.0135073
0.865556
0.639725
1.1637
1.36348
1.61873
2.02737
-1.1307
-0.228044
-0.601166
-0.70105
-0.330857
-0.255194
-0.395835
-0.883587
-1.14563
-1.05822
-1.24461
-0.61254
-1.22832
-0.852793
-0.74463
-0.46009
-1.12303
-1.09483
-0.856128
-1.07614
-1.09964
-0.482409
-0.561286
-0.904797
-0.784007
-0.655003
-1.13704
-1.14916
-0.898827
-0.666786
-0.494127
-0.675446
-0.939128
-0.838966
-0.447588
-0.280157
-0.24828
0.495343
0.220021
-0.185403
-0.775793
-1.0682
-0.277912
-0.235402
-0.222984
-0.55446
-0.126242
0.106989
-0.616834
-1.27712
-1.5859
-0.602914
0.064362
0.00342825
0.0420367
0.393813
-1.06163
-0.967859
-0.0315399
-0.108742
0.0372499
-0.0465664
-0.347155
0.491894
2.11593
1.58558
1.71455
1.69482
0.888374
1.62036
0.530681
0.704123
2.32658
1.38431
2.01258
1.9261
1.21357
0.922382
0.72799
0.918315
1.89474
1.68516
0.941369
1.7882
1.54733
1.21557
0.551277
0.662563
1.90422
1.87607
1.47402
1.33983
1.87395
0.974347
0.93262
0.576098
1.31031
1.69549
1.6254
1.45287
0.679263
0.747806
0.979449
1.14337
1.70371
1.31526
1.57772
1.22586
0.980684
0.56298
1.31667
0.964215
0.898397
0.793631
1.31738
1.116
1.07478
1.16685
0.763119
0.479634
0.772704
0.897418
1.30771
1.60188
0.748752
1.25873
0.68136
0.592539
2.13772
1.58762
1.3611
1.2622
0.8743
1.16277
-0.0640776
0.416971
2.93411
1.47732
1.41207
1.87849
1.2572
0.0809448
0.303327
0.139005
2.28723
1.40609
1.22484
1.50271
0.995623
0.743451
0.619914
0.524442
1.62093
1.84205
1.56569
1.61925
1.37087
0.427065
0.214353
0.306129
1.94103
1.45165
1.80134
1.0996
0.746684
0.527963
0.585541
0.455706
1.18868
1.60324
1.58106
1.08632
0.659146
0.430696
0.560935
0.441145
2.20051
1.14122
1.48704
1.08674
1.17942
0.500214
0.523591
0.0797363
1.56735
1.06547
1.53289
1.29428
0.614764
0.68118
0.558468
0.301179
1.32435
0.946445
0.438134
0.776111
0.409053
0.324904
0.172811
-0.404588
1.71314
1.24505
0.630754
0.976167
0.316438
-0.109321
0.0432903
-0.0957528
1.62465
0.841085
0.245117
1.11956
0.832456
0.392505
-0.151049
-0.288638
1.03367
1.36359
0.886482
0.966198
0.717022
0.117184
-0.157109
-0.505345
0.949252
0.753584
0.7369
0.658044
0.144742
-0.181799
-0.140883
-0.0615534
0.518636
0.618454
0.736057
0.491534
0.341967
0.125016
0.281519
-0.0140507
1.18042
0.840777
0.303488
0.542129
0.359018
-0.0784085
-0.183162
-0.257015
0.650348
0.834291
1.044
1.08296
0.118757
0.61207
-0.125487
0.124288
0.0818647
0.304815
0.0499958
0.0486194
-0.269221
-0.259811
-0.929973
-0.0361936
0.61809
0.0929518
0.174461
0.127607
-0.0324905
-0.450078
-0.408536
-0.443214
0.637328
0.715007
-0.0340817
0.361262
0.337041
-0.216166
-0.31041
-0.485371
0.686164
0.712531
0.200998
-0.266532
0.000988741
-0.202287
-0.275854
-0.611284
0.625339
0.171609
0.325759
-0.455046
-0.361812
0.0322263
-0.758003
-0.598367
0.486478
0.475283
-0.319483
0.206218
-0.183473
-0.677871
-0.424844
-0.202617
0.397867
0.375613
-0.185099
-0.0411008
-0.247648
-0.229912
-0.076492
-0.211924
0.575188
0.268942
0.683649
0.0371468
-0.33755
-0.20698
-0.311112
0.351308
0.10798
-0.311458
-0.172841
-0.349866
-0.27743
-0.189627
-0.808771
-0.200316
0.232258
-0.703804
-0.124677
0.191491
-0.14584
-0.905216
-0.671354
-0.179368
0.248356
-0.0315463
-0.347545
0.241372
-0.123087
-0.0811725
-0.371341
-0.499556
0.473325
0.115205
-0.104284
0.0158978
-0.202872
-0.514827
-0.365698
-0.792572
-0.507132
-0.305836
-0.374243
-0.865644
-0.743222
-0.797031
-0.550516
-0.262695
-0.28132
-0.676252
-0.674482
-0.250429
-0.778541
-0.146119
-0.400015
-0.0610353
-0.189254
-0.500325
-0.374544
-0.110943
-0.263994
-0.476998
-0.26901
-0.591086
-0.412491
-0.361093
0.207012
0.231271
-0.424505
-0.277863
-0.207321
-0.136834
1.42718
1.54011
1.29969
1.51588
0.632174
0.614552
0.497818
0.474217
2.12729
1.44267
0.968251
1.31909
0.698514
0.15745
0.296938
0.69608
1.04716
1.30862
0.39192
1.10639
0.870902
0.820118
0.403073
0.385958
1.18089
1.25216
0.899674
1.24002
0.80348
0.367429
0.604249
0.834433
0.85303
0.955012
0.880524
0.80119
0.24061
-0.0910813
-0.153697
0.41135
0.635554
0.920865
0.942121
0.926365
0.721209
0.410694
0.498632
-0.0322388
0.767726
0.406026
0.319362
0.376358
0.326372
0.207548
-0.249041
0.00155388
0.713546
0.298334
0.48484
0.428802
0.282741
0.469453
-0.478324
-0.182898
-37.1882
-169.456
-40.5963
-48.7047
0.918168
1.49253
0.34377
0.348163
1.9887
-27.8282
-18.9027
1.54893
31.7214
0.812079
0.162128
0.655773
-181.134
1.46968
1.35704
1.19431
1.21412
1.14124
1.12897
0.628725
-135.936
-114.049
1.58028
-2.84455
1.47142
0.999916
1.02615
0.356738
2.09527
1.28815
-86.6704
1.14905
0.903069
1.02358
0.818233
0.542942
1.43132
-5.47755
0.994882
0.969548
0.854501
0.697434
1.2943
1.10437
-143.78
-136.841
1.1291
1.0869
1.28695
0.703297
0.5934
0.892721
-145.919
1.06019
1.32542
1.56161
0.530756
0.72566
0.811501
0.832767
1.00877
0.56669
0.196842
0.101716
-0.589987
-0.156525
-0.638406
-0.381406
1.50637
0.781516
0.668881
0.292158
0.14535
-0.57928
-0.682067
-0.151434
1.10226
1.39111
0.26721
0.0144982
0.190255
-0.21468
-0.467949
-0.729164
0.826862
0.580694
0.366011
0.392351
0.303665
-0.509021
-0.45503
-0.383503
0.893931
0.92155
0.69338
0.939824
-0.313453
-0.0963508
-0.576487
-0.102462
0.803809
0.747511
0.111236
0.223334
-0.231177
-0.305194
-0.259051
0.0149393
1.02353
0.828797
0.288724
0.547846
0.456438
-0.563855
-0.869267
-0.438405
1.00929
1.29116
0.622244
0.23529
0.023023
-0.197621
-0.568518
-0.495818
0.310586
-0.0406717
-0.306492
0.0149945
-0.382397
0.288508
-0.92494
-1.22749
0.781599
0.352565
-0.34455
0.287859
-0.311615
-0.729502
-0.975012
-0.161685
1.02947
0.529475
-0.388755
0.363333
-0.18809
-0.561616
-1.07689
-0.430046
0.7363
0.669039
0.212083
-0.114493
0.0624621
-0.432409
-1.06851
-0.84705
0.507832
0.184104
-0.0973935
0.369095
-0.0499722
-0.492753
-0.777568
-0.629012
0.283438
0.680617
-0.180551
-0.184151
-0.0911824
-0.522853
0.0514871
-0.587852
0.461971
0.3304
0.206444
0.0359122
-0.611109
-0.622676
-0.586379
-0.780098
0.241903
0.378178
0.776064
0.0779926
-0.422683
-0.635289
-0.626314
-0.607247
0.673031
0.734813
0.307257
0.432944
-0.256389
0.346643
0.103279
-0.165065
0.893537
0.284571
0.609629
0.523893
0.33417
-0.305545
-0.286974
0.123989
0.46737
0.793775
-0.0370442
0.322919
0.309311
0.150184
-0.449674
-0.395507
0.172108
0.420929
-0.028137
0.243518
0.414387
-0.182585
-0.0547585
-0.575325
0.552495
0.636894
0.0379465
0.143263
-0.119292
0.208177
-0.498387
0.129758
0.546215
0.329
0.105325
-0.126432
0.0264652
-0.516673
0.14269
0.0954393
0.328819
0.190518
-0.0856207
-0.321455
0.312342
0.144522
-0.130902
0.448376
0.548896
0.245002
0.383118
0.438227
0.337986
-0.11768
-0.131275
-0.179613
0.00375547
-0.0581629
0.151652
0.165447
-0.285037
0.547102
-0.590366
-0.693953
0.791592
0.208694
0.312379
0.748051
0.265778
0.510465
-0.491003
-0.20451
0.667545
0.326475
-0.156436
0.0915741
0.386582
0.256822
-0.709036
-0.252922
0.342796
0.556007
0.0816465
0.00960299
0.433776
-0.368299
-0.0682851
-0.0703971
-0.0761388
0.137351
-0.000513822
-0.111435
-0.138695
-0.187055
-0.076907
0.112142
-0.095923
-0.0144579
-0.156125
-0.227141
0.0564604
-0.459905
-0.29723
0.000888498
0.107764
0.263371
0.176269
0.330733
-0.00511926
-0.706962
-0.131182
-0.168657
-0.212423
-0.186531
-0.0969815
0.171485
-0.288626
0.0130451
-0.140672
-0.654016
1.0748
1.06038
0.168859
0.333531
-0.230111
0.279986
-0.92024
-0.414145
0.598887
0.166249
-0.247862
0.221209
0.0608406
-0.658768
-0.679218
-0.548878
0.974698
0.830539
-0.11536
0.112578
0.386286
-0.412283
-0.698932
0.249207
0.630303
0.719073
0.0842624
-0.0841109
-0.193656
-0.534109
-0.599462
-0.938332
-0.0384978
0.467404
0.104568
0.0173031
-0.168674
-0.896821
-0.413974
-0.568836
-0.139713
0.127596
-0.0466982
0.00368304
-0.668584
-0.309113
-0.191921
-1.34258
0.263412
0.0146616
0.0717002
-0.331377
-0.329774
-0.513073
-0.106627
-0.867296
-0.143652
0.249375
-0.10739
-0.419973
-0.512811
-0.414483
-0.943948
-0.529877
1.24277
1.00358
0.839672
0.709592
1.14333
0.775634
0.0129564
0.219046
1.34043
1.26327
0.758381
0.991932
0.652229
-0.0152608
0.402409
0.672118
1.34571
0.588142
0.417165
0.874622
1.26846
1.27001
0.113434
0.441291
0.741367
0.727572
0.683297
0.507171
0.568926
0.404456
-0.0274009
0.26684
0.753157
1.098
1.1133
0.906502
0.334704
0.340254
0.383971
0.330517
1.28499
1.16227
0.68426
0.733417
0.361655
0.582947
0.616402
0.649699
1.42582
0.979498
1.08162
0.808713
0.462938
0.336777
0.137359
0.37229
0.707597
1.15511
1.07338
0.813002
0.410944
0.724616
0.227541
0.38889
1.63258
1.13267
1.0675
0.845732
0.371314
0.603113
-0.543297
-0.27598
1.7081
1.76051
1.12937
1.14892
0.425956
-0.049976
-0.199448
0.755034
2.04145
1.64516
1.05773
1.22686
1.33503
0.705937
-0.0591412
0.412628
1.81289
1.80459
1.20541
1.05101
1.2765
0.615256
-0.176726
0.0917553
1.19272
1.42161
1.18746
0.954984
0.48494
0.309338
0.324747
0.491151
1.6506
1.66743
1.36307
1.32823
0.904806
0.353285
0.616375
0.389548
1.59375
2.14632
0.88947
1.2655
0.87013
0.5584
0.864192
0.294309
2.24905
1.56751
1.98731
1.86193
1.08583
0.94346
0.511634
0.366335
0.894092
0.543798
0.875037
1.03995
0.137121
0.757044
-0.0918728
-0.401002
1.20418
0.280976
0.897045
0.993194
0.504432
-0.142495
-0.125311
0.258814
0.961445
0.884167
0.255508
0.954938
0.282054
0.269447
-0.0692891
0.0842318
1.28533
0.946249
0.655418
0.274226
0.432487
0.364898
-0.137901
0.0256981
0.627959
1.08618
0.816094
0.299816
-0.0943971
0.0390288
0.0631296
0.301519
0.522797
0.418765
0.332258
0.305001
-0.0979358
0.527124
0.190683
0.147601
1.00275
0.452733
0.323504
0.101647
-0.115241
0.162555
-0.384857
-0.600925
0.618139
0.548975
0.479796
0.283106
0.236395
0.0769673
-0.128767
-0.235212
0.579959
0.47263
0.058345
-0.00100394
-0.509204
-0.150064
-0.620462
-0.833867
0.88949
0.886342
-0.0283263
0.509432
-0.521379
-0.742176
-0.85764
-0.33095
0.951674
0.436756
-0.399227
0.120112
0.283214
-0.0534117
-0.179202
-0.501343
0.909725
0.650097
0.114413
-0.0672149
-0.102388
-0.337348
-0.328515
-0.346012
0.430208
0.273761
-0.137965
-0.236507
-0.31125
-0.860598
-0.590229
-0.188455
0.367409
-0.00662259
-0.121182
0.231036
-0.166977
0.119849
-0.33742
-0.13063
-0.019326
0.499706
-0.10662
-0.104425
-0.478986
-0.426774
-0.637617
-0.291874
-0.115791
0.61667
0.3797
0.414839
-0.538776
0.160707
-0.332138
-0.0511849
1.43359
0.801463
0.920758
1.12378
0.857473
1.17917
0.328712
0.840264
1.63527
1.17172
1.23716
0.865601
0.877733
0.29575
0.0385103
0.689399
1.28489
1.05959
0.237766
0.585082
1.21988
0.864204
0.451301
0.931631
0.878993
1.05291
0.799473
0.960778
1.19634
0.594891
0.83759
0.560347
0.891799
1.08085
0.494924
0.440666
0.746419
0.668737
0.57838
0.611381
0.906753
1.14828
0.721758
0.833242
0.745671
0.697668
0.938333
0.812363
0.93939
0.692192
0.559634
0.959556
0.241803
0.622335
0.973633
0.628991
0.790817
1.07597
0.860027
1.64051
1.10096
0.546066
0.587336
0.67017
0.227643
0.0290976
-0.459572
-0.00013369
-0.731669
-0.363259
-0.837417
-0.252864
-0.000635336
-0.494345
0.00667317
0.280693
-0.609997
-1.31821
-0.786539
-1.23587
0.351726
-0.27154
-0.501678
0.0813483
-0.149342
-0.355069
-0.376706
0.279353
-0.416782
-0.14431
-0.270263
-0.504573
-0.0492252
-0.289926
-1.1363
-0.361769
-0.261401
-0.104203
-0.139461
-0.63588
-0.443834
-0.815533
-0.8895
-0.248575
-0.484919
-0.783857
-0.678883
-0.652202
-0.723776
-0.812364
-0.47814
-0.821412
-0.194379
-1.16453
-0.955201
-0.669829
-0.471213
-0.866632
-0.798595
-0.69222
-0.560481
-0.245518
-0.443673
-0.260247
-0.769344
-0.839087
-1.15331
-0.696103
0.733423
0.885218
-0.0376266
0.808974
-0.182676
0.147022
-0.264705
0.231216
0.983285
0.498596
0.439979
0.605588
0.253653
-0.194796
0.0478724
-0.0319255
1.07056
0.21033
0.681076
0.26993
0.0511719
-0.109346
0.193185
-0.399001
0.986293
0.534379
1.38225
1.30657
0.0676036
0.00224015
0.0585509
-0.028357
0.744095
0.215632
0.233626
0.29169
0.139756
-0.0893498
0.107374
-0.206975
0.660206
1.11914
0.705398
0.102615
-0.189765
0.0351961
0.191973
-0.0319444
0.730385
0.930082
0.19752
0.255172
-0.142746
-0.117339
-0.53679
0.114236
0.478157
0.426871
0.960958
0.320056
0.432081
0.0604746
0.0529763
-0.0994541
1.31713
1.10098
0.781073
0.604968
0.327857
0.152836
-0.498134
-0.0826674
1.32265
1.04354
0.716747
0.727552
0.360392
-0.291753
0.0896386
0.284836
1.12437
0.913458
1.24332
0.925789
0.607861
0.313041
0.0744484
0.459717
1.54811
1.29855
1.65087
1.15529
1.18676
0.0282612
0.31799
-0.337118
1.30945
1.20156
1.27316
0.282314
1.07116
0.494332
0.399307
0.42031
1.71639
1.31435
1.1441
0.879703
0.47181
0.329633
0.0477012
0.315612
1.58371
1.08246
0.944265
1.15413
0.562127
1.0114
0.284909
0.291751
1.15398
1.51623
1.79313
1.10845
1.06903
0.596308
0.405183
0.156268
1.05682
0.54232
0.81945
0.427798
0.23269
-0.0735767
-0.215347
-0.391425
1.37265
1.32451
0.776382
0.232624
0.0655223
-0.12977
0.0147977
0.04549
0.949385
1.33215
1.1088
0.496676
0.675554
0.344047
0.461042
-0.14912
1.55058
1.1283
0.700767
0.876937
0.172132
0.321898
-0.348439
0.675102
1.89616
1.11041
1.10238
0.385494
0.829233
0.377354
-0.260823
-0.00180123
1.51534
1.47794
1.13599
1.07643
0.767146
0.830121
-0.221867
-0.269242
2.05783
1.28044
1.5143
1.38148
0.561417
0.155511
-0.224103
0.340423
1.39091
1.81388
1.88848
1.05847
1.21449
1.26566
0.474927
0.512627
-1.14248
-0.926672
-1.32363
-1.07696
-1.81582
-1.7866
-2.30624
-1.49669
-0.716831
-1.21294
-0.974154
-1.17675
-1.32647
-1.62962
-1.81896
-1.20088
-0.89705
-1.2415
-1.30042
-0.94033
-1.52508
-1.45928
-1.59721
-1.50226
-0.878806
-0.742758
-0.815382
-1.11395
-1.07455
-1.73382
-1.88796
-1.55751
-0.147464
-0.155126
-0.537493
-1.04541
-0.899105
-1.29562
-1.32688
-0.675219
0.150202
-0.360991
-0.144443
-0.744031
-0.704269
-0.822055
-1.05953
-0.843234
-0.465907
-0.793268
-0.851735
-0.565835
-0.213374
-0.962858
-1.18264
-0.342644
0.206366
-0.219388
0.140269
-0.134098
-0.157375
-0.696477
-0.724024
-0.876622
0.163767
0.31394
0.450426
0.0658026
-0.415317
0.458787
0.0102359
0.111356
0.77781
0.787543
0.808412
0.267285
0.0893673
-0.0565536
-0.0666541
-0.34651
1.03755
0.271624
0.87053
0.626582
0.470317
0.0500391
-0.116584
0.222604
0.878672
1.02586
0.454519
0.993732
0.651528
0.447123
-0.0581005
0.150814
1.24282
0.528341
0.690199
0.269628
0.354745
0.39069
0.0688961
0.345603
1.36448
0.684124
0.923391
0.570756
0.477535
0.754898
0.0346808
-0.132276
0.732038
0.633305
0.867862
0.119256
0.417992
0.621365
0.524194
0.742457
0.906154
1.05726
0.821603
0.688033
0.684659
0.370488
0.112631
0.432434
1.24412
1.02548
1.25515
0.859426
0.301472
-0.0481347
-0.341879
-0.0637931
1.32937
1.20854
0.936231
0.890863
0.226572
-0.397439
-0.632765
0.156627
1.13446
1.25912
1.4873
1.17072
0.171817
-0.225481
0.211617
-0.311127
1.02549
0.777453
0.894048
0.698929
-0.0109111
0.192654
0.070285
-0.224006
1.00714
0.533953
0.687914
0.749389
0.100474
0.0656735
-0.175691
0.0540779
1.32671
1.58019
0.454477
0.522222
0.459082
0.262045
0.505228
0.463832
1.31723
1.13236
1.10783
0.582746
0.369504
0.353281
0.11946
0.491551
0.783037
1.54283
1.12645
0.828047
1.2219
0.503881
0.544637
0.765745
0.367832
0.0936366
-0.0468263
0.860428
-0.300499
-0.174145
-0.505385
-0.355417
68.0235
0.585719
0.00336701
0.152855
-0.324548
-0.261114
-0.323448
-0.0825708
0.270959
-0.100725
0.438414
0.320426
-0.0788716
-0.106389
-0.521692
-0.687976
0.499403
0.0171735
-0.893669
0.14988
0.0387981
-0.484054
-0.321313
0.00574152
1.22353
-0.000688324
0.516256
0.417094
-0.476401
-0.611889
-0.798215
-0.665579
0.913607
-0.0848517
0.762788
0.118538
0.211729
-0.0758119
-1.06668
-0.559952
-3.40198
0.433592
-0.314885
-0.031694
0.883123
-0.195961
-0.514671
0.0791887
0.564711
0.321365
0.396425
0.391523
0.0471869
-0.202228
-0.410968
-0.888106
-0.187282
-0.496595
-0.308021
-0.937366
-1.15148
-1.7127
-1.31819
-1.01393
0.0787758
-0.453105
-0.198021
-0.611786
-1.37022
-1.43741
-1.48515
-1.54638
-0.238618
-0.397293
-0.116243
-0.3993
-1.39692
-1.15915
-1.00303
-1.44878
-0.316987
-0.487319
-0.387817
-0.168947
-0.471348
-1.29873
-1.48709
-1.02397
0.245619
-0.295946
0.164332
-0.447376
-0.227819
-1.35622
-1.4845
-1.0886
0.81869
0.00367379
0.396741
-0.715429
-0.292956
-0.54572
-0.947892
-1.07578
0.44482
0.0884911
0.0330343
0.0218216
-0.450675
-1.01261
-0.959857
-0.776842
0.601686
0.782604
0.610579
0.310706
-0.183527
-0.412198
-1.37183
-0.908158
-0.336373
-0.480101
-0.321743
-0.242846
-0.893535
-0.977254
-1.49744
-1.26578
-0.120499
0.347571
-0.0533102
-0.490341
-0.552284
-0.736204
-1.44099
-1.36651
0.509613
0.226863
0.0452973
-0.136691
-0.736807
-0.903672
-0.89485
-0.218313
-0.303385
-0.00893248
0.143888
0.173404
-0.673181
-0.955865
-0.924842
-0.684483
0.866683
0.305984
0.582101
-0.336228
-0.196294
-0.610116
-0.739214
-0.623272
0.723184
0.00786358
0.329095
-0.211298
0.144574
-0.233773
-0.956847
-0.459156
0.79911
0.599033
0.532505
-0.00164151
0.461872
-0.067753
-0.938016
-0.261171
0.53151
0.854581
0.503206
0.553576
0.279657
-0.365652
-0.318516
-0.830703
-0.708595
-1.00334
-0.696291
-0.424941
-1.44779
-1.56659
-1.34156
-0.829241
-0.11577
-1.17734
-0.880686
-0.990363
-1.16465
-0.876743
-1.22983
-1.06821
-0.687173
-0.62637
-0.165019
-0.891211
-0.9701
-1.28659
-1.19552
-0.821287
-0.528883
-0.306523
-0.101024
-1.14859
-0.972014
-0.962836
-0.735746
-0.570898
0.206644
-0.361136
-0.62578
-0.810706
-0.768936
-1.28139
-1.15037
-0.423883
0.111082
-0.672212
-0.370488
-0.539974
-0.627397
-0.331706
-0.985578
-0.965667
0.00839515
-0.158646
-0.135449
-0.139063
-0.221198
-0.643791
-0.860312
-0.568218
-0.368955
0.03375
-0.0257237
-0.389802
-0.187112
-0.0185952
-1.20604
-0.921025
-0.20456
-0.403646
0.0937756
-0.704311
-0.837912
-0.395069
-1.25866
-1.12985
0.28841
-0.320136
0.0583453
0.158868
-0.440094
-0.561595
-1.27386
-1.08864
0.320179
-0.333632
0.0484043
0.171528
-0.766869
-0.670818
-0.618654
-0.738859
-0.0851516
-0.111247
0.0475549
-0.0838048
-0.616355
-0.628408
-1.26525
-0.617821
0.550251
0.461087
0.406698
-0.252307
-0.488843
-0.477884
-0.484503
-0.474005
1.09241
0.317883
0.49839
0.179755
-0.352494
0.0316017
-0.16339
-0.503088
0.485162
0.560386
0.393751
0.304957
0.0581567
0.064792
-0.304077
-0.494665
0.689996
0.452353
0.665013
0.662786
0.328436
-0.371118
-0.339503
-0.490176
-0.144304
-0.187991
-0.788082
-0.579447
-0.822124
-1.23562
-1.04427
-1.19803
0.196023
-0.263459
-0.128511
-0.294408
-1.17283
-1.02913
-0.866811
-0.495218
0.245258
-0.258173
0.139227
-0.321582
-0.725086
-0.53639
-1.09344
-0.649984
-0.0176833
-0.0809488
0.330315
-0.284857
-1.25588
-0.67348
-0.590909
-1.14622
0.236878
-0.535901
-0.598801
-0.713255
-0.34452
-0.393777
-0.692825
-0.822492
0.259616
-0.277294
-0.285199
-0.334948
-0.382102
-0.558904
-0.542847
-0.966776
0.288892
-0.350564
-0.540112
-0.559331
-0.285116
-0.905729
-0.733334
-0.467259
-0.312719
0.216344
0.0937251
0.588313
-0.669181
-0.265488
-0.679188
-0.408173
0.164517
-0.544341
0.405529
-0.437395
-0.930011
-0.731683
-1.61197
-1.19166
0.836648
0.10889
-0.198514
-0.306575
-0.508999
-0.788353
-1.36752
-1.35475
0.0976392
-0.0679153
-0.122132
-0.2706
-0.157901
-1.03969
-1.01989
-0.931857
0.0247821
0.376926
0.000477307
0.0284475
-0.758969
-0.858391
-1.18373
-1.3754
0.710155
0.160766
-0.045691
-0.868571
-0.441772
-0.850303
-0.943973
-1.1545
0.819812
0.130281
0.130815
-0.230015
-0.539209
-0.711198
-0.782264
-1.25908
0.760376
0.240285
-0.0350679
0.313632
0.294682
-0.21867
-0.677013
-0.672934
-0.187254
-0.043235
-0.151922
0.26464
-0.297538
-0.262687
-0.668233
-0.306737
-0.429252
-0.962801
-0.238371
-0.690776
-1.33548
-1.23173
-1.76667
-1.67166
-0.403131
-0.663854
-0.348277
-0.514354
-0.488418
-0.605225
-0.824173
-0.946902
-0.0616245
-0.00931176
-0.00910156
-0.150517
-0.595731
-1.09441
-0.984322
-1.43434
0.264369
0.0387731
0.18363
-0.350203
-0.74012
-0.733137
-1.16587
-1.26152
0.670796
-0.226369
-0.248622
-0.485366
-0.42122
-1.06838
-0.964492
-1.12673
0.169644
-0.252081
-0.147455
-0.105828
0.0272624
-0.841959
-0.561161
-0.510719
0.263199
-0.118819
-0.385904
-0.315259
-0.556813
-0.464798
-0.757095
-0.8001
0.052571
0.39167
0.369543
-0.224136
-0.236047
-0.581341
-1.19128
-1.1548
-0.265579
-0.662207
-0.469293
-0.901896
-1.345
-0.966763
-1.46292
-0.985894
0.00858296
-0.213814
-0.470839
-0.303779
-0.985164
-1.15647
-1.38679
-1.43516
0.368793
0.0150962
0.134661
-0.197998
-0.782159
-1.04867
-0.895731
-1.0344
-0.189707
-0.322457
0.209271
-0.252212
-0.86146
-0.796642
-1.69127
-1.23191
0.761681
0.203806
-0.226395
-0.29067
-0.499731
-1.07929
-0.944286
-1.09494
0.97524
-0.0953649
0.432007
-0.277343
-0.575278
-0.221887
-1.13407
-0.948845
0.456994
0.500602
0.538111
-0.312845
-0.091423
-1.01072
-0.839943
-0.687919
-0.0743351
0.670964
0.512846
-0.0779586
-0.462426
-0.612623
-0.92698
-1.07605
-0.11576
-0.562767
-0.770142
-0.712224
-1.33646
-0.333497
-1.14449
-1.19327
-0.322557
-0.329194
-0.656092
-0.836459
-0.982187
-0.772636
-1.25272
-0.883509
-0.226018
-0.672947
-0.278785
-0.785337
-1.1489
-0.737575
-0.87862
-0.581485
-0.274579
-0.373823
-0.220751
-0.41531
-0.687322
-1.11405
-0.859359
-1.06267
0.122189
-0.160512
-0.260892
-0.499191
-0.347865
-0.925071
-0.996357
-0.521144
0.330367
-0.112018
-0.0654336
0.0673839
-0.881782
-0.217375
-0.925188
-0.252337
-0.0391719
0.246454
0.211279
-0.55061
-0.356871
-0.325556
-0.860611
-0.377258
-0.163153
-0.305976
0.482462
0.152759
0.224348
-0.23788
-0.700659
-0.694406
0.583146
1.00193
0.695976
0.366758
-0.136349
0.0267681
0.233779
0.00324425
1.10578
0.548243
0.767615
0.136977
0.0887288
0.263092
0.0671361
0.831106
1.4669
0.982071
0.581422
0.554342
0.00662879
0.238125
0.207911
0.405623
1.14118
0.70224
1.0346
0.834911
0.307139
0.305925
0.475411
0.283954
1.3878
1.21128
0.758518
0.392026
0.410971
0.592585
0.512153
0.708765
1.40773
0.747926
0.881099
0.69504
0.68062
0.639417
0.590687
0.515054
1.40288
0.677758
0.562565
0.880163
0.936714
0.549842
0.292653
0.452172
0.825447
0.861344
1.1299
0.971892
0.803697
0.290582
0.424647
0.855206
0.711145
0.452736
0.528163
0.702651
-0.0315854
-0.571684
-0.188152
-0.188149
-0.0765697
0.955878
-0.00579331
0.08746
0.147215
0.279378
-0.311634
-0.0862923
1.06897
0.312085
0.744409
0.303039
0.238139
0.157715
0.061089
-0.00404309
0.793951
0.169366
0.933076
0.369332
0.207836
0.694304
-0.151374
0.320457
1.30462
1.05887
0.48091
0.78863
0.551502
0.10021
0.386011
0.164472
1.66783
1.10319
0.668677
0.835302
0.42866
-0.210032
-0.431099
-0.0720747
0.861724
0.929688
0.679082
0.163138
0.747691
0.222013
0.438908
0.573258
0.78634
0.978025
0.463153
0.496934
0.694976
0.0378792
-0.0392554
0.735225
0
0
0
0
0
0
0
0
0
0
0
0
0
0
0
0
0
0
0
0
0
0
0
0
0
0
0
0
0
0
0
0
0
0
0
0
0
0
0
0
0
0
0
0
0
0
0
0
0
0
0
0
0
0
0
0
0
0
0
0
0
0
0
0
0
0
0
0
0
0
0
0
0
0
0
0
0
0
0
0
0
0
0
0
0
0
0
0
0
0
0
0
0
0
0
0
0
0
0
0
0
0
0
0
0
0
0
0
0
0
0
0
0
0
0
0
0
0
0
0
0
0
0
0
0
0
0
0
0
0
0
0
0
0
0
0
0
0
0
0
0
0
0
0
0
0
0
0
0
0
0
0
0
0
0
0
0
0
0
0
0
0
0
0
0
0
0
0
0
0
0
0
0
0
0
0
0
0
0
0
0
0
0
0
0
0
0
0
0
0
0
0
0
0
0
0
0
0
0
0
0
0
0
0
0
0
0
0
0
0
0
0
0
0
0
0
0
0
0
0
0
0
0
0
0
0
0
0
0
0
0
0
0
0
0
0
0
0
0
0
0
0
0
0
0
0
0
0
0
0
0
0
0
0
0
0
0
0
0
0
0
0
0
0
0
0
0
0
0
0
0
0
0
0
0
0
0
0
0
0
0
0
0
0
0
0
0
0
0
0
0
0
0
0
0
0
0
0
0
0
0
0
0
0
0
0
0
0
0
0
0
0
0
0
0
0
0
0
0
0
0
0
0
0
0
0
0
0
0
0
0
0
0
0
0
0
0
0
0
0
0
0
0
0
0
0
0
0
0
0
0
0
0
0
0
0
0
0
0
0
0
0
0
0
0
0
0
0
0
0
0
0
0
0
0
0
0
0
0
0
0
0
0
0
0
0
0
0
0
0
0
0
0
0
0
0
0
0
0
0
0
0
0
0
0
0
0
0
0
0
0
0
0
0
0
0
0
0
0
0
0
0
0
0
0
0
0
0
0
0
0
0
0
0
0
0
0
0
0
0
0
0
0
0
0
0
0
0
0.204507
0.363152
0.955215
0.696504
0.736957
-0.272618
0.104801
0.381681
1.65925
1.37579
0.288054
1.10769
0.515272
0.545796
0.190557
0.111084
1.30024
1.20888
0.849204
0.773934
1.05815
0.323397
0.153906
0.0898782
0.788196
0.759505
0.528752
1.01876
0.904953
0.5694
0.142499
0.188299
1.83494
1.24604
1.14558
0.839463
1.35464
0.721428
0.408452
0.593346
-3.76839
1.39495
1.10363
1.1869
0.639068
0.768394
1.05679
0.692004
2.21574
1.42287
1.17371
1.12094
0.518835
0.634632
0.34244
0.888898
2.02625
1.89514
1.05713
0.747114
0.962627
1.15782
0.374856
0.803731
0.230767
0.528602
0.375282
0.111643
-0.285075
-1.26345
-0.76865
-0.995194
0.753
0.867802
-0.015332
0.406193
0.130914
-0.072063
-0.440716
-0.380813
1.06408
0.742655
0.296274
0.145144
0.0502727
-0.482548
-0.484025
-0.409316
0.0881124
0.166568
0.178655
0.0117008
0.401041
0.331301
-0.733815
-0.234948
1.36994
1.32565
0.802974
0.0791256
0.58092
-0.541948
-0.0203346
-0.269013
1.30125
1.19241
0.468373
0.828325
0.398837
0.473961
0.854287
0.0525637
1.61556
1.11583
0.177627
1.00942
0.146694
0.151671
0.0262692
0.177181
1.63717
1.12834
1.10324
1.56291
0.8716
0.303915
0.413847
0.174133
-0.54466
-0.363192
-0.45141
-0.786384
-0.411691
-1.13519
-1.03567
-1.02223
0.114584
0.0619015
-0.0798067
-0.469433
-0.572738
-0.718557
-0.6912
-0.57677
0.00404874
-0.0906559
-0.379424
-0.394305
-0.277287
-0.96232
-0.816938
-0.570123
-0.341097
-0.368848
-0.380938
0.310505
-0.742157
0.0766186
-0.702823
-0.433161
0.90219
0.360259
0.965048
0.286002
0.0229097
-0.483318
-0.373288
-0.420822
1.47899
0.866006
0.149055
-0.143489
-0.0651457
-0.014422
0.0936237
-0.359356
1.44792
0.376359
0.3694
0.487556
-0.0572122
-0.177962
-0.230201
-0.107575
0.637935
0.635445
1.01506
0.573695
0.272056
-0.282653
-0.372438
-0.719643
0.168612
-0.18321
-0.045946
-0.256496
-0.521543
-0.589258
-1.04817
-1.07183
0.85279
0.510776
-0.449148
-0.36069
-0.106982
-0.508871
-0.528609
-0.521687
0.567717
0.74046
-0.349279
-0.177098
-0.271011
-0.807272
-0.387659
-0.615785
0.214063
-0.000369908
-0.0528321
-0.453449
-0.0731984
-0.314926
-0.694942
-0.230731
1.35581
0.785346
0.727498
0.442746
-0.637737
-0.544625
-0.137523
-0.384851
0.877929
0.486914
0.419136
0.235908
-0.121286
-0.412044
0.139433
0.0749054
0.943396
0.772609
-0.410937
0.468148
-0.000518818
-0.0293554
-0.250467
-0.396557
0.80476
0.853783
0.859789
0.210829
0.801102
0.218854
-0.212428
-0.557626
0.160571
-0.196507
0.196053
0.0356671
0.0659349
-0.18151
-0.0211129
-0.260449
0.823486
1.20371
0.499894
0.454472
0.451433
-0.219256
-0.245475
0.1091
0.741157
0.921387
0.942912
0.599528
0.07995
-0.187922
-0.433736
-0.0667708
0.464968
0.449669
0.614209
0.419
0.796184
0.48105
0.31402
0.264537
1.64868
1.03722
0.510099
0.70589
0.848744
0.383582
0.549903
-0.163669
1.26658
1.19384
0.636008
1.06942
0.57032
0.44613
1.13627
0.718942
1.61139
1.16541
0.834926
0.806631
1.10125
1.40151
0.180196
0.587909
1.36325
1.52285
0.914842
0.81523
1.49239
1.29585
0.248608
1.28976
0.56878
0.23638
0.754265
0.466922
0.19188
-0.404264
-0.227553
-0.192469
1.00826
0.391448
0.00183476
0.299787
0.237664
0.0168341
-0.542777
0.14215
1.34714
0.609708
0.452445
-0.0554407
0.386809
0.00332013
-0.523336
0.250174
0.999735
0.206975
0.0640477
0.346367
-0.183982
-0.0301728
-0.268455
-0.0444103
2.4082
1.29141
1.22429
0.814669
0.423838
0.0821655
-0.226373
0.8438
1.49366
1.1475
0.5977
0.878763
0.491586
0.173471
0.295916
0.488471
1.20339
1.09405
0.841906
0.433763
0.27296
0.614841
0.324881
0.224334
0.90084
1.07061
0.757476
0.655044
0.718568
0.545903
-0.233398
0.205219
1.05595
1.02579
0.885778
1.19253
0.791769
-0.199065
0.153528
0.111291
1.18991
1.61417
1.18572
1.16173
0.963023
0.296213
0.386911
0.312098
1.2997
1.098
1.05109
0.504013
0.848025
0.733105
0.334753
0.649227
1.34368
1.47657
1.304
0.987548
0.604457
0.754245
0.790522
0.74913
2.4879
2.02331
1.33685
1.04394
1.04623
0.534368
1.0459
0.673429
1.97448
1.59887
1.46832
1.86008
0.804101
1.5016
1.10763
1.00989
2.4382
1.75185
1.39801
1.83157
0.929258
1.1908
0.742265
1.30358
2.19801
2.1852
1.70999
1.30599
1.38151
1.19052
1.1329
1.3081
0.966761
0.629169
0.485274
1.18229
0.146613
0.110692
-0.00893431
-0.118285
1.52779
1.52019
0.976149
0.893351
0.356796
0.782306
0.134932
-0.0416797
1.61655
1.02053
0.733241
0.738104
0.684647
0.603557
0.373554
0.306501
1.43147
1.1052
0.667056
1.12391
0.932669
0.681915
-0.0293988
0.415568
2.326
1.7627
1.31488
0.900571
0.969419
0.485876
0.472652
0.29317
2.90802
1.91077
1.31375
1.44674
1.13677
1.13675
1.10579
1.0426
2.34518
1.49672
1.15368
1.33205
1.05709
0.753366
0.386498
0.953633
2.52004
2.12858
1.72688
1.01291
1.32812
1.19958
0.949846
0.914155
-0.206014
-0.493748
-0.303618
-0.297106
-0.571378
-0.745841
-1.13585
-1.10872
0.469454
-0.0468235
0.0575104
0.00418885
-0.397589
-0.322712
-0.381321
-1.01985
0.251123
0.172703
-0.232853
-0.234441
-0.241142
-0.819185
-0.701438
-0.222617
0.270053
0.0426742
0.264877
-0.451902
-0.217514
-0.0559797
-0.735328
-0.564963
0.729159
0.573761
0.561151
0.217537
0.196471
0.164939
-0.386726
0.0436397
1.00638
0.392139
-0.0382537
0.301228
0.383588
-0.224082
0.424688
0.617257
1.04325
0.683559
0.0501679
0.796942
-0.0573267
-0.0468831
0.207135
-0.039631
0.663496
0.421622
0.976882
0.63886
0.48244
0.215328
-0.00552107
-0.225686
0.542656
0.862238
0.497218
0.466801
0.56424
0.195339
0.174881
0.304018
1.08116
1.05991
0.509882
0.57335
0.689496
0.402703
-0.0643525
0.105643
1.08376
0.566331
0.434644
0.448037
0.755475
0.105991
-0.310356
0.615534
1.23722
1.01831
0.333525
0.651572
0.207484
0.46653
0.169998
0.172444
1.77064
1.48912
1.73092
0.899886
1.31641
0.187472
0.548047
0.515993
1.76097
1.46097
1.03244
1.17484
0.712999
0.705492
0.863458
0.85866
2.2699
1.63843
0.891101
3.50352
0.484121
0.549499
0.385573
0.513985
2.37466
1.50816
1.23286
3.66387
0.933633
0.773593
0.944952
0.721343
1.10774
0.161329
0.46776
0.57001
0.748996
-0.076862
-0.231522
0.315845
0.994618
0.802131
0.478566
0.53279
0.290915
0.352825
0.515656
0.749336
1.07447
0.302016
0.11962
0.534521
0.120717
-0.225219
-0.446854
0.0751674
0.919713
0.578177
0.436578
0.0217744
0.150709
0.863542
0.0947331
0.419862
1.63185
0.948418
1.09373
0.612691
0.514653
-0.299252
0.429713
0.108295
1.69003
1.67244
0.898781
1.17193
0.613481
0.775341
1.10934
1.1386
1.47733
0.827327
1.22626
1.06191
1.21113
-0.049286
0.481739
0.206959
1.67674
1.16048
1.40731
1.24498
1.58046
0.942161
0.810191
-0.276582
