0
0
0
0
0
0
0
0
0
0
0
0
0
0
0
0
0
0
0
0
0
0
0
0
0
0
0
0
0
0
0
0
0
0
0
0
0
0
0
0
0
0
0
0
0
0
0
0
0
0
0
0
0
0
0
0
0
0
0
0
0
0
0
0
0
0
0
0
0
0
0
0
0
0
0
0
0
0
0
0
0
0
0
0
0
0
0
0
0
0
0
0
0
0
0
0
0
0
0
0
0
0
0
0
0
0
0
0
0
0
0
0
0
0
0
0
0
0
0
0
0
0
0
0
0
0
0
0
0
0
0
0
0
0
0
0
0
0
0
0
0
0
0
0
0
0
0
0
0
0
0
0
0
0
0
0
0
0
0
0
0
0
0
0
0
0
0
0
0
0
0
0
0
0
0
0
0
0
0
0
0
0
0
0
0
0
0
0
0
0
0
0
0
0
0
0
0
0
0
0
0
0
0
0
0
0
0
0
0
0
0
0
0
0
0
0
0
0
0
0
0
0
0
0
0
0
0
0
0
0
0
0
0
0
0
0
0
0
0
0
0
0
0
0
0
0
0
0
0
0
0
0
0
0
0
0
0
0
0
0
0
0
0
0
0
0
0
0
0
0
0
0
0
0
0
0
0
0
0
0
0
0
0
0
0
0
0
0
0
0
0
0
0
0
0
0
0
0
0
0
0
0
0
0
0
0
0
0
0
0
0
0
0
0
0
0
0
0
0
0
0
0
0
0
0
0
0
0
0
0
0
0
0
0
0
0
0
0
0
0
0
0
0
0
0
0
0
0
0
0
0
0
0
0
0
0
0
0
0
0
0
0
0
0
0
0
0
0
0
0
0
0
0
0
0
0
0
0
0
0
0
0
0
0
0
0
0
0
0
0
0
0
0
0
0
0
0
0
0
0
0
0
0
0
0
0
0
0
0
0
0
0
0
0
0
0
0
0
0
0
0
0
0
0
0
0
0
0
0
0
0
0
0
0
0
0
0
0
0
0
0
0
0
0
0
0
0
0
0
0
0
0
0
0
0
0
0
0
0
0
0
0
0
0
0
0
0
0
0
0
0
0
0
0
0
0
0
0
0
0
0
0
0
0
0
0
0
0
0
0
0
0
0
0
0
0
0
0
0
0
0
0
0
0
0
0
0
0
0
0
0
0
0
0
0
0
0
0
0
0
0
0
0
0
0
0
0
0
0
0
0
0
0
0
0
0
0
0
0
0
0
0
0
0
0
0
0
0
0
0
0
0
0
0
0
0
0
0
0
0
0
0
0
0
0
0
0
0
0
0
0
0
0
0
0
0
0
0
0
0
0
0
0
0
0
0
0
0
0
0
0
0
0
0
0
0
0
0
0
0
0
0
0
0
0
0
0
0
0
0
0
0
0
0
0
0
0
0
0
0
0
0
0
0
0
0
0
0
0
0
0
0
0
0
0
0
0
0
0
0
0
0
0
0
0
0
0
0
0
0
0
0
0
0
0
0
0
0
0
0
0
0
0
0
0
0
0
0
0
0
0
0
0
0
0
0
0
0
0
0
0
0
0
0
0
0
0
0
0
0
0
0
0
0
0
0
0
0
0
0
0
0
0
0
-0.162588
-0.165353
-0.138583
-0.09759
-0.106224
-0.139019
-0.106125
-0.337883
-0.195432
-0.158669
-0.135361
-0.101571
-0.144533
-0.171893
-0.0991944
-0.173798
-0.161652
-0.130655
-0.148883
-0.124056
-0.127091
-0.147254
-0.0760218
-0.203219
-0.200879
-0.0922041
-0.127113
-0.134143
-0.104884
-0.159645
-0.191022
-0.112864
-0.160918
-0.172831
-0.118549
-0.16067
-0.0862917
-0.0913771
-0.148538
-0.140292
-0.211728
-0.191373
-0.179886
-0.149998
-0.159033
-0.150343
-0.172563
-0.249363
-0.190016
-0.120362
-0.203605
-0.145516
-0.0859532
-0.075356
-0.172731
-0.154052
-0.176634
-0.135442
-0.186866
-0.19173
-0.104257
-0.106358
-0.144714
-0.177455
-0.103287
-0.15938
-0.136213
-0.130848
-0.133668
-0.16694
-0.141536
-0.151129
-0.195941
-0.19253
-0.181012
-0.117118
-0.118214
-0.146516
-0.141711
-0.0771429
-0.151846
-0.193357
-0.133718
-0.12763
-0.146661
-0.142127
-0.12944
-0.132315
-0.167265
-0.106573
-0.146494
-0.1263
-0.130342
-0.132381
-0.151569
-0.114805
-0.138094
-0.202122
-0.146057
-0.152171
-0.129537
-0.132697
-0.161042
-0.156077
-0.173183
-0.151591
-0.133202
-0.128157
-0.160269
-0.128302
-0.111683
-0.125552
-0.193913
-0.144105
-0.124981
-0.119867
-0.140639
-0.196224
-0.139659
-0.119945
-0.160537
-0.173659
-0.157405
-0.128054
-0.153157
-0.13483
-0.147083
-0.132451
-0.147507
-0.140067
-0.12745
-0.159305
-0.149573
-0.142196
-0.138699
-0.132461
-0.172325
-0.166066
-0.143813
-0.132399
-0.144112
-0.148866
-0.14231
-0.144204
-0.144221
-0.186309
-0.158851
-0.149101
-0.152487
-0.141797
-0.145023
-0.142279
-0.168092
-0.148844
-0.160244
-0.141761
-0.142192
-0.149563
-0.144174
-0.133892
-0.194147
-0.142158
-0.142266
-0.162156
-0.16124
-0.149383
-0.158047
-0.153043
-0.142287
-0.143386
-0.165996
-0.145784
-0.145796
-0.159404
-0.146066
-0.143397
-0.157065
-0.145155
-0.147511
-0.156785
-0.152075
-0.159894
-0.141235
-0.143324
-0.137298
-0.153078
-0.159774
-0.151099
-0.149641
-0.154475
-0.152979
-0.14649
-0.158922
-0.154826
-0.1506
-0.150386
-0.139383
-0.140327
-0.130964
-0.155086
-0.167191
-0.159804
-0.153796
-0.155681
-0.142598
-0.152698
-0.13431
-0.142296
-0.161037
-0.155791
-0.150331
-0.147319
-0.145028
-0.153472
-0.136094
-0.149223
-0.162056
-0.155241
-0.159512
-0.161285
-0.146342
-0.144174
-0.141656
-0.140255
-0.172991
-0.15571
-0.154318
-0.149034
-0.162763
-0.162413
-0.148477
-0.153604
-0.165241
-0.156028
-0.164538
-0.153381
-0.153407
-0.158342
-0.150109
-0.156723
-0.170207
-0.160966
-0.156727
-0.156269
-0.154663
-0.165047
-0.148123
-0.157436
-0.18046
-0.161691
-0.166735
-0.161409
-0.154644
-0.160542
-0.154351
-0.164514
-0.146823
-0.144796
-0.139996
-0.135241
-0.13296
-0.122724
-0.125996
-0.132229
-0.154585
-0.149521
-0.146235
-0.141852
-0.140416
-0.144325
-0.13065
-0.136609
-0.150431
-0.138912
-0.142091
-0.14793
-0.138016
-0.141776
-0.135925
-0.130206
-0.155
-0.146826
-0.157221
-0.143068
-0.144359
-0.1422
-0.142045
-0.145836
-0.153
-0.157769
-0.143772
-0.153071
-0.150751
-0.135899
-0.136618
-0.155751
-0.153283
-0.15997
-0.153525
-0.143966
-0.144547
-0.144923
-0.132504
-0.144061
-0.159858
-0.153704
-0.148416
-0.139026
-0.13971
-0.14939
-0.135747
-0.144529
-0.156317
-0.158071
-0.159457
-0.146972
-0.139293
-0.147298
-0.146358
-0.141797
-0.156664
-0.149623
-0.138453
-0.123179
-0.139509
-0.132126
-0.148831
-0.13862
-0.161673
-0.146519
-0.149671
-0.139828
-0.129513
-0.114816
-0.14102
-0.117913
-0.151698
-0.144829
-0.144714
-0.129321
-0.12547
-0.148812
-0.131384
-0.118128
-0.155766
-0.144488
-0.14706
-0.139275
-0.144316
-0.115493
-0.124118
-0.137494
-0.154178
-0.150741
-0.141544
-0.13797
-0.150567
-0.117422
-0.150531
-0.116144
-0.15428
-0.157134
-0.156817
-0.147249
-0.132967
-0.125426
-0.142541
-0.110156
-0.150962
-0.154237
-0.136304
-0.144403
-0.144824
-0.141556
-0.140831
-0.127906
-0.16041
-0.151137
-0.155032
-0.152192
-0.153373
-0.148461
-0.138779
-0.131755
-0.135824
-0.14896
-0.149859
-0.134493
-0.194615
-0.159318
-0.143624
-0.183872
-0.157688
-0.151897
-0.11888
-0.135113
-0.131644
-0.129386
-0.158022
-0.235131
-0.170075
-0.12282
-0.154064
-0.189199
-0.130894
-0.0995322
-0.181834
-0.194958
-0.159678
-0.103693
-0.137522
-0.139362
-0.129331
-0.147646
-0.214998
-0.103122
-0.143602
-0.11892
-0.160866
-0.123628
-0.128715
-0.175799
-0.157681
-0.226186
-0.148672
-0.165363
-0.141299
-0.119383
-0.162899
-0.122846
-0.145619
-0.074427
-0.137808
-0.156264
-0.154243
-0.147899
-0.140466
-0.159659
-0.115445
-0.206628
-0.161793
-0.149698
-0.152104
-0.139703
-0.185126
-0.097165
-0.115571
-0.170249
-0.131481
-0.159396
-0.13087
-0.132541
-0.122249
-0.131163
-0.161414
-0.14483
-0.165548
-0.125159
-0.171299
-0.147468
-0.150741
-0.135612
-0.144343
-0.144014
-0.214131
-0.147379
-0.140092
-0.15383
-0.120579
-0.143142
-0.154248
-0.143193
-0.272072
-0.16974
-0.176792
-0.177427
-0.174276
-0.111365
-0.151479
-0.130325
-0.197821
-0.150393
-0.135257
-0.149126
-0.116717
-0.140604
-0.134437
-0.159674
-0.0866014
-0.169768
-0.152233
-0.155878
-0.168658
-0.154501
-0.148791
-0.138772
-0.133364
-0.184956
-0.126494
-0.14158
-0.154607
-0.146431
-0.157094
-0.131374
-0.157677
-0.179917
-0.161135
-0.155903
-0.148361
-0.133222
-0.14564
-0.160172
-0.142414
-0.154529
-0.137697
-0.153318
-0.14304
-0.148278
-0.13219
-0.156614
-0.155405
-0.149103
-0.155288
-0.157627
-0.146531
-0.150751
-0.145413
-0.14386
-0.156093
-0.158548
-0.144093
-0.148223
-0.146486
-0.144683
-0.154724
-0.144411
-0.139266
-0.156291
-0.160293
-0.162464
-0.145401
-0.153156
-0.149828
-0.149457
-0.155281
-0.150881
-0.151463
-0.150762
-0.145934
-0.149204
-0.157957
-0.164483
-0.147575
-0.152672
-0.145685
-0.149181
-0.151764
-0.149291
-0.153696
-0.161126
-0.15438
-0.154362
-0.154837
-0.156164
-0.150892
-0.143036
-0.14956
-0.15636
-0.143435
-0.159835
-0.15444
-0.159785
-0.147052
-0.151746
-0.149894
-0.153659
-0.157556
-0.149337
-0.147521
-0.140169
-0.139356
-0.139761
-0.149987
-0.151531
-0.153261
-0.158153
-0.152733
-0.146726
-0.142093
-0.149007
-0.14181
-0.145094
-0.158503
-0.158333
-0.148357
-0.151696
-0.150212
-0.142739
-0.148396
-0.141581
-0.157125
-0.152633
-0.156148
-0.149181
-0.156715
-0.141485
-0.145563
-0.147701
-0.164022
-0.163378
-0.144892
-0.158043
-0.142513
-0.145613
-0.146024
-0.155671
-0.157
-0.16023
-0.162191
-0.147769
-0.150963
-0.140456
-0.153749
-0.14927
-0.163718
-0.16348
-0.155
-0.153773
-0.156296
-0.149274
-0.146366
-0.16156
-0.15753
-0.156271
-0.159908
-0.155424
-0.153432
-0.150711
-0.156184
-0.160114
-0.162629
-0.17133
-0.158561
-0.148628
-0.154415
-0.149489
-0.150773
-0.1596
-0.165663
-0.157784
-0.162733
-0.153289
-0.148062
-0.152435
-0.153143
-0.152222
-0.151638
-0.16045
-0.162196
-0.15778
-0.154439
-0.147975
-0.147768
-0.147049
-0.160477
-0.164623
-0.161884
-0.15177
-0.161572
-0.153561
-0.153042
-0.153107
-0.165923
-0.161664
-0.157748
-0.159893
-0.148673
-0.153114
-0.147691
-0.145915
-0.167243
-0.166464
-0.164723
-0.159907
-0.156524
-0.149334
-0.150673
-0.154794
-0.171558
-0.166607
-0.166387
-0.165574
-0.158258
-0.162098
-0.155352
-0.151143
-0.16592
-0.169025
-0.166025
-0.164879
-0.161644
-0.155756
-0.158885
-0.160209
-0.144836
-0.149394
-0.140898
-0.148407
-0.135493
-0.129967
-0.119226
-0.119103
-0.148278
-0.152771
-0.146424
-0.143287
-0.138
-0.124204
-0.132377
-0.146026
-0.153624
-0.148182
-0.14857
-0.14101
-0.134796
-0.128359
-0.141477
-0.139037
-0.154215
-0.156476
-0.146808
-0.147969
-0.147187
-0.130286
-0.130988
-0.14623
-0.161705
-0.158214
-0.146774
-0.142957
-0.136096
-0.133302
-0.139243
-0.149183
-0.158943
-0.156164
-0.158091
-0.145993
-0.141805
-0.139354
-0.125214
-0.138668
-0.15977
-0.157319
-0.154746
-0.145629
-0.137512
-0.139607
-0.136381
-0.122751
-0.153821
-0.157213
-0.154101
-0.158656
-0.139697
-0.139851
-0.134014
-0.140467
-0.153079
-0.133477
-0.173266
-0.132902
-0.135859
-0.141005
-0.174568
-0.178713
-0.165251
-0.153907
-0.139985
-0.149498
-0.124366
-0.153911
-0.135255
-0.0876206
-0.149462
-0.166979
-0.13592
-0.136062
-0.16369
-0.13091
-0.106335
-0.108625
-0.144694
-0.175137
-0.144481
-0.140255
-0.1258
-0.139132
-0.137657
-0.127819
-0.147426
-0.144274
-0.142518
-0.137183
-0.133841
-0.174084
-0.137289
-0.165284
-0.152869
-0.135154
-0.13506
-0.14446
-0.147468
-0.152006
-0.107205
-0.108788
-0.179099
-0.138598
-0.150017
-0.158063
-0.116983
-0.160893
-0.119569
-0.0921352
-0.16396
-0.157642
-0.132871
-0.168478
-0.165576
-0.129159
-0.146626
-0.202276
-6.42988
-0.0879929
-2.46202
-10
-0.109249
-0.113519
0
0
-0.281836
-0.0489737
-0.0943934
-10
-0.134205
-1.32261
3.981
3.57077
-2.06585
-0.11079
-0.168556
-0.115571
-0.162488
-10
-10
-0.0987036
-10
-0.142292
-0.134529
-0.080167
-0.127878
-0.993444
-10
-0.121484
0
-0.25586
-0.16632
-4.93762
-6.96164
2.10664
0
-16.3663
-0.0551276
-0.123788
-0.148451
-0.16353
-0.12986
-10
-0.134987
-0.139476
-0.0636771
-0.196871
-0.0786374
-0.17036
0
-10
-10
-0.127765
3.18073
-0.0828086
-0.0993116
-0.137223
-0.142707
-0.113689
-0.145091
-0.103808
-0.12802
-0.154093
-0.154254
-0.131053
-0.135346
-0.129067
-0.136246
-0.144635
-0.163529
-0.158491
-0.140574
-0.142644
-0.133756
-0.130389
-0.145467
-0.141838
-0.127995
-0.144302
-0.138533
-0.151937
-0.148477
-0.132582
-0.138912
-0.14089
-0.14299
-0.144265
-0.143439
-0.14258
-0.144254
-0.129055
-0.133686
-0.149659
-0.144869
-0.149951
-0.138002
-0.135952
-0.142025
-0.12759
-0.146131
-0.145789
-0.149489
-0.147686
-0.149855
-0.141673
-0.14806
-0.143258
-0.138501
-0.135701
-0.137488
-0.144005
-0.145273
-0.161256
-0.15352
-0.143628
-0.141632
-0.143171
-0.152558
-0.151302
-0.152637
-0.146239
-0.147757
-0.139233
-0.135627
-0.154012
-0.165533
-0.153238
-0.158724
-0.146841
-0.149451
-0.145236
-0.149964
-0.149463
-0.159523
-0.156414
-0.153787
-0.145916
-0.156137
-0.149702
-0.154103
-0.14774
-0.155267
-0.149469
-0.156905
-0.156643
-0.144
-0.150353
-0.154127
-0.135924
-0.15494
-0.163121
-0.152431
-0.150829
-0.163896
-0.15826
-0.154102
-0.144421
-0.168514
-0.16565
-0.153393
-0.161365
-0.146803
-0.154312
-0.146757
-0.15891
-0.16664
-0.156174
-0.162441
-0.159716
-0.151895
-0.1566
-0.152253
-0.152005
-0.162215
-0.168604
-0.156465
-0.164182
-0.156008
-0.148664
-0.150116
-0.160833
-0.150993
-0.166393
-0.159453
-0.158059
-0.158226
-0.156757
-0.149728
-0.158098
-0.175223
-0.163462
-0.156133
-0.158328
-0.160252
-0.153069
-0.141399
-0.158928
-0.163678
-0.160977
-0.162899
-0.163345
-0.152582
-0.160741
-0.153966
-0.15296
-0.164239
-0.161185
-0.158979
-0.161548
-0.157763
-0.160712
-0.157829
-0.149653
-0.167611
-0.169694
-0.173684
-0.17004
-0.169123
-0.153389
-0.158679
-0.155749
-0.1717
-0.167574
-0.172062
-0.151916
-0.163379
-0.154113
-0.158891
-0.155906
-0.1691
-0.170484
-0.168182
-0.161888
-0.162122
-0.16196
-0.166835
-0.166888
-0.172748
-0.164542
-0.167284
-0.170729
-0.167074
-0.166456
-0.15575
-0.156932
-0.175006
-0.179302
-0.169289
-0.164897
-0.166419
-0.161856
-0.161572
-0.158215
-0.158775
-0.153425
-0.134533
-0.139971
-0.155198
-0.142946
-0.143346
-0.139342
-0.135725
-0.151346
-0.158728
-0.155629
-0.15346
-0.155983
-0.152946
-0.125703
-0.17353
-0.162687
-0.154324
-0.15924
-0.148298
-0.157736
-0.156677
-0.158625
-0.16208
-0.154599
-0.165246
-0.158486
-0.156359
-0.161444
-0.128023
-0.121711
-0.17635
-0.165166
-0.160002
-0.16055
-0.154199
-0.138814
-0.14449
-0.155426
-0.168843
-0.160435
-0.158688
-0.168863
-0.150787
-0.148752
-0.148886
-0.152483
-0.169481
-0.163855
-0.169598
-0.151732
-0.161075
-0.168317
-0.149387
-0.144733
-0.16931
-0.160754
-0.163543
-0.157076
-0.155907
-0.146876
-0.159366
-0.14835
-0.173385
-0.156931
-0.181247
-0.164218
-0.121861
-0.113845
-0.120323
-0.210685
-0.17237
-0.182956
-0.161883
-0.154694
-0.150875
-0.165904
-0.146753
-0.24921
-0.139788
-0.139929
-0.156914
-0.18456
-0.173925
-0.175248
-0.147182
-0.202391
-0.135
-0.205795
-0.175991
-0.16039
-0.170227
-0.140849
-0.1386
-0.00967482
-0.163032
-0.173263
-0.108136
-0.149574
-0.158043
-0.185658
-0.0962719
-0.147381
-0.173118
-0.15074
-0.163106
-0.116419
-0.0970891
-0.203396
-0.0560087
-0.129422
-0.201228
-0.176237
-0.223395
-0.146349
-0.226827
-0.17328
-0.181523
-0.187842
-0.17942
-0.161334
-0.160243
-0.204969
-0.176331
-0.126003
-0.106009
-0.211964
-0.179066
-0.158419
-0.194598
-0.168641
-0.141763
-0.138617
-0.149682
-0.154761
-0.174425
-0.137704
-0.16163
-0.160467
-0.141887
-0.158421
-0.158122
-0.138229
-0.350467
-0.180198
-0.247527
-0.161814
-0.128706
-0.171823
-0.172456
-0.171283
-0.158349
-0.194191
-0.124009
-0.159731
-0.0947651
-0.134349
-0.14334
-0.154281
-0.180776
-0.133938
-0.134747
-0.158019
-0.135613
-0.190732
-0.155004
-0.171956
-0.251171
-0.140183
-0.148691
-0.157592
-0.132455
-0.169606
-0.12624
-0.11621
-0.164242
-0.164386
-0.171038
-0.157354
-0.142382
-0.154939
-0.157681
-0.17932
-0.190196
-0.149076
-0.140844
-0.153385
-0.138265
-0.146484
-0.170212
-0.14936
-0.168856
-0.156356
-0.154308
-0.155383
-0.15403
-0.14959
-0.159369
-0.155668
-0.157425
-0.160369
-0.148154
-0.156959
-0.154153
-0.15187
-0.159686
-0.153463
-0.158954
-0.161872
-0.15033
-0.156962
-0.161726
-0.15264
-0.15395
-0.146808
-0.165375
-0.160855
-0.161033
-0.151436
-0.158533
-0.148308
-0.152573
-0.160019
-0.152105
-0.167887
-0.158791
-0.152007
-0.153721
-0.155756
-0.154015
-0.159891
-0.181406
-0.152998
-0.156578
-0.160319
-0.159493
-0.157278
-0.158997
-0.167902
-0.184809
-0.170345
-0.163134
-0.165101
-0.161564
-0.161169
-0.158591
-0.161469
-0.165786
-0.165628
-0.166698
-0.164796
-0.164806
-0.166754
-0.159751
-0.158158
-0.173866
-0.16879
-0.176121
-0.165167
-0.16537
-0.16111
-0.170288
-0.182753
-0.17147
-0.174706
-0.173078
-0.167543
-0.169412
-0.169694
-0.171095
-0.171362
-0.181215
-0.172687
-0.171931
-0.175095
-0.171843
-0.179605
-0.166889
-0.16119
-0.187102
-0.179214
-0.175156
-0.176891
-0.173278
-0.177539
-0.1664
-0.178271
-0.179713
-0.173676
-0.171405
-0.170506
-0.166811
-0.167331
-0.16711
-0.177995
-0.178586
-0.177289
-0.176993
-0.170088
-0.17029
-0.172446
-0.170041
-0.176396
-0.182257
-0.179552
-0.171671
-0.178192
-0.168156
-0.169682
-0.164413
-0.167886
-0.182944
-0.173239
-0.178315
-0.172669
-0.168721
-0.174655
-0.182404
-0.170509
-0.179117
-0.169721
-0.170667
-0.166107
-0.162613
-0.165589
-0.163543
-0.165186
-0.183021
-0.177672
-0.173018
-0.176842
-0.166652
-0.163639
-0.1658
-0.165202
-0.178668
-0.174524
-0.173224
-0.17582
-0.179848
-0.162888
-0.169496
-0.175142
-0.181026
-0.170091
-0.178148
-0.170911
-0.170425
-0.168344
-0.171975
-0.177548
-0.187447
-0.177792
-0.172574
-0.179111
-0.161399
-0.166971
-0.165862
-0.173469
-0.189544
-0.177007
-0.178711
-0.170164
-0.169725
-0.17088
-0.166695
-0.174183
-0.183709
-0.174224
-0.17573
-0.174127
-0.173524
-0.168226
-0.172278
-0.172218
-0.185234
-0.174366
-0.173239
-0.174891
-0.170379
-0.173018
-0.166697
-0.168317
-0.160197
-0.156797
-0.153873
-0.142482
-0.142887
-0.137321
-0.141278
-0.143448
-0.159155
-0.16345
-0.153035
-0.156954
-0.153392
-0.128511
-0.137513
-0.16658
-0.16365
-0.160654
-0.155326
-0.154762
-0.154667
-0.14858
-0.146794
-0.136941
-0.173389
-0.159069
-0.154602
-0.147473
-0.149751
-0.144835
-0.14215
-0.138078
-0.163961
-0.162555
-0.154766
-0.154299
-0.158841
-0.141202
-0.141417
-0.125233
-0.171122
-0.165168
-0.163048
-0.155859
-0.14733
-0.143201
-0.151074
-0.153606
-0.170376
-0.168572
-0.160605
-0.151822
-0.156828
-0.154369
-0.151084
-0.155745
-0.171566
-0.166601
-0.159787
-0.15672
-0.157255
-0.161429
-0.151599
-0.144413
-0.124812
-0.18122
-0.150886
-0.149499
-0.163551
-0.166036
-0.118904
-0.186798
-0.150887
-0.174716
-0.16271
-0.148494
-0.127833
-0.101793
-0.0888829
-0.108622
-0.14643
-0.118689
-0.152338
-0.142246
-0.139309
-0.155043
-0.171072
-0.0499655
-0.129841
-0.161436
-0.164641
-0.157005
-0.166097
-0.170905
-0.157388
-0.086889
-0.143887
-0.121841
-0.147736
-0.164028
-0.0986613
-0.102167
-0.170497
-0.0786911
-0.173749
-0.152148
-0.174685
-0.148204
-0.145356
-0.143206
-0.110467
-0.133981
-0.153727
-0.14283
-0.146347
-0.136008
-0.122901
-0.141626
-0.148171
-0.150787
-0.167851
-0.162576
-0.122431
-0.188691
-0.148701
-0.189696
-0.18141
-0.142496
-0.177736
-0.162938
-0.0819389
-0.134473
-0.118231
-0.118244
-0.139373
-0.149441
-0.130323
-0.158192
-0.113878
-0.142021
-0.0783676
-0.0941015
-0.12588
-0.143205
-0.145268
-0.126277
-0.165601
-0.13673
-0.151852
-0.156601
-0.129711
-0.158231
-0.141432
-0.0852566
-0.133419
-0.183855
-0.121748
-0.129328
-0.142534
-0.130676
-0.17815
-0.139727
-0.150184
-0.182113
-0.0987277
-0.145103
-0.137401
-0.118976
-0.18116
-0.138014
-0.154351
-0.121204
-0.151985
-0.109061
-0.148563
-0.155124
-0.224177
-0.0590007
-0.0871201
-0.165459
-0.121392
-0.134614
-0.118774
-0.116868
-0.148261
-0.0968934
-0.1207
-0.170927
-0.126777
-0.0913907
-0.150958
-0.108942
-0.148968
-0.146813
-0.149082
-0.151724
-0.153709
-0.152726
-0.15805
-0.15049
-0.149958
-0.142031
-0.155426
-0.149229
-0.148784
-0.152896
-0.159075
-0.150877
-0.147198
-0.135754
-0.155148
-0.156635
-0.157944
-0.148146
-0.160048
-0.150674
-0.154819
-0.153858
-0.159121
-0.156151
-0.150734
-0.151803
-0.148925
-0.153033
-0.185237
-0.156953
-0.151239
-0.144105
-0.136436
-0.152304
-0.140349
-0.147225
-0.167612
-0.160916
-0.148561
-0.142536
-0.145063
-0.151779
-0.15184
-0.14801
-0.148787
-0.153648
-0.145397
-0.148529
-0.141616
-0.148403
-0.142733
-0.139054
-0.146921
-0.147358
-0.145777
-0.161106
-0.148789
-0.1486
-0.145509
-0.15015
-0.155384
-0.153627
-0.154038
-0.151734
-0.149454
-0.145429
-0.146743
-0.154025
-0.16238
-0.163186
-0.155135
-0.150813
-0.151549
-0.146997
-0.149661
-0.153718
-0.158219
-0.150512
-0.157826
-0.158069
-0.154357
-0.148506
-0.145811
-0.159752
-0.153228
-0.154053
-0.151498
-0.157632
-0.150609
-0.145909
-0.145868
-0.154565
-0.167012
-0.162394
-0.159285
-0.149587
-0.156814
-0.148967
-0.142885
-0.14513
-0.165357
-0.159679
-0.148769
-0.15019
-0.143869
-0.151216
-0.149822
-0.143903
-0.157497
-0.160324
-0.159537
-0.147155
-0.145294
-0.151413
-0.148987
-0.150017
-0.162924
-0.165986
-0.149633
-0.155477
-0.142341
-0.149183
-0.14837
-0.14753
-0.155789
-0.153372
-0.151031
-0.151778
-0.146033
-0.149315
-0.144238
-0.139863
-0.163429
-0.158541
-0.15473
-0.149395
-0.153136
-0.14779
-0.151279
-0.156834
-0.155164
-0.157242
-0.145465
-0.147808
-0.145673
-0.154417
-0.143692
-0.151478
-0.16358
-0.15732
-0.157476
-0.156659
-0.155035
-0.145971
-0.148618
-0.150051
-0.159669
-0.161327
-0.153639
-0.144875
-0.150867
-0.150459
-0.132502
-0.147829
-0.161445
-0.164765
-0.158272
-0.139845
-0.150129
-0.154177
-0.15168
-0.137413
-0.158709
-0.16028
-0.158098
-0.156803
-0.146106
-0.150462
-0.140971
-0.142994
-0.161728
-0.165225
-0.150348
-0.154839
-0.152567
-0.146644
-0.144373
-0.142279
-0.143915
-0.154107
-0.144556
-0.141519
-0.137071
-0.118659
-0.130977
-0.134256
-0.145824
-0.146512
-0.147682
-0.149748
-0.140476
-0.148344
-0.133854
-0.145066
-0.153653
-0.140794
-0.153701
-0.1436
-0.139236
-0.131058
-0.142178
-0.142636
-0.146978
-0.143542
-0.138125
-0.140881
-0.143741
-0.134825
-0.118411
-0.158682
-0.161205
-0.144013
-0.142723
-0.146995
-0.142803
-0.133285
-0.13479
-0.117698
-0.155051
-0.148117
-0.139489
-0.136577
-0.136751
-0.118549
-0.124871
-0.10876
-0.142692
-0.147719
-0.152015
-0.13841
-0.131634
-0.136153
-0.127952
-0.152045
-0.157738
-0.145667
-0.142929
-0.139975
-0.129023
-0.130023
-0.138928
-0.127751
-0.134977
-0.14413
-0.12733
-0.141338
-0.122932
-0.124071
-0.116741
-0.164924
-0.141927
-0.113477
-0.107839
-0.191246
-0.137915
-0.153232
-0.141034
-0.285043
-0.138399
-0.13454
-0.126849
-0.12204
-0.122994
-0.128705
-0.130476
-0.144051
-0.140154
-0.127837
-0.138141
-0.141478
-0.162536
-0.151537
-0.195235
-0.0965184
-0.149396
-0.1415
-0.132777
-0.106298
-0.0939549
-0.0917222
-0.0969105
-0.0936774
-0.152536
-0.129804
-0.137104
-0.127461
-0.131235
-0.0696153
-0.133242
-0.15538
-0.119456
-0.134838
-0.138594
-0.147689
-0.139465
-0.115288
-0.156302
-0.129934
-0.12314
-0.144632
-0.14391
-0.137496
-0.147888
-0.140367
-0.0881299
-0.112138
-0.14077
-0.136287
-0.173476
-0.102962
-0.133602
-0.176757
-0.177436
-0.125133
-0.1588
-0.160686
-0.120154
-0.166134
-0.235946
-0.175287
-0.175957
-0.15057
-0.165274
-0.12353
-0.16258
-0.105756
-0.0961734
-0.150041
-0.156957
-0.165022
-0.148274
-0.193372
-0.105391
-0.212748
-0.152475
-0.119417
-0.185518
-0.129953
-0.497336
-0.141049
-0.269151
-0.147724
-0.134659
-0.185195
-0.110645
-0.204781
-0.179312
-0.128049
-0.256721
-0.117876
-0.067849
-0.183964
-0.152203
-0.191713
-0.193771
-0.0666186
-0.108582
-0.168316
-0.103272
-0.148624
-0.230849
-0.0656299
-0.146293
-0.0622951
-0.202897
-0.100621
-0.111553
-0.145929
-0.144241
-0.0523743
-0.131711
-0.139868
-0.140421
-0.125763
-0.122348
-0.130704
-0.135959
-0.140555
-0.139176
-0.153476
-0.137748
-0.145058
-0.124677
-0.12987
-0.127778
-0.136361
-0.110492
-0.134325
-0.137733
-0.135186
-0.137357
-0.140544
-0.125062
-0.131248
-0.131014
-0.134047
-0.136235
-0.136933
-0.120521
-0.139521
-0.13431
-0.136913
-0.146522
-0.130152
-0.144329
-0.13175
-0.126038
-0.131019
-0.128511
-0.134555
-0.170541
-0.152927
-0.128662
-0.129971
-0.139538
-0.13344
-0.126636
-0.127328
-0.0796195
-0.127491
-0.113535
-0.140574
-0.123593
-0.13255
-0.123903
-0.135821
-0.135945
-0.113143
-0.10381
-0.13052
-0.126894
-0.13334
-0.121497
-0.130507
-0.150148
-0.152599
-0.15846
-0.162785
-0.153658
-0.151119
-0.157705
-0.153106
-0.168401
-0.155147
-0.159248
-0.16204
-0.15708
-0.157592
-0.150875
-0.154612
-0.16255
-0.16255
-0.151358
-0.158431
-0.153153
-0.159731
-0.148623
-0.16629
-0.156736
-0.154247
-0.157875
-0.157902
-0.154943
-0.153743
-0.147639
-0.160286
-0.161183
-0.161761
-0.159216
-0.153637
-0.152874
-0.149086
-0.14893
-0.153441
-0.157468
-0.158831
-0.149166
-0.151543
-0.152045
-0.15657
-0.154494
-0.151255
-0.164023
-0.163896
-0.16446
-0.155268
-0.145108
-0.146626
-0.142842
-0.14467
-0.1631
-0.151552
-0.15289
-0.159569
-0.148123
-0.155273
-0.153621
-0.151282
-0.163151
-0.157226
-0.160675
-0.157313
-0.153704
-0.155655
-0.151458
-0.150841
-0.169325
-0.163815
-0.163753
-0.162596
-0.157868
-0.162067
-0.15359
-0.157519
-0.163219
-0.163384
-0.166404
-0.159911
-0.161294
-0.154407
-0.15446
-0.151883
-0.163638
-0.164006
-0.161168
-0.158848
-0.157621
-0.150391
-0.152104
-0.157476
-0.176702
-0.160115
-0.162214
-0.16149
-0.150111
-0.158566
-0.141884
-0.154558
-0.170953
-0.164917
-0.155914
-0.151532
-0.159933
-0.162975
-0.155286
-0.150163
-0.164264
-0.163263
-0.159424
-0.155932
-0.147698
-0.157726
-0.154054
-0.160264
-0.164885
-0.166485
-0.160818
-0.163353
-0.15498
-0.159002
-0.161275
-0.147146
-0.165472
-0.155081
-0.157964
-0.163908
-0.150882
-0.141138
-0.175158
-0.13145
-0.160243
-0.16781
-0.16311
-0.157446
-0.159275
-0.157201
-0.166508
-0.152906
-0.167561
-0.154093
-0.162981
-0.156571
-0.163139
-0.146344
-0.163409
-0.160536
-0.162427
-0.158946
-0.161981
-0.156452
-0.15345
-0.151699
-0.146212
-0.157525
-0.165926
-0.165298
-0.161106
-0.148411
-0.144436
-0.13627
-0.13459
-0.108259
-0.16348
-0.158961
-0.144795
-0.149465
-0.148514
-0.16415
-0.169953
-0.146065
-0.166918
-0.165236
-0.164193
-0.149888
-0.153234
-0.137955
-0.151471
-0.170324
-0.165904
-0.155846
-0.15244
-0.155102
-0.146172
-0.140691
-0.139771
-0.108604
-0.142094
-0.112242
-0.172878
-0.141042
-0.126857
-0.153187
-0.167696
-0.0988765
-0.139316
-0.17848
-0.115716
-0.183716
-0.133695
-0.115352
-0.214297
-0.119057
-0.171406
-0.108166
-0.143482
-0.135498
-0.169385
-0.19863
-0.162259
-0.118199
-0.166362
-0.12812
-0.137835
-0.13955
-0.194327
-0.102381
-0.179922
-0.155198
-0.122307
-0.156805
-0.13367
-0.0654329
-0.163697
-0.13213
-0.189023
-0.0948952
-0.177447
-0.165876
-0.134187
-0.110339
-0.091904
-0.177282
-0.112129
-0.210765
-0.189505
-0.172216
-0.181312
-0.120091
-0.125557
-0.161633
-0.0787671
0.0286807
-0.151744
-0.188063
-0.167541
-0.142049
-0.11096
-0.168899
-0.139298
-0.0437796
-0.172703
-0.0988553
-0.115772
-0.173773
-0.135645
-0.139163
-0.143224
-0.143829
-0.0846711
-0.112773
-0.175331
-0.15491
-0.0999601
-0.136797
-0.14488
-0.136784
-0.164716
-0.193493
-0.153927
-0.176679
-0.175066
-0.108148
-0.184277
-0.134543
-0.117772
-0.108831
-0.111797
-0.178499
-0.102783
-0.0963345
-0.135192
-0.110599
-0.169689
-0.13982
-0.120277
-0.100211
-0.127179
-0.156174
-0.115376
-0.1498
-0.162413
-0.168071
-0.149836
-0.145017
-0.107458
-0.13651
-0.108394
-0.101748
-0.108957
-0.151071
-0.15608
-0.169478
-0.204989
-0.121201
-0.129059
-0.14389
-0.16745
-0.140862
-0.143954
-0.140165
-0.133835
-0.177325
-0.117722
-0.137501
-0.151518
-0.166194
-0.160483
-0.158533
-0.146892
-0.145235
-0.151177
-0.153263
-0.170893
-0.162409
-0.155272
-0.150837
-0.152012
-0.149721
-0.15082
-0.162523
-0.168857
-0.157574
-0.159824
-0.147148
-0.150625
-0.150301
-0.150321
-0.159414
-0.125343
-0.146811
-0.157276
-0.154525
-0.152554
-0.159804
-0.154796
-0.161313
-0.176769
-0.161704
-0.160459
-0.153026
-0.15178
-0.150417
-0.147225
-0.148029
-0.136136
-0.159455
-0.152273
-0.152617
-0.150991
-0.1522
-0.143523
-0.156597
-0.170149
-0.146578
-0.154009
-0.147313
-0.147194
-0.14037
-0.150691
-0.148729
-0.11049
-0.159684
-0.133816
-0.1539
-0.147437
-0.15367
-0.151244
-0.149351
-0.149144
-0.155998
-0.148253
-0.146383
-0.156076
-0.152883
-0.144565
-0.149192
-0.157739
-0.155133
-0.153855
-0.155217
-0.145929
-0.14952
-0.150736
-0.156926
-0.15341
-0.157808
-0.158604
-0.156663
-0.158049
-0.152944
-0.151797
-0.149644
-0.155172
-0.153276
-0.159329
-0.159829
-0.152264
-0.157104
-0.150242
-0.15423
-0.159034
-0.15202
-0.152274
-0.149771
-0.151161
-0.142202
-0.131953
-0.151407
-0.167216
-0.157653
-0.145865
-0.14483
-0.140376
-0.151398
-0.1495
-0.145834
-0.156493
-0.153765
-0.160071
-0.147574
-0.145663
-0.140784
-0.146076
-0.15483
-0.159196
-0.162981
-0.153445
-0.161475
-0.153507
-0.152775
-0.149482
-0.142216
-0.168358
-0.164241
-0.165418
-0.162474
-0.157348
-0.155243
-0.154653
-0.162361
-0.168216
-0.166406
-0.164185
-0.166191
-0.164946
-0.157516
-0.156565
-0.167159
-0.175551
-0.16166
-0.165792
-0.167502
-0.171547
-0.159907
-0.15938
-0.164246
-0.174415
-0.167156
-0.159197
-0.166373
-0.158143
-0.160172
-0.153797
-0.163782
-0.165464
-0.166134
-0.165482
-0.163548
-0.158567
-0.163566
-0.154587
-0.154809
-0.173017
-0.167913
-0.151966
-0.156641
-0.155368
-0.158037
-0.156308
-0.161028
-0.171988
-0.164651
-0.163661
-0.157014
-0.163345
-0.16202
-0.162718
-0.157962
-0.174682
-0.17038
-0.161357
-0.162891
-0.159179
-0.162859
-0.158049
-0.153522
-0.147494
-0.147112
-0.144766
-0.142565
-0.136838
-0.138975
-0.128377
-0.13818
-0.159697
-0.149793
-0.155198
-0.150342
-0.139897
-0.139596
-0.121236
-0.106433
-0.15085
-0.150332
-0.144453
-0.135023
-0.137118
-0.140179
-0.133895
-0.123911
-0.149451
-0.143749
-0.148279
-0.155633
-0.135571
-0.137358
-0.118677
-0.105936
-0.163971
-0.142725
-0.152637
-0.137195
-0.124877
-0.138818
-0.125305
-0.122046
-0.157974
-0.147489
-0.140812
-0.145083
-0.132593
-0.142017
-0.140417
-0.113532
-0.158362
-0.155974
-0.151104
-0.133271
-0.136952
-0.133491
-0.142162
-0.136738
-0.158234
-0.152064
-0.136492
-0.145215
-0.133759
-0.125854
-0.111632
-0.145179
-0.15708
-0.165049
-0.179258
-0.186169
-0.18607
-0.176575
-0.103111
-0.125757
-0.179775
-0.160208
-0.178366
-0.137199
-0.147205
-0.151705
-0.217329
-0.178078
-0.147088
-0.169452
-0.163692
-0.134493
-0.0981821
-0.141415
-0.213364
-0.188025
-0.134534
-0.179673
-0.121832
-0.155586
-0.150516
-0.188854
-0.238034
-0.110566
-0.134834
-0.166409
-0.154042
-0.182864
-0.0946977
-0.111458
-0.13209
-0.101302
-0.175395
-0.13618
-0.109246
-0.163235
-0.143792
-0.135908
-0.117133
0.0206629
-0.168587
-0.144899
-0.144798
-0.177501
-0.230092
-0.156942
-0.192303
-0.100891
-0.180579
-0.165393
-0.143476
-0.157685
-0.184928
-0.138629
-0.144728
-0.0731281
-0.0891456
-0.161236
-0.128272
-0.0963177
-0.137427
-0.137283
-0.113713
-0.139108
-0.125786
-0.0321736
-0.134943
-0.0900056
-0.134854
-0.129675
-0.147125
-0.14587
-0.181347
-0.125245
-0.122932
-0.115234
-0.162376
-0.133698
-0.116178
-0.130082
-0.105998
-0.172251
-0.133148
-0.161205
-0.1349
-0.124728
-0.134194
-0.13265
-0.100872
-0.135466
-0.170929
-0.170338
-0.153179
-0.156857
-0.141128
-0.125926
-0.1188
-0.117152
-0.159304
-0.143183
-0.102598
-0.180806
-0.0986466
-0.128945
-0.102012
-0.103316
-0.133422
-0.100063
-0.0728159
-0.134559
-0.103545
-0.072442
-0.174423
-0.139976
-0.122963
-0.128659
-0.114652
-0.144074
-0.132169
-0.13309
-0.08633
-0.133298
-0.124364
-0.13579
-0.138812
-0.134986
-0.15114
-0.151359
-0.11404
-0.127478
-0.122397
-0.12943
-0.13656
-0.151325
-0.148441
-0.155768
-0.118153
-0.127806
-0.138236
-0.130977
-0.135704
-0.145516
-0.14137
-0.155156
-0.139975
-0.144838
-0.10169
-0.143498
-0.136342
-0.154844
-0.155541
-0.146885
-0.152818
-0.140151
-0.129148
-0.14555
-0.148516
-0.140078
-0.144952
-0.150999
-0.138102
-0.112581
-0.103773
-0.138272
-0.132696
-0.137116
-0.144325
-0.157805
-0.159839
-0.0939676
-0.118334
-0.140192
-0.120403
-0.141877
-0.146622
-0.152598
-0.128463
-0.135092
-0.139331
-0.127455
-0.157701
-0.145442
-0.146447
-0.154191
-0.133159
-0.138193
-0.146503
-0.14181
-0.146493
-0.150457
-0.151116
-0.163003
-0.131226
-0.133979
-0.14661
-0.138123
-0.150672
-0.152564
-0.15138
-0.158612
-0.134157
-0.143023
-0.150518
-0.139294
-0.140167
-0.145178
-0.15286
-0.163838
-0.145762
-0.132414
-0.140407
-0.139547
-0.142739
-0.147608
-0.152087
-0.162592
-0.139122
-0.139743
-0.140193
-0.145984
-0.15174
-0.154288
-0.152834
-0.157083
-0.148075
-0.143757
-0.142865
-0.145697
-0.143874
-0.153306
-0.149488
-0.156887
-0.13869
-0.141168
-0.150125
-0.146522
-0.146482
-0.152552
-0.152472
-0.161558
-0.145506
-0.144266
-0.138784
-0.139022
-0.150571
-0.145419
-0.154402
-0.15326
-0.153202
-0.152414
-0.15215
-0.149055
-0.154248
-0.159154
-0.162832
-0.155237
-0.150372
-0.151812
-0.151424
-0.146991
-0.152612
-0.158895
-0.155204
-0.163604
-0.150194
-0.14178
-0.152676
-0.148181
-0.14681
-0.150015
-0.15627
-0.163959
-0.149787
-0.142005
-0.150908
-0.158279
-0.155197
-0.158382
-0.156897
-0.164865
-0.150534
-0.146429
-0.152386
-0.157067
-0.160355
-0.151009
-0.160058
-0.165963
-0.152908
-0.146153
-0.158974
-0.145216
-0.152296
-0.159631
-0.159378
-0.156354
-0.148632
-0.146025
-0.154707
-0.15491
-0.155277
-0.154627
-0.154037
-0.16364
-0.152081
-0.149001
-0.145748
-0.153249
-0.154637
-0.151686
-0.159009
-0.143068
-0.148244
-0.157804
-0.15256
-0.154508
-0.162647
-0.157733
-0.168768
-0.132773
-0.152518
-0.160949
-0.157677
-0.150435
-0.143777
-0.16855
-0.173945
-0.150417
-0.154429
-0.15432
-0.156672
-0.141738
-0.143862
-0.148099
-0.164708
-0.182216
-0.14953
-0.141548
-0.156348
-0.150087
-0.135203
-0.165418
-0.156334
-0.170457
-0.162371
-0.159338
-0.158009
-0.162555
-0.166942
-0.142511
-0.182874
-0.142812
-0.160603
-0.163184
-0.158693
-0.170067
-0.13991
-0.177135
-0.124622
-0.150644
-0.159149
-0.157868
-0.163781
-0.143729
-0.166323
-0.147941
-0.122279
-0.163978
-0.16174
-0.159274
-0.151092
-0.149429
-0.159035
-0.166401
-0.15672
-0.203289
-0.121838
-0.157226
-0.143637
-0.11516
-0.0958416
-0.118075
-0.122316
-0.131277
-0.134527
-0.131194
-0.13031
-0.10805
-0.152308
-0.113815
-0.136861
-0.060432
-0.139538
-0.116965
-0.140423
-0.108295
-0.0920958
-0.0985711
-0.122997
-0.237838
-0.13756
-0.0957873
-0.155564
-0.102722
-0.0718788
-0.155226
-0.139533
-0.147302
-0.127631
-0.151588
-0.139435
-0.165621
-0.0984675
-0.230878
-0.107997
-0.137794
-0.122765
-0.142396
-0.149586
-0.161184
-0.159317
-0.174552
-0.078836
-0.130648
-0.157992
-0.175958
-0.162086
-0.0996885
-0.209512
-0.135344
-0.172524
-0.128458
-0.106384
-0.12155
-0.121597
-0.152522
-0.164996
-0.101797
-0.165925
-0.120302
-10
0
1.98028
0
-0.1924
-0.10578
-0.140673
-0.164865
-0.370942
-10
82.7531
-0.121845
-7.59762
-0.170387
-0.12724
-0.132655
0
-0.0766362
-0.0919186
-0.182389
-0.158498
-0.0709679
-0.181875
-0.136653
-6.6
5.97141
-0.123584
-117.295
-0.145203
-0.0883984
-0.153791
-0.149706
-0.224831
-0.188447
0
-0.128107
-0.0678818
-0.132093
-0.0800203
-0.153642
-0.279911
131.067
-0.168927
-0.109585
-0.0966169
-0.0732139
-0.144442
-0.0196877
0
-10
-0.357562
-0.175532
-0.237814
-0.139743
0.022434
-0.103556
-2.02301
-0.182887
0.0175428
-0.107919
-0.223078
-0.0982139
-0.128172
-0.097576
-0.126072
-0.133791
-0.14401
-0.154231
-0.153877
-0.149678
-0.162419
-0.151194
-0.125148
-0.139707
-0.154722
-0.143442
-0.160271
-0.158454
-0.164601
-0.162331
-0.154747
-0.103444
-0.150973
-0.151366
-0.152787
-0.160033
-0.153616
-0.166271
-0.253954
-0.134147
-0.163217
-0.147401
-0.153047
-0.154849
-0.153541
-0.157058
-0.137694
-0.0685578
-0.122412
-0.1511
-0.163665
-0.15059
-0.164472
-0.151905
-0.121742
-0.142396
-0.173472
-0.166867
-0.162818
-0.150593
-0.149484
-0.154654
-0.0812299
-0.163979
-0.0978076
-0.112283
-0.114105
-0.163471
-0.169451
-0.167246
-0.133654
-0.148071
-0.159328
-0.162256
-0.157791
-0.161387
-0.159549
-0.159826
-0.146825
-0.158051
-0.160018
-0.1553
-0.15457
-0.148434
-0.16414
-0.170822
-0.139446
-0.147896
-0.158467
-0.144485
-0.159707
-0.167595
-0.164073
-0.163541
-0.138802
-0.148733
-0.160959
-0.151413
-0.155545
-0.160855
-0.166932
-0.165432
-0.148232
-0.139109
-0.148108
-0.155131
-0.153791
-0.158217
-0.166394
-0.17192
-0.150203
-0.151084
-0.155933
-0.152935
-0.15028
-0.157424
-0.162053
-0.163896
-0.156346
-0.146739
-0.154485
-0.154117
-0.151619
-0.157563
-0.15085
-0.168294
-0.154161
-0.148325
-0.155075
-0.15538
-0.157523
-0.158057
-0.161649
-0.169992
-0.145364
-0.143322
-0.133805
-0.150048
-0.157281
-0.162825
-0.159521
-0.160636
-0.139877
-0.146066
-0.148732
-0.147427
-0.153078
-0.148268
-0.152215
-0.154771
-0.142802
-0.151738
-0.14766
-0.144732
-0.142907
-0.153118
-0.158477
-0.148778
-0.14978
-0.137411
-0.157135
-0.150968
-0.146398
-0.150158
-0.15761
-0.161687
-0.157036
-0.143939
-0.158039
-0.150454
-0.146187
-0.150476
-0.154454
-0.16226
-0.150932
-0.143543
-0.148495
-0.150304
-0.147908
-0.149586
-0.161258
-0.164625
-0.148239
-0.151864
-0.150709
-0.157415
-0.152331
-0.154461
-0.152281
-0.157028
-0.149529
-0.14745
-0.151973
-0.154443
-0.144283
-0.151518
-0.151491
-0.151108
-0.143575
-0.150973
-0.145578
-0.146309
-0.14651
-0.146672
-0.151719
-0.161364
-0.155474
-0.150628
-0.153025
-0.153841
-0.161246
-0.146478
-0.161751
-0.170932
-0.152027
-0.146397
-0.154137
-0.147851
-0.148324
-0.15733
-0.153257
-0.144075
-0.150859
-0.14978
-0.15904
-0.147595
-0.151872
-0.117261
-0.173786
-0.17639
-0.156637
-0.142251
-0.162187
-0.155283
-0.14067
-0.151852
-0.128186
-0.218198
-0.164363
-0.141594
-0.144622
-0.154911
-0.162761
-0.163877
-0.182993
-0.166489
-0.160728
-0.158274
-0.156107
-0.149287
-0.145637
-0.119945
-0.145087
-0.164674
-0.145403
-0.137
-0.153606
-0.145839
-0.16989
-0.141931
-0.177354
-0.126148
-0.168171
-0.167467
-0.159498
-0.130032
-0.164393
-0.186591
-0.229033
-0.1501
-0.159381
-0.170511
-0.153734
-0.0983669
-0.0999203
-0.0998179
-0.201527
-0.138323
-0.0837431
-0.127225
-0.0463808
-0.149614
-0.138359
-0.124992
-0.167113
-0.268048
-0.111759
-0.161911
-0.138894
-0.0929242
-0.0971833
-0.158631
-0.114417
-0.369344
-0.0488648
-0.15853
-0.158857
-0.08965
-0.19539
-0.105964
-0.0110813
-0.19707
-0.0914189
-0.197244
-0.248873
-0.0999509
-0.139202
-0.262599
-0.29927
-0.223699
-0.154075
-0.239748
-0.145127
-0.104027
-0.159316
-0.207511
-0.138029
0.0795978
-0.146024
-0.171276
-0.211779
-0.16224
-0.166726
-0.16321
-0.184981
-0.0761186
-0.194631
-0.066101
-0.164982
-0.158267
-0.229672
-0.0562775
-0.155386
-0.224719
-0.099848
-0.12935
-0.17502
-0.144215
-0.136932
-0.09786
-0.145724
-0.124193
-0.146108
-0.112193
-0.120518
-0.109246
-0.159578
-0.0853186
-0.14786
-0.122937
-0.127467
-0.0381471
-0.184448
-0.145444
-0.17332
-0.110153
-0.157839
-0.139384
-0.100173
-0.109257
-0.131226
-0.166221
-0.147426
-0.198754
-0.145563
-0.0859417
-0.0306482
-0.153563
-0.20566
-0.0682028
-0.138985
-0.13219
-0.0600114
-0.171576
-0.0528883
-0.198905
-0.264435
-0.0644401
-0.155182
-0.22333
-0.162832
-0.11954
-0.213699
-0.17859
-0.0815147
-0.0888936
-0.102768
-0.166349
-0.156178
-0.140108
-0.0326273
-0.123486
-0.131402
-0.136636
-0.157109
-0.114894
-0.136256
-0.0105631
-0.135331
-0.106239
-0.142075
-0.128812
-0.144788
-0.142702
-0.15554
-0.155421
-0.144219
-0.105123
-0.148974
-0.130897
-0.144896
-0.151617
-0.158032
-0.144296
-0.118306
-0.133333
-0.125249
-0.125269
-0.129019
-0.142228
-0.151588
-0.154067
-0.122555
-0.121682
-0.146653
-0.129243
-0.135207
-0.145816
-0.159427
-0.159304
-0.126453
-0.112211
-0.113098
-0.112173
-0.140703
-0.144168
-0.151787
-0.149331
-0.0890758
-0.10789
-0.130821
-0.129912
-0.153432
-0.147712
-0.147708
-0.156718
-0.193637
-0.108394
-0.146047
-0.139008
-0.134588
-0.152686
-0.145604
-0.151615
-0.137979
-0.146238
-0.105387
-0.111393
-0.126238
-0.145484
-0.14619
-0.149086
-0.141744
-0.147963
-0.142866
-0.1384
-0.151699
-0.141711
-0.152675
-0.163258
-0.140517
-0.146891
-0.139477
-0.138313
-0.146916
-0.154961
-0.156292
-0.150855
-0.142168
-0.142446
-0.149445
-0.14063
-0.147938
-0.145302
-0.154548
-0.157122
-0.141184
-0.137892
-0.143895
-0.146582
-0.151697
-0.150571
-0.156722
-0.161493
-0.146544
-0.134635
-0.13953
-0.147366
-0.157249
-0.153011
-0.153305
-0.153787
-0.15091
-0.1491
-0.148604
-0.148151
-0.153206
-0.148767
-0.149673
-0.160124
-0.138511
-0.142334
-0.148427
-0.15357
-0.152801
-0.151147
-0.158899
-0.163501
-0.144941
-0.144891
-0.149706
-0.15063
-0.146557
-0.150547
-0.155933
-0.157315
-0.145599
-0.14571
-0.15381
-0.154949
-0.156883
-0.157172
-0.156566
-0.162659
-0.148858
-0.144896
-0.15078
-0.143966
-0.155362
-0.163585
-0.166488
-0.160826
-0.146128
-0.146501
-0.153888
-0.155204
-0.14508
-0.153153
-0.158453
-0.16823
-0.143125
-0.144522
-0.150162
-0.153825
-0.152876
-0.161723
-0.1564
-0.159433
-0.150217
-0.148533
-0.154854
-0.151977
-0.153959
-0.163676
-0.158106
-0.163445
-0.149681
-0.15318
-0.15651
-0.147738
-0.156398
-0.148485
-0.15952
-0.15885
-0.163179
-0.149857
-0.157735
-0.151907
-0.160482
-0.154148
-0.163004
-0.16085
-0.159237
-0.142179
-0.151397
-0.145568
-0.158575
-0.15305
-0.155443
-0.160237
-0.134387
-0.142419
-0.14322
-0.132218
-0.144878
-0.130149
-0.161453
-0.145556
-0.133499
-0.136463
-0.133568
-0.143661
-0.14235
-0.145273
-0.157609
-0.128247
-0.136704
-0.139164
-0.150971
-0.147642
-0.154913
-0.141666
-0.172224
-0.159889
-0.149757
-0.134962
-0.144268
-0.137484
-0.131087
-0.153221
-0.115414
-0.15917
-0.142729
-0.140137
-0.146186
-0.144459
-0.148237
-0.158892
-0.10388
-0.161495
-0.129301
-0.132829
-0.149941
-0.137313
-0.132669
-0.146067
-0.11364
-0.219064
-0.147741
-0.14239
-0.151739
-0.132415
-0.182514
-0.13506
-0.145287
-0.158326
-0.134096
-0.139154
-0.131423
-0.14422
-0.143921
-0.103145
-0.145264
-0.133338
-0.12852
-0.157701
-0.130712
-0.174712
-0.213209
-0.124343
-0.16668
-0.253638
-0.136754
-0.212984
-0.150617
-0.12506
-0.259586
-0.242681
-0.1848
-0.13622
-0.143722
-0.153734
-0.170211
-0.132247
-0.118518
-0.284228
-0.225599
-0.899057
-0.123361
-0.148613
-0.159339
-0.0776446
-0.148573
-0.0909553
-0.14074
-0.0313155
-0.108023
-0.155715
-0.214524
-0.192315
-0.179265
-0.187478
-0.13399
-0.14656
-0.147903
-0.182862
-0.170834
-0.166799
-0.135696
-0.0868834
-0.117621
-0.214568
-0.227337
-0.148485
-0.0981549
-0.210798
-0.259249
-0.147155
-0.131205
-0.218772
-0.205195
-0.198795
-0.114328
-0.135064
-0.139167
-0.201038
-0.148162
-0.192719
-0.179597
-0.136373
-0.155065
-0.183591
-0.116242
-0.153089
-0.159444
-0.143618
-0.148949
-0.15837
-0.135986
-0.196683
-0.15225
-0.189103
-0.133429
-0.170947
-0.144691
-0.12495
-0.15877
-0.159249
-0.168173
-0.130272
-0.187843
-0.21134
-0.123248
-0.137887
-0.107086
-0.146466
-0.154828
-0.184297
-0.113054
-0.0970412
-0.113433
-0.181714
-0.133373
-0.107537
-0.166325
-0.138253
0.0138254
-0.158313
-0.0221059
-0.1737
-0.157122
-0.173331
-0.150095
-0.0952971
-0.146473
-0.083403
-0.171902
-0.179464
-0.134332
-0.15271
-0.166581
-0.169894
-0.22726
-0.136042
-0.147279
-0.178636
-0.15335
-0.222192
-0.204632
-0.144294
-0.126643
-0.0825834
-0.131203
-0.119862
-0.132737
-0.125345
-0.146708
-0.130997
-0.153021
-0.157953
-0.0627333
-0.0897694
-0.120597
-0.149761
-0.15244
-0.140348
-0.149124
-0.140013
-0.163951
-0.130272
-0.119521
-0.165195
-0.157045
-0.166268
-0.137931
-0.142696
-0.159468
-0.167636
-0.124422
-0.118006
-0.141593
-0.15412
-0.15631
-0.164969
-0.135337
-0.123243
-0.189858
-0.121932
-0.149185
-0.134235
-0.119656
-0.162256
-0.0961142
-0.136403
-0.134771
-0.131188
-0.149671
-0.16362
-0.157658
-0.15208
-0.220607
-0.113744
-0.121838
-0.109259
-0.145154
-0.181861
-0.157318
-0.117457
-0.13645
-0.115676
-0.168936
-0.171943
-0.128911
-0.156596
-0.148345
-0.130726
-0.137618
-0.146829
-0.141607
-0.148999
-0.154984
-0.153549
-0.157994
-0.159362
-0.143741
-0.132141
-0.147524
-0.153096
-0.153962
-0.154306
-0.153914
-0.15427
-0.134117
-0.129307
-0.140844
-0.145643
-0.138929
-0.148769
-0.150582
-0.164722
-0.126427
-0.140125
-0.143747
-0.138375
-0.151345
-0.15081
-0.157013
-0.148035
-0.133337
-0.139349
-0.138081
-0.144572
-0.147488
-0.147732
-0.153869
-0.161174
-0.131416
-0.136692
-0.139397
-0.133628
-0.147868
-0.139889
-0.155922
-0.165119
-0.130328
-0.13556
-0.15617
-0.130551
-0.141232
-0.151774
-0.16732
-0.153998
-0.141537
-0.115
-0.130904
-0.140831
-0.128314
-0.130076
-0.160824
-0.140841
-0.168522
-0.167892
-0.170028
-0.165282
-0.173876
-0.174264
-0.175452
-0.17243
-0.173671
-0.166913
-0.163064
-0.168354
-0.165909
-0.174793
-0.171628
-0.172132
-0.170906
-0.169862
-0.167761
-0.164158
-0.173689
-0.172318
-0.170757
-0.192739
-0.173284
-0.164547
-0.163653
-0.167558
-0.171739
-0.174303
-0.171475
-0.172087
-0.162148
-0.156319
-0.159921
-0.16508
-0.17056
-0.167337
-0.161631
-0.157278
-0.157249
-0.156543
-0.163019
-0.161182
-0.159526
-0.157418
-0.167718
-0.155246
-0.171789
-0.163558
-0.162924
-0.161809
-0.1659
-0.136486
-0.167956
-0.16437
-0.148936
-0.162262
-0.135015
-0.137291
-0.168359
-0.167047
-0.141272
-0.168497
-0.157049
-0.163915
-0.118725
-0.158824
-0.15462
-0.145896
-0.152529
-0.188446
-0.159665
-0.145679
-0.138258
-0.154277
-0.138529
-0.165428
-0.138598
-0.202833
-0.14092
-0.136877
-0.132945
-0.155625
-0.146213
-0.169777
-0.143781
-0.145788
-0.148664
-0.152818
-0.148834
-0.143945
-0.144382
-0.171534
-0.135352
-0.0670751
-0.147279
-0.154334
-0.146594
-0.126506
-0.16084
-0.148326
-0.121227
-0.157221
-0.145684
-0.130679
-0.136747
-0.147758
-0.134088
-0.158058
-0.150084
-0.139467
-0.144097
-0.128261
-0.150361
-0.144348
-0.15332
-0.128726
-0.127992
-0.140623
-0.149323
-0.0871706
-0.134357
-0.136803
-0.126233
-0.0919656
-0.13921
-0.162623
-0.0817772
-0.135918
-0.146524
-0.129506
-0.269644
-0.163501
-0.15948
-0.127853
-0.202371
-0.103662
-0.150499
-0.134056
-0.208637
-0.150106
-0.104617
-0.0894735
-0.130663
-0.0959182
-0.148652
-0.151973
-0.12256
-0.166608
-0.167208
-0.18313
-0.0556982
-0.127771
-0.121126
-0.20244
-0.110248
-0.125556
-0.163103
-0.190718
-0.17875
-0.192975
-0.122652
-0.202512
-0.197712
-0.16053
-0.159103
-0.161738
-0.158779
-0.0626127
-0.124662
-0.0930471
-0.13031
-0.193084
-0.146276
0.0410127
-0.115196
-0.125647
-0.0994301
-0.14493
-0.149745
-0.137714
-0.14845
-0.171567
-0.183237
-0.179443
0.0215836
-0.102746
-0.120817
-0.163342
-0.232114
-0.200865
-0.1672
-0.229649
-0.164548
-0.112865
-0.129364
-0.188928
-0.185464
-0.195571
-10
-0.17189
-0.204185
-0.0385678
-0.247898
-0.229375
-0.196774
-0.0837864
-0.0357201
-0.221968
0.0843467
-0.174265
-0.135741
-0.203539
-0.240853
-0.025539
-0.102444
-0.152541
-0.149588
-0.170742
-0.252312
-0.156479
-0.050763
-0.217928
-0.24621
-0.103155
-0.183149
-0.25195
0.220252
-0.225932
0.0474404
-0.122083
-0.186184
-0.128489
-0.160609
-0.163885
-0.313331
-0.209987
-0.243821
-0.284467
-84.1145
-0.529284
0.689329
0.139775
-0.28713
-0.381073
-0.201914
-0.158975
-0.112755
-0.0193399
-0.0278247
-0.15254
-0.067916
-0.174649
-0.0639351
-0.0867466
-0.0485771
-0.233979
-0.107713
-0.122383
-0.114094
-0.156142
-0.167897
-0.175836
-0.140013
-0.182541
-0.161928
-0.203506
-0.195164
-0.170754
-0.171038
-0.163234
-0.124874
0.0336592
-0.205558
-0.104634
-0.145717
-0.177704
-0.179598
-0.201759
-0.248715
-0.114862
-0.152794
-0.144506
-0.14458
-0.191968
-0.171436
-0.140024
-0.152798
-0.138942
-0.166177
-0.164363
-0.179978
-0.168202
-0.140423
-0.197025
-0.0764161
-0.368948
-0.228041
-0.0442222
-0.134306
-0.244288
-0.129106
-0.198603
-0.132496
-0.10492
0.0257447
-0.22643
-0.227019
-0.159109
-0.17276
-0.161615
-0.157747
-0.333691
-0.0799616
-0.240839
-0.12329
-0.172458
-0.291972
-0.227563
-0.153916
-0.164353
-0.160187
-0.156243
-0.162209
-0.168735
-0.170469
-0.173784
-0.151165
-0.152476
-0.151473
-0.164867
-0.162917
-0.160968
-0.171278
-0.177559
-0.144614
-0.149668
-0.151463
-0.151815
-0.164547
-0.166175
-0.170694
-0.161983
-0.162931
-0.174369
-0.149775
-0.148395
-0.159727
-0.16316
-0.165064
-0.160336
-0.143759
-0.144447
-0.150469
-0.157465
-0.162869
-0.162256
-0.151641
-0.167837
-0.112567
-0.137073
-0.173044
-0.162552
-0.153962
-0.154108
-0.170988
-0.173709
-0.159124
-0.136597
-0.162095
-0.177379
-0.143056
-0.139639
-0.15952
-0.173063
-0.190633
-0.134146
-0.138404
-0.148076
-0.154509
-0.170615
-0.147817
-0.170016
-0.156394
-0.160977
-0.164449
-0.15577
-0.1717
-0.175962
-0.169004
-0.158935
-0.160216
-0.163087
-0.160014
-0.165593
-0.16611
-0.1561
-0.170932
-0.181216
-0.168448
-0.168923
-0.15564
-0.164504
-0.166944
-0.169148
-0.16516
-0.161206
-0.159706
-0.157998
-0.152767
-0.16663
-0.162843
-0.164838
-0.173517
-0.183021
-0.14558
-0.160279
-0.163019
-0.165852
-0.163935
-0.168452
-0.157248
-0.152086
-0.145195
-0.165433
-0.157164
-0.152404
-0.157155
-0.15831
-0.177226
-0.182825
-0.165904
-0.14344
-0.161764
-0.155526
-0.144869
-0.156101
-0.154669
-0.158459
-0.151822
-0.14466
-0.146608
-0.158761
-0.140582
-0.184913
-0.165036
-0.138735
-0.148659
-0.151394
-0.160294
-0.133487
-0.14778
-0.219615
-0.15334
-0.153707
-0.205471
-0.15071
-0.15671
-0.161196
-0.18117
-0.194275
-0.168281
-0.138718
-0.141211
-0.148751
-0.141062
-0.109053
-0.187598
-0.156604
-0.136431
-0.208721
-0.151374
-0.154508
-0.131375
-0.169712
-0.158953
-0.163186
-0.0983554
-0.0847072
-0.0847558
-0.152653
-0.159603
-0.178456
-0.162409
-0.117352
-0.170277
-0.0411104
-0.17773
-0.158828
-0.128591
-0.162352
-0.164078
-0.104102
-0.114556
-0.213257
-0.119901
-0.199901
-0.173909
-0.158706
-0.181564
-0.17465
-0.19376
-0.114915
-0.149986
-0.197806
-0.182897
-0.110252
-0.140968
-0.146708
-0.18499
-0.137002
-0.180792
-0.280265
-0.257173
-0.0277049
-0.172355
-0.161874
-0.0735227
-0.213314
-0.0423774
-0.124538
-0.0529176
-0.0733527
-0.116173
-0.0745716
-0.181952
-0.171075
-0.209683
-0.133529
-0.101989
-0.219784
-0.145242
-0.175443
-0.12473
-0.0926054
-0.0935568
-0.151561
0.0325811
-0.0152353
-0.129789
-0.184716
-0.151648
-0.159799
-0.115482
-0.165875
-0.18713
-0.121372
-0.167022
-0.145232
-0.302188
-0.236216
-0.121264
-0.140328
-0.169665
-0.227644
-0.174823
-0.230194
-0.204681
-0.0499562
-0.204229
-0.131671
-0.145536
-0.114424
0.0372508
-0.10032
-0.247845
-0.422432
-0.17005
-0.107183
-0.190665
-0.124916
-0.111701
-0.257297
-0.175946
-0.328076
-0.142489
-0.173264
-0.14113
-0.0935746
-0.21864
-0.149517
-0.0870896
-0.124972
-0.117497
-0.0523271
-0.0943046
-0.163793
-0.212409
-0.178748
-0.126088
-0.120902
-0.431462
-0.152334
-0.173073
-0.218114
-0.0710123
-0.0586732
-0.117344
-0.0525627
-0.136658
-0.309234
-0.0753414
-0.215462
-0.105814
-0.142684
-0.193527
-0.149596
0.0748232
-0.270895
-0.315715
-0.0291428
-0.188006
-0.216851
-0.26482
-0.138466
-0.0784299
-0.157499
-0.149302
-0.143056
-0.172978
-0.143702
-0.160867
-0.265085
-0.299504
-0.244599
-0.0757476
-0.243348
-0.121151
-0.237418
-0.132586
-0.104068
-0.234573
-0.171906
-0.202696
-0.15626
-0.021358
-0.212424
-0.190866
-0.188143
-0.1399
-0.146713
-0.180827
-0.157838
-0.162186
-0.193046
-0.158643
-0.18109
-0.137019
-0.184776
-0.172723
-0.13595
-0.135606
-0.172444
-0.142461
-0.162482
-0.127514
-0.135789
-0.116777
-0.129949
-0.138739
-0.156788
-0.138616
-0.185637
-0.113859
-0.161663
-0.128083
-0.174592
-0.1623
-0.181671
-0.17723
-0.17175
-0.124291
-0.144406
-0.12486
-0.154425
-0.14328
-0.157311
-0.148143
-0.141902
-0.149671
-0.125519
-0.12443
-0.171426
-0.176923
-0.157121
-0.197501
-0.161153
-0.176847
-0.194739
-0.151599
-0.128827
-0.118057
-0.189891
-0.158152
-0.19247
-0.00866243
-0.188814
-0.0853102
-0.165462
-0.155743
-0.165385
-0.176924
-0.166169
-0.158462
-0.158561
-0.161139
-0.165446
-0.170136
-0.160191
-0.167755
-0.165889
-0.153985
-0.152188
-0.16104
-0.157044
-0.163064
-0.167009
-0.168628
-0.169713
-0.155632
-0.150425
-0.150212
-0.155972
-0.162108
-0.166944
-0.165792
-0.16786
-0.155472
-0.154115
-0.152085
-0.152904
-0.163188
-0.166144
-0.168422
-0.176257
-0.1511
-0.144768
-0.1616
-0.158465
-0.162191
-0.167618
-0.157636
-0.16484
-0.181329
-0.1462
-0.151204
-0.162305
-0.149717
-0.152363
-0.176156
-0.175701
-0.137249
-0.150381
-0.156476
-0.148579
-0.174651
-0.163698
-0.162439
-0.175945
-0.128492
-0.141326
-0.187435
-0.15209
-0.16753
-0.178849
-0.171394
-0.175754
-0.158632
-0.160784
-0.167444
-0.165573
-0.16861
-0.157498
-0.1693
-0.173536
-0.162111
-0.160953
-0.16279
-0.16326
-0.160973
-0.165698
-0.170669
-0.166771
-0.156264
-0.160435
-0.156161
-0.16483
-0.162452
-0.154392
-0.161527
-0.16048
-0.161331
-0.158517
-0.154792
-0.160267
-0.165343
-0.166287
-0.175441
-0.173971
-0.159335
-0.158366
-0.155084
-0.158597
-0.158344
-0.153525
-0.164314
-0.189831
-0.14678
-0.157155
-0.160624
-0.157821
-0.166397
-0.15604
-0.159563
-0.153331
-0.167425
-0.153695
-0.15335
-0.172488
-0.159649
-0.174286
-0.160938
-0.161206
-0.15815
-0.182376
-0.158357
-0.159771
-0.141299
-0.153717
-0.136553
-0.165968
-0.139759
-0.151358
-0.13989
-0.146863
-0.137728
-0.14832
-0.151847
-0.0482334
-0.141872
-0.133909
-0.143905
-0.156606
-0.162212
-0.122336
-0.105016
-0.140195
-0.14977
-0.149435
-0.129876
-0.17263
-0.138107
-0.139547
-0.139004
-0.20266
-0.133092
-0.123063
-0.125446
-0.0920401
-0.122048
-0.14877
-0.180173
-0.209787
-0.137928
-0.150207
-0.150868
-0.171597
-0.0309756
-0.115855
-0.173482
-0.122134
-0.123111
-0.116925
-0.131973
-0.11838
-0.147571
-0.139348
-0.134486
-0.182719
-0.154638
-0.186892
-0.122628
-0.13846
-0.127911
-0.112081
-0.157853
-0.234574
-0.107231
-0.179973
-0.170888
-0.165507
-0.178449
-0.152832
-0.0297784
-0.11566
-0.217877
-0.248777
-0.164643
-0.149401
-0.143848
-0.0349536
-0.119441
-0.105509
-0.121077
-0.16045
-0.10021
-0.11984
-0.147666
-0.122702
-0.101013
-0.0792677
-0.135282
-0.17771
-0.113766
-0.165113
-0.161299
-0.099849
-0.123305
-0.129121
-0.135178
-0.125204
-0.228169
-0.138658
-0.11205
-0.21847
-0.0744709
-0.0841289
-0.122986
-0.191612
-0.104866
-0.287215
-0.247663
-0.112664
-0.0113985
0.307344
-0.120056
-0.25221
-0.0804195
-0.191489
0.300542
-0.334825
-0.217092
-0.0560926
0.0227276
-0.118325
-0.107272
-0.0291026
-0.172282
-0.0968811
-0.0138644
-0.181347
-0.146889
-0.151257
-0.082975
-0.0159119
-0.0554196
-0.130051
-0.167071
-0.192305
0
0
0
0
0
0
0
0
0
0
0
0
0
0
0
0
0
0
0
0
0
0
0
0
0
0
0
0
0
0
0
0
0
0
0
0
0
0
0
0
0
0
0
0
0
0
0
0
0
0
0
0
0
0
0
0
0
0
0
0
0
0
0
0
0
0
0
0
0
0
0
0
0
0
0
0
0
0
0
0
0
0
0
0
0
0
0
0
0
0
0
0
0
0
0
0
0
0
0
0
0
0
0
0
0
0
0
0
0
0
0
0
0
0
0
0
0
0
0
0
0
0
0
0
0
0
0
0
0
0
0
0
0
0
0
0
0
0
0
0
0
0
0
0
0
0
0
0
0
0
0
0
0
0
0
0
0
0
0
0
0
0
0
0
0
0
0
0
0
0
0
0
0
0
0
0
0
0
0
0
0
0
0
0
0
0
0
0
0
0
0
0
0
0
0
0
0
0
0
0
0
0
0
0
0
0
0
0
0
0
0
0
0
0
0
0
0
0
0
0
0
0
0
0
0
0
0
0
0
0
0
0
0
0
0
0
0
0
0
0
0
0
0
0
0
0
0
0
0
0
0
0
0
0
0
0
0
0
0
0
0
0
0
0
0
0
0
0
0
0
0
0
0
0
0
0
0
0
0
0
0
0
0
0
0
0
0
0
0
0
0
0
0
0
0
0
0
0
0
0
0
0
0
0
0
0
0
0
0
0
0
0
0
0
0
0
0
0
0
0
0
0
0
0
0
0
0
0
0
0
0
0
0
0
0
0
0
0
0
0
0
0
0
0
0
0
0
0
0
0
0
0
0
0
0
0
0
0
0
0
0
0
0
0
0
0
0
0
0
0
0
0
0
0
0
0
0
0
0
0
0
0
0
0
0
0
0
0
0
0
0
0
0
0
0
0
0
0
0
0
0
0
0
0
0
0
0
0
0
0
0
0
0
0
0
0
0
0
0
0
0
0
0
0
0
0
0
0
0
0
0
0
0
0
0
0
0
0
0
0
0
0
0
0
0
0
0
0
-0.290522
-0.0739135
-0.0956571
-0.0807868
-0.0696085
-0.0850512
-0.152731
-0.307266
-0.203458
-0.128601
-0.1207
-0.22806
-0.160303
-0.112173
-0.204824
-0.0955703
-0.0770593
-0.302215
-0.181388
0.00113128
-0.164508
0.0692504
-0.0961449
-0.0334415
-0.300755
-0.273121
-0.216149
-0.147301
-0.118995
-0.12164
-0.177257
-0.126375
-0.130315
-0.0797464
0.0632685
-0.109005
-0.121227
-0.197207
-0.209114
-0.283455
90.2182
-0.0603216
-0.243483
-0.352631
-0.0714621
-0.0603191
-0.16302
-0.0670341
-0.23021
-0.0740581
-0.240856
-0.119695
-0.159498
-0.160674
-0.046511
-0.149249
-0.195602
-0.2671
-0.195847
-0.13532
-0.0680519
-0.289148
-0.0950652
-0.276624
-0.161398
-0.145276
-0.127178
-0.163744
-0.167232
-0.182419
-0.182942
-0.175001
-0.110704
-0.123972
-0.14787
-0.162205
-0.16667
-0.161952
-0.145955
-0.138698
-0.115234
-0.146819
-0.137815
-0.11656
-0.133114
-0.15172
-0.162437
-0.18208
-0.0993851
-0.143833
-0.138202
-0.10723
-0.170233
-0.152631
-0.164039
-0.154967
-0.110351
-0.202518
-0.131141
-0.225962
-0.120406
-0.173452
-0.222228
-0.173139
-0.127639
-0.0912053
-0.195378
-0.189786
-0.182947
-0.0946582
-0.142399
-0.23071
-0.159867
-0.115839
-0.0258193
-0.147877
-0.15664
-0.203673
-0.181108
-0.16654
-0.118438
-0.152932
-0.116397
-0.0256637
-0.013566
-0.156287
-0.124454
-0.125104
-0.175752
-0.159654
-0.138703
-0.150542
-0.158822
-0.182577
-0.190667
-0.147521
-0.166203
-0.156954
-0.187683
-0.147518
-0.137281
-0.162827
-0.159463
-0.290582
-0.149012
-0.159016
-0.164807
-0.217911
-0.182221
-0.18814
-0.167768
-0.13104
-0.19688
-0.224029
-0.209793
-0.212799
-0.168391
-0.13608
-0.147461
-0.14814
-0.156804
-0.132219
-0.0669716
-0.211075
-0.148311
-0.19611
-0.133506
-0.140584
-0.14459
-0.128619
-0.161671
-0.159098
-0.202334
-0.0852754
-0.117883
0.029088
-0.17956
-0.16263
-0.18955
-0.107872
-0.162589
-0.207904
-0.139343
-0.109064
-0.165247
-0.253393
-0.190439
-0.151158
-0.130191
-0.171451
-0.124055
-0.155555
-0.185889
-0.258523
-0.116908
-0.092526
-0.0968994
-0.192819
-0.12484
-0.135847
-0.0905728
-0.120137
-0.174528
-0.0306862
-0.0588623
-0.21967
-0.159827
-0.117485
-0.1649
-0.158388
0.0149237
-0.0322959
-0.221562
-0.0390527
-0.202037
-0.14669
-0.221382
-0.136248
-0.135708
-0.133382
-0.149261
-0.154167
-0.191686
-0.0930602
-0.148236
-0.135809
-0.231566
-0.149471
-0.130392
-0.325992
-0.13194
-0.27527
0.133049
-0.181448
-0.108966
-0.229089
-0.0879701
-0.105285
-0.0144155
-0.0921458
-0.0804961
-0.222821
-0.0344706
-0.123512
-0.175102
-0.131441
-0.181202
-0.246572
-0.149252
-0.175746
-0.0688313
-0.248438
-0.151541
-0.0819198
-0.373635
-0.0322777
-0.169859
-0.127252
-0.214034
-0.353559
-0.109154
-0.0749946
-0.0847088
-0.163948
-0.00580975
-0.0563242
-0.394441
-0.139537
-0.112951
-0.471219
-0.159921
-0.00976209
-0.164051
-0.17021
-0.329787
-0.216831
-0.0970958
-0.0240655
-0.220643
-0.158291
-0.192841
-0.363024
-0.130131
-0.140577
-0.214445
-0.0715438
0.386757
-0.528282
-0.189289
-0.148354
-0.28143
-0.119305
-0.191252
0.01459
-0.145915
0.196746
-0.0490203
-0.177648
-0.0943902
-0.307545
-0.0794694
-0.0108069
-0.364322
0.0478878
0.0458227
-0.110804
-0.157042
-0.161706
-0.264345
0.132432
-0.679042
-0.140579
-0.144198
-0.366963
-0.0450357
-0.228253
-0.231754
0.170665
0.024686
-0.480967
-0.124866
-0.113988
-0.1606
-0.180994
-0.179788
-0.0790697
-0.223889
-0.258486
-0.1214
-0.102098
-0.188946
-0.023879
-0.150074
-0.284538
-0.023098
-0.0414966
-0.221068
-0.195571
-0.0775438
-0.00678149
-0.173565
-0.136079
-0.311766
0.122507
0.0717279
-0.0728331
-0.335717
-0.287425
-0.138773
-0.289114
-0.257424
-0.0423418
-0.628681
-0.330102
-0.0784246
-0.503247
-0.26006
-0.317546
-0.0376976
-0.24102
-0.0355611
-0.152666
-0.14324
-0.202272
-0.290316
-0.150198
-0.102498
-0.0964531
-0.298181
-0.380637
-0.225778
0.165813
-0.115098
-0.122752
-0.282472
-0.0575146
-0.177137
-0.281132
-0.192002
0.0480792
-0.131351
-0.115451
-0.189125
-0.0662216
-0.219803
-0.154806
-0.146801
-0.156849
-0.091941
-0.149613
-0.161346
-0.114643
-0.185028
-0.147258
-0.0319132
-0.165476
-0.125585
-0.243889
-0.174161
-0.145335
-0.0747845
-0.14956
-0.188551
-0.067112
-0.166389
-0.0818062
-0.191385
-0.126929
-0.176178
-0.125478
-0.151504
-0.100512
-0.0844212
-0.0927378
-0.0904077
-0.0330022
-0.0556603
-0.264516
-0.0955003
-0.0777328
-0.174017
-0.15407
-0.033613
-0.114592
0.0466135
-0.187856
-0.199647
-0.110566
-0.179225
-0.157089
-0.20749
-0.144313
-0.0992004
-0.116004
-0.126891
-0.117923
-0.0911858
-0.126833
-0.139954
-0.229713
-0.0613176
-0.22217
-0.180609
-0.198568
-0.0840298
-0.0514553
-0.106499
-0.204466
-0.176592
-0.120896
-0.145811
-0.159243
-0.107493
-0.149638
-0.164498
-0.155788
-0.122769
-0.194595
-0.165301
-0.120302
-0.140891
-0.156957
-0.158031
-0.144164
-0.142408
-0.162933
-0.1628
-0.164018
-0.135667
-0.134849
-0.143473
-0.178892
-0.18334
-0.112758
-0.134734
-0.115625
-0.106078
-0.105323
-0.147257
-0.157787
-0.112415
-0.122955
-0.104926
-0.120537
-0.0891312
-0.199105
-0.148883
-0.132277
-0.0747617
-0.104105
-0.0683804
-0.0815538
-0.10092
-0.141391
-0.143235
-0.153178
-0.0490177
-0.0954348
-0.180068
-0.0662043
-0.0786223
-0.153949
-0.0826558
-0.0726667
-0.219282
-0.141185
-0.0431946
-0.133766
-0.0951971
-0.073919
-0.123204
-0.188545
-0.144961
-0.149348
-0.145658
-0.16582
-0.1451
-0.151999
-0.172266
-0.143442
-0.15959
-0.149396
-0.126559
-0.120921
-0.152273
-0.144448
-0.0928045
-0.1574
-0.136678
-0.13018
-0.158298
-0.184472
-0.138551
-0.13208
-0.211318
-0.203603
-0.100643
-0.178326
-0.151127
-0.14719
-0.141509
-0.0740429
-0.157172
-0.0686251
-0.125849
-0.166775
-0.148735
-0.119252
-0.118864
-0.168596
-0.137149
-0.274456
-0.118744
-0.18196
-0.206366
-0.159158
-0.133374
-0.102313
-0.08207
-0.0581709
-0.063587
-0.101977
-0.163019
-0.131556
-0.150157
-0.114786
-0.112226
-0.153084
-0.201544
-0.117643
-0.108881
-0.0622586
-0.114101
-0.148014
-0.159402
-0.139117
-0.142911
-0.129098
-0.107802
0.0247573
-0.102347
-0.170967
-0.192724
-0.0762335
-0.0860543
-0.170863
-0.101641
0.130975
-0.167471
-0.0799498
-0.180305
0.0411897
-0.069674
-0.0514231
-0.0773185
-0.392731
-0.123713
-0.124011
-0.0455509
-0.064417
-0.14323
-0.239668
-0.119137
-0.162827
-0.16002
-0.154758
-0.314375
0.024428
-0.0672408
-0.107137
-0.195748
0.0712266
-0.198537
-0.160087
-0.294283
-0.220297
-0.210087
-0.114288
-0.0636815
-0.156285
-0.117401
-0.119629
-0.224691
-0.047277
-0.359543
-0.0992171
-0.12493
-0.0826014
-0.0198142
-0.151447
-0.172461
-0.352309
-0.196353
-0.13389
-0.0895529
0.0154492
-0.00714339
-0.109575
-0.137275
-0.0728781
-0.0613496
-0.0644392
-0.158853
-0.241337
-0.190441
-0.314263
-0.13912
-0.326893
-0.364023
-0.320489
-0.123389
-0.0242866
-0.0572924
-0.422643
-0.242294
-0.364423
-0.158715
-0.204918
-0.150999
-0.0144393
-0.626959
-0.0362415
-0.0294247
-0.133474
-0.40293
-0.0915105
-0.29479
-0.163612
0.0176969
-0.118363
-0.330106
-0.126337
0.00816644
-0.0917623
-0.0690322
-0.0852622
0.16239
-0.101718
-0.265173
-0.219504
-0.171995
-0.206723
-0.0602956
0.0886066
0.0676823
-0.335032
0.0210804
0.00869513
-0.185133
-0.0997515
-0.297879
-0.140856
-0.169155
-0.267232
-0.154074
0.0605037
-0.0436193
-0.154404
-0.206509
-0.0507813
-0.216181
-0.257272
0.341915
1.03217
