0 477 5.9 29562 244.42 0.0618252 1.21319
1 477 5.06947 30435 230.077 0.0635315 1.32656
2 487 5.02064 29963 229.583 0.0624226 1.20346
3 476 5.9 33953 263.29 0.0718019 1.30019
4 476 4.81704 27426 252.514 0.0565321 1.38364
5 477 5.4311 27326 246.588 0.0568238 1.20739
6 473 5.9 27422 246.106 0.0569637 1.37168
7 476 5.80862 31813 259.194 0.0669206 1.21833
8 479 4.88513 26209 261.657 0.0536459 1.32546
9 470 5.9763 27978 230.913 0.0580053 1.3564
10 471 5.40814 27378 240.783 0.0567966 1.20319
11 475 5.77062 31581 259.391 0.0663569 1.18425
12 469 5.9 25800 245.36 0.0535885 1.21822
13 481 5.2416 26416 223.059 0.0548614 1.29687
14 484 5.21685 27042 232.855 0.0557435 1.30823
15 480 5.9 31662 233.985 0.066579 1.31159
16 473 5.37792 26123 262.189 0.0541082 1.10972
17 466 5.48605 26904 233.779 0.0558514 1.17761
18 476 5.66702 26778 238.453 0.0554057 1.34982
19 480 5.9 31751 249.356 0.0666933 1.29457
20 476 5.25118 25711 262.154 0.0532465 1.1508
21 475 6.45982 27550 247.182 0.0576104 1.12747
22 472 5.4766 27382 233.025 0.0568971 1.26143
23 472 5.9 31986 234.474 0.0677969 1.21376
24 482 4.63548 26452 242.799 0.0547024 1.2232
25 471 6.12639 27835 257.629 0.0580461 1.30639
26 475 5.9 27670 246.337 0.0577101 1.17639
27 481 6.29866 31747 261.251 0.0670281 1.35129
28 467 5.09071 29438 253.804 0.061416 1.12654
29 482 4.81985 30655 249.649 0.0638819 1.22609
30 480 5.50246 30118 243.152 0.0628701 1.26229
31 475 5.9 34089 254.231 0.0724209 1.29065
32 482 5.7069 28912 264.7 0.0603662 1.15773
33 483 4.94085 28294 236.924 0.0587609 1.32678
34 481 5.4265 29047 267.268 0.0601838 1.33033
35 477 5.9 28483 245.165 0.0597802 1.23648
36 479 5.9 26993 271.251 0.0560057 1.23084
37 477 5.35622 25740 248.141 0.0533607 1.12452
38 472 5.15546 27447 260.398 0.0567502 1.25082
39 478 5.9 27481 249.425 0.0574238 1.07102
40 469 6.14149 26357 275.229 0.0547751 1.16724
41 488 5.15979 26631 234.465 0.0552325 1.10438
42 473 4.7538 27337 270.828 0.0556064 1.12615
43 484 5.9 28129 219.413 0.0594203 1.08954
44 489 4.59092 27725 270.162 0.0542798 1.25065
45 477 5.9 26327 223.615 0.0548102 1.18153
46 471 5.42625 26789 250.407 0.0552326 1.20935
47 471 5.9 27692 221.798 0.058154 1.21278
48 481 5.66027 26243 238.386 0.0546973 1.21556
49 479 5.36053 26749 242.685 0.0550651 1.14437
50 484 5.05053 26580 229.729 0.0548904 1.3352
51 473 5.9 27958 225.824 0.0587913 1.18301
52 471 5.9 26976 251.724 0.0559042 1.32332
53 476 5.33249 26115 258.624 0.0537904 1.34727
54 478 5.9 26622 265.825 0.0552973 1.29333
55 480 5.9 27951 222.339 0.0587934 1.19323
56 477 5.54458 28179 258.64 0.0584435 1.41356
57 469 5.30366 26007 249.653 0.0536704 1.3006
58 473 4.8893 26910 236.643 0.0558019 1.29908
59 476 5.9 27260 240.835 0.0570678 1.27879
60 468 5.9 29598 256.875 0.0619271 1.12076
61 482 5.90249 28062 259.227 0.0586295 1.20281
62 482 5.40907 28395 244.049 0.0591276 1.24173
63 479 5.3108 29365 272.129 0.0612034 1.28786
64 500 5.9 30492 289.337 0.0630654 1.16746
65 503 5.92024 32226 304.127 0.0663478 1.36121
66 503 5.88531 31986 302.575 0.0659152 1.22957
67 491 6.13422 36085 291.293 0.0753292 1.3318
68 500 5.17015 27832 269.86 0.0572876 1.12345
69 486 5.71222 29335 290.618 0.0605103 1.2204
70 491 5.48773 28160 271.645 0.0579305 1.26467
71 501 5.87182 33545 274.221 0.0698257 1.25789
72 490 5.9 25803 288.741 0.0528203 1.27487
73 504 5.25964 28733 252.031 0.0591618 1.16807
74 496 5.39146 27547 269.05 0.0564946 1.19911
75 502 6.14943 33122 291.712 0.0688607 1.1792
76 502 5.9 25926 295.909 0.0531027 1.21194
77 493 5.46716 26548 280.224 0.0541508 1.10172
78 493 5.67599 25852 285.18 0.0528814 1.04697
79 491 6.03888 32086 293.999 0.0659248 1.28903
80 501 5.9 25189 284.761 0.0516985 1.21122
81 490 5.45642 26405 279.837 0.0538991 1.19824
82 485 5.9 25802 266.133 0.0529778 1.15948
83 499 5.77199 32670 299.201 0.0670838 1.20517
84 493 5.36044 26634 300.571 0.0547688 1.195
85 496 5.15157 28340 269.657 0.0582825 1.12843
86 490 5.59381 26750 287.072 0.0548357 1.17201
87 500 5.85186 32637 260.023 0.0680893 1.10129
88 497 5.05988 26971 292.07 0.0552598 1.29272
89 493 5.37617 28582 282.724 0.0588265 1.2463
90 496 5.9 27663 278.196 0.0570825 1.20209
91 492 5.54171 33921 268.676 0.0707977 1.31925
92 492 5.25859 30048 297.309 0.0620849 1.20553
93 503 5.9 30369 274.501 0.063063 1.22262
94 494 5.9 31154 280.439 0.0648505 1.1426
95 494 5.9 34776 317.602 0.0725797 1.41333
96 492 5.36236 30848 291.152 0.0638808 1.20033
97 490 5.4844 30444 304.562 0.062752 1.21595
98 493 5.9 31498 299.225 0.0654105 1.2157
99 497 5.9 32253 343.82 0.0670631 1.28941
100 503 5.07237 27980 310.653 0.0575332 1.19503
101 498 5.32856 29053 297.744 0.0598965 1.22636
102 502 5.26187 29356 290.912 0.0609799 1.17745
103 493 5.9 29824 322.231 0.0618486 1.2504
104 502 5.17186 27351 310.014 0.0560341 1.29152
105 498 4.56215 29349 297.107 0.0585502 1.24137
106 486 5.18059 28184 291.594 0.0579562 1.25605
107 497 5.9 30361 304.106 0.0629949 1.20154
108 494 5.68018 26392 314.441 0.054024 1.21511
109 498 5.42702 27956 280.159 0.0575775 1.28464
110 484 5.27944 27218 295.595 0.0560034 1.16959
111 498 5.9 30865 309.815 0.0641561 1.12229
112 502 5.25933 26576 308.97 0.0540746 1.43424
113 498 5.37949 27750 287.096 0.0569636 1.16171
114 492 5.99995 26884 328.266 0.0551562 1.20743
115 501 5.9 30401 304.022 0.0629945 1.2386
116 503 5.15915 27418 286.267 0.0566244 1.12972
117 494 6.02654 28966 309.059 0.0601504 1.21472
118 504 5.53903 28462 301.854 0.0584186 1.14379
119 490 5.9 29564 310.427 0.0610235 1.2324
120 498 5.45405 27708 315.365 0.0565646 1.22776
121 496 5.95227 28342 317.304 0.0584933 1.28717
122 489 5.71727 28894 327.695 0.0593245 1.27884
123 497 5.9 29968 311.442 0.0619722 1.26837
124 498 5.83768 30429 317.592 0.0628894 1.23608
125 501 6.39832 31082 310.664 0.0647922 1.23138
126 506 6.33677 30635 333.556 0.0633264 1.20877
127 493 5.9 30722 342.747 0.0633596 1.19859
128 423 4.99594 28390 274.951 0.0586702 1.24759
129 420 5.63329 28499 263.054 0.0591599 1.28763
130 416 6.07354 29258 284.175 0.0610997 1.30943
131 420 5.55804 31717 267.87 0.066599 1.26957
132 426 5.22973 26563 284.264 0.0549042 1.20768
133 417 5.48194 27414 267.211 0.0567752 1.33776
134 420 5.76809 26632 287.839 0.0550261 1.30457
135 424 6.19271 30031 261.586 0.0624636 1.34828
136 426 5.9 26451 268.492 0.0547106 1.30529
137 421 5.9 26741 267.515 0.055449 1.24479
138 414 5.45767 25911 265.42 0.0533377 1.229
139 421 5.63344 30453 249.967 0.0628809 1.34776
140 413 4.9615 26208 239.666 0.0543495 1.18735
141 423 5.9 26221 257.998 0.0535757 1.22654
142 419 5.61005 25837 230.197 0.0534762 1.14164
143 429 5.9 30235 284.177 0.062311 1.27036
144 421 4.89205 26002 257.9 0.0534944 1.17097
145 422 5.9 26536 250.713 0.054726 1.20659
146 437 5.34938 26126 237.261 0.0538002 1.11659
147 429 5.27361 30361 262.026 0.062782 1.3072
148 420 4.75029 26697 248.138 0.0550303 1.3433
149 424 5.48982 27214 245.29 0.0561668 1.38233
150 419 5.41712 26616 247.693 0.054542 1.33177
151 420 5.99645 30395 278.021 0.063335 1.37841
152 421 5.9 27811 236.219 0.0582857 1.39143
153 420 5.14609 27166 250.738 0.0563776 1.27086
154 429 5.43634 27440 244.892 0.0571813 1.37411
155 424 5.77151 29698 267.985 0.0617331 1.25312
156 431 5.9 28560 219.195 0.0595752 1.37443
157 410 4.99478 29113 227.576 0.0605212 1.17989
158 420 4.87155 29649 224.571 0.0617054 1.41754
159 424 5.9 30723 282.369 0.0644124 1.21231
160 423 5.01922 30034 246.589 0.0629282 1.232
161 422 5.09923 29059 226.01 0.0607318 1.3195
162 427 5.14539 29319 237.476 0.0611466 1.2735
163 426 5.9 29702 259.988 0.0623586 1.31386
164 423 5.9 27434 259.46 0.0571663 1.32474
165 418 5.9 27331 243.145 0.05712 1.42749
166 422 5.25637 27549 243.725 0.0571874 1.39841
167 431 5.9 29718 255.142 0.0623317 1.24414
168 416 5.60008 27783 269.534 0.0577821 1.41361
169 429 5.15841 27890 235.965 0.0582075 1.20163
170 424 5.67291 28439 253.022 0.0592061 1.39688
171 427 5.9 29350 258.283 0.0613593 1.24399
172 421 4.80982 27989 234.222 0.0581219 1.26222
173 419 4.84763 28169 220.581 0.0586697 1.20022
174 425 5.44066 28110 243.414 0.0582354 1.39706
175 427 5.9 29835 260.147 0.0626061 1.19968
176 417 5.55621 27651 257.373 0.0572191 1.25044
177 427 5.25365 27240 239.563 0.0566221 1.20609
178 425 5.9 27630 248.901 0.057671 1.31043
179 425 5.9 29547 260.557 0.0620695 1.21563
180 426 5.83136 27090 283.611 0.0560928 1.33263
181 422 5.45922 27754 259.399 0.0578943 1.30094
182 417 5.55351 28097 265.216 0.0582229 1.23267
183 425 5.4612 28883 269.441 0.0599462 1.42245
184 423 5.9 27252 282.635 0.0568001 1.30122
185 423 5.9 26802 234.658 0.0564424 1.24066
186 419 5.40656 27595 273.536 0.0572758 1.32763
187 425 5.9 28816 252.921 0.0603832 1.29782
188 421 4.88463 29171 267.044 0.0607712 1.26935
189 416 5.9 28026 246.537 0.0586522 1.26831
190 416 5.08106 29156 249.742 0.0608903 1.28376
191 432 4.90638 29925 275.271 0.062434 1.28515
