0 409 4.75882 26760 186.141 0.0559291 1.04772
1 422 5.32605 27738 219.247 0.0574386 1.09969
2 416 5.9 27613 208.526 0.0577803 1.11014
3 425 6.10719 26395 148.575 0.0662583 1.07952
4 417 5.24932 24709 245.72 0.0507616 1.18773
5 412 5.9 25340 217.959 0.0525996 1.07978
6 421 5.32335 25190 221.43 0.0520315 1.1337
7 416 5.9 28385 166.226 0.0624962 1.107
8 418 4.64954 24508 197.706 0.0502073 1.1038
9 423 5.9 26028 161.691 0.0550177 1.01444
10 416 4.91157 25418 197.169 0.0524048 1.09385
11 419 5.9 28749 102.903 0.0587992 9.76942
12 417 4.66791 24654 204.373 0.0507552 1.08377
13 414 5.9 25670 148.577 0.0537167 1.12977
14 420 5.03943 25830 196.068 0.053002 1.05482
15 417 5.13473 29302 140.634 0.0682207 2.35787
16 419 5.9 24493 205.031 0.0512311 1.04071
17 423 4.84954 25945 170.192 0.0537691 0.986187
18 423 5.56469 24863 181.864 0.0519718 1.06885
19 412 5.9 29085 114.625 0.0726375 4.1407
20 407 5.24616 24365 209.508 0.0503908 1.04058
21 414 5.9 25176 170.874 0.0527483 0.940644
22 413 4.9623 25327 166.519 0.0526002 0.936986
23 415 5.9 28732 123.865 0.0690277 1.78909
24 419 4.28889 24330 206.216 0.0498512 1.04624
25 420 5.89035 25295 192.071 0.0529408 1.0713
26 414 4.58753 25402 191.086 0.0519074 1.13171
27 419 5.84243 28138 129.039 0.0637076 0.999288
28 419 5.01152 27503 181.96 0.057304 1.01838
29 420 5.59404 28195 154.254 0.0604349 1.18218
30 423 5.9 27903 174.464 0.0590083 0.972124
31 415 5.9 27853 110.781 0.0715582 1.09016
32 413 5.9 27397 185 0.0576139 1.20786
33 420 6.03683 27470 200.344 0.0573138 1.25239
34 411 5.9 27164 178.075 0.057378 1.0994
35 422 5.9 28120 176.531 0.0608193 1.05401
36 414 4.91298 24648 188.715 0.0514537 1.0568
37 409 5.34431 24419 204.025 0.0508049 1.04023
38 418 5.9 24757 205.932 0.0515256 1.04801
39 414 5.9 26418 191.063 0.0559789 1.06454
40 416 5.9 24350 201.694 0.0506753 1.11163
41 419 5.43408 25001 182.367 0.0519659 1.03267
42 423 4.88688 24790 179.145 0.0516536 0.977248
43 415 5.9 27244 204.286 0.0575953 0.931494
44 416 3.86951 25355 211.456 0.0511177 1.10992
45 418 4.60934 25220 185.912 0.0521414 1.16401
46 414 5.9 25000 207.596 0.0517665 1.05898
47 418 5.9 27490 221.707 0.0575104 1.02222
48 412 5.1159 24988 207.429 0.0516958 1.06053
49 426 4.87488 25031 193.251 0.0515947 0.951348
50 415 5.9 24118 199.234 0.0500832 1.07457
51 415 5.9 27096 227.797 0.0561693 1.10125
52 411 5.06821 24694 212.488 0.0506611 0.946542
53 428 5.49086 24623 204.368 0.0512884 1.01154
54 413 5.32154 24582 217.3 0.0504844 1.1279
55 420 4.48151 26480 219.46 0.0544412 1.1501
56 416 4.78577 25522 242.052 0.0521503 1.16335
57 415 5.84309 23241 229.559 0.0481052 1.05031
58 419 5.9 24005 249.86 0.049378 1.20772
59 414 5.9 25908 241.699 0.0537308 1.12249
60 413 5.05431 26856 218.248 0.055595 1.08781
61 415 5.9 25514 229.328 0.0527619 1.25516
62 413 5.9 26445 217.794 0.0550912 1.19012
63 414 5.9 27593 258.189 0.0571949 1.06028
64 544 5.9 28935 215.272 0.0612892 0.947566
65 550 5.39079 28981 209.064 0.060558 1.08432
66 549 5.9 29719 226.249 0.0620351 1.10322
67 548 6.32582 31884 169.286 0.0743911 1.30175
68 553 5.94414 26878 258.664 0.0556554 1.11146
69 558 5.6974 26857 238.981 0.0557522 0.995553
70 547 6.23478 27022 246.59 0.0563935 1.09929
71 547 5.9 30803 197.773 0.0657187 1.08914
72 553 5.15632 26002 240.803 0.0534539 1.08895
73 557 5.9 27017 194.204 0.0572468 1.01172
74 550 5.50272 27008 214.514 0.0561387 1.04889
75 541 5.9 31579 209.201 0.0670561 1.00774
76 535 5.9 25252 212.798 0.0533495 1.0409
77 552 5.9 26748 241.184 0.0552219 1.13413
78 549 5.8134 26990 234.201 0.0561242 1.11733
79 559 5.9 30818 215.627 0.0649981 1.03044
80 558 5.30367 25977 227.861 0.0538895 0.967903
81 541 5.99844 26172 217.701 0.0542834 1.08498
82 553 5.78661 25675 237.174 0.0531628 1.03281
83 553 5.9 30595 229.992 0.0638992 1.04768
84 553 5.9 24728 209.51 0.0515277 1.15807
85 543 5.9 26775 209.165 0.0557922 1.06861
86 555 5.9 25606 214.267 0.0535141 1.10594
87 551 5.9 31217 223.131 0.0654227 1.08837
88 555 5.9 25729 266.345 0.053346 1.01364
89 550 6.37351 27244 247.417 0.0565295 1.11162
90 545 6.50169 26901 258.065 0.0559503 1.14832
91 550 5.9 31262 211.35 0.0656036 1.04327
92 551 5.9 28378 272.575 0.0584702 1.07663
93 555 5.9 29259 252.959 0.0608211 1.07597
94 554 5.94294 28952 262.453 0.059865 1.17576
95 547 5.9 32473 215.719 0.0693178 1.12168
96 547 6.17312 28957 248.628 0.0602983 1.17289
97 555 5.9 28666 254.478 0.059514 1.11714
98 550 6.49507 28875 260.987 0.0601936 1.13225
99 554 5.9 29980 290.663 0.0620352 1.10955
100 545 6.01325 26211 248.674 0.0549208 1.05797
101 541 5.9 25885 248.279 0.0537875 1.08981
102 554 5.85191 26600 255.572 0.0554477 1.12929
103 548 5.9 28042 270.888 0.0583374 0.953463
104 547 5.9 26030 238.725 0.0536547 1.06907
105 553 5.6519 26472 239.05 0.0550354 1.1323
106 564 5.87598 25734 255.225 0.0531668 1.01715
107 555 5.9 29347 243.748 0.0619269 1.03311
108 544 5.9 25475 232.069 0.0532109 1.00412
109 560 5.21203 26006 205.518 0.0544305 0.98399
110 546 5.9 25869 250.258 0.0534101 1.16321
111 557 5.9 28500 250.852 0.0597294 0.972075
112 557 5.9 26512 226.382 0.0555278 1.07312
113 557 5.4898 26295 223.433 0.054812 1.08554
114 547 5.81312 26434 242.872 0.0545746 1.15202
115 553 5.9 29105 283.256 0.0598834 1.12769
116 545 6.60543 26213 240.568 0.0547241 1.06678
117 554 5.7272 25838 248.114 0.053554 1.14836
118 548 5.60452 26150 245.169 0.0542266 0.957636
119 548 5.9 28173 263.605 0.0583425 1.1592
120 547 5.87059 26684 244.133 0.0551482 1.11825
121 551 5.9 25587 268.918 0.0527737 1.17443
122 556 5.9 26378 267.879 0.0544744 1.06677
123 546 5.9 27522 275.536 0.0566512 1.18225
124 558 5.53588 29022 230.794 0.0602355 0.973983
125 553 6.2292 27990 239.116 0.0584948 1.06324
126 547 5.9 28596 237.634 0.0597318 1.10088
127 551 5.9 29431 247.418 0.0615389 0.990747
128 485 5.9 26721 330.987 0.0549071 1.1438
129 487 5.9 27423 343.389 0.0550036 1.17941
130 485 5.9 27410 328.225 0.0554552 1.34556
131 489 5.9 28634 284.809 0.056039 2.4773
132 489 5.81062 23635 327.928 0.0482289 1.30333
133 490 7.41594 24175 358.033 0.0495343 1.19138
134 494 7.60664 24068 348.099 0.0495026 1.19396
135 492 7.61304 26933 305.385 0.0557974 1.17363
136 494 5.9 23741 328.649 0.0487835 1.24285
137 493 5.9 25327 342.245 0.0498005 1.29545
138 502 5.66786 26415 350.494 0.0511517 2.45422
139 491 5.9 27266 326.768 0.0552748 1.28378
140 497 5.9 23736 322.333 0.0486544 1.2041
141 496 6.89233 23904 329.126 0.0484418 1.18087
142 492 8.6664 23848 346.34 0.0488762 1.26189
143 488 7.35755 27550 343.197 0.0570421 1.26407
144 488 5.35129 24790 305.792 0.0506373 1.23596
145 485 5.9 25226 329.13 0.0494142 1.18389
146 486 6.90788 24855 322.954 0.0509101 1.28325
147 489 5.9 27599 336.718 0.0565141 1.19759
148 486 5.9 24327 341.404 0.0494709 1.30513
149 492 5.9 26543 372.493 0.0522491 1.21712
150 489 6.1168 26824 363.486 0.0524591 2.31803
151 493 5.9 28787 341.355 0.0588456 1.30556
152 492 6.08224 25099 357.526 0.0516104 1.25354
153 489 5.93092 25265 348.493 0.0509872 1.45485
154 491 7.05306 25365 344.801 0.0526459 1.11023
155 489 7.55467 27589 341.157 0.0574669 1.21766
156 495 5.9 28353 331.154 0.058535 1.28105
157 488 5.9 28653 351.889 0.0577536 1.15854
158 485 8.14088 28343 371.092 0.0584927 1.29748
159 479 5.9 30339 336.343 0.0616286 1.27107
160 488 5.9 27009 325.056 0.055625 1.24532
161 501 5.9 28858 347.673 0.0580253 1.18524
162 492 6.11577 27887 327.675 0.057408 1.45793
163 488 5.9 30977 371.577 0.0636514 1.36197
164 500 7.01263 24992 354.037 0.0518568 1.29373
165 492 5.9 26265 310.381 0.0542561 1.35907
166 490 5.9 26125 321.135 0.054096 1.23979
167 486 5.9 28344 368.834 0.0581059 1.31799
168 495 5.9 24890 322.158 0.0511072 1.39202
169 490 5.9 26539 294.988 0.0552758 1.1975
170 490 5.49806 26187 291.861 0.0538343 1.3573
171 499 5.9 28590 321.573 0.0590041 1.25377
172 486 5.9 25040 290.117 0.0518177 1.32535
173 483 5.9661 25239 268.85 0.0520978 1.32306
174 493 5.49211 24956 279.624 0.0515636 1.22852
175 490 5.9 28442 320.861 0.058785 1.38361
176 489 5.9 24694 304.868 0.050719 1.25701
177 491 5.9 25371 259.853 0.052464 1.47326
178 494 5.40634 24852 280.584 0.0512401 1.19126
179 490 5.9 28218 304.15 0.0583305 1.33214
180 493 5.97117 24627 323.705 0.0505307 1.24835
181 484 5.9 25817 279.738 0.053788 1.27341
182 488 5.81067 24767 291.077 0.0515977 1.2978
183 486 5.18269 28514 324.85 0.0588406 1.32121
184 489 5.9 23787 316.637 0.048656 1.28207
185 481 5.9 24890 299.086 0.0515897 1.33775
186 484 5.9 25519 318.646 0.0525647 1.30432
187 485 5.9 26852 313.42 0.0556145 1.132
188 495 5.9 26981 309.258 0.0552327 1.29574
189 491 5.9 27411 322.807 0.0556643 1.21773
190 489 6.34434 26955 284.745 0.0555535 1.27462
191 493 5.9 28492 313.137 0.0584461 1.14193
