0 488 0 478241 0 0 0
1 488 0 429775 0 0 0
2 493 0 423742 0 0 0
3 494 0 445390 0 0 0
4 491 0 471414 0 0 0
5 502 0 451028 0 0 0
6 497 0 429437 0 0 0
7 488 0 436954 0 0 0
8 493 0 456281 0 0 0
9 501 0 405586 0 0 0
10 487 0 476007 0 0 0
11 499 0 413641 0 0 0
12 497 0 415025 0 0 0
13 482 0 467133 0 0 0
14 492 0 415828 0 0 0
15 489 0 478358 0 0 0
16 502 0 423700 0 0 0
17 488 0 477392 0 0 0
18 488 0 429336 0 0 0
19 495 0 447309 0 0 0
20 498 0 469511 0 0 0
21 492 0 471397 0 0 0
22 495 0 470521 0 0 0
23 501 0 480558 0 0 0
24 487 0 435323 0 0 0
25 492 0 448569 0 0 0
26 493 0 450477 0 0 0
27 489 0 460413 0 0 0
28 499 0 430979 0 0 0
29 501 0 481112 0 0 0
30 487 0 466555 0 0 0
31 493 0 456315 0 0 0
32 494 0 426615 0 0 0
33 496 0 477258 0 0 0
34 499 0 432990 0 0 0
35 489 0 435497 0 0 0
36 491 0 462034 0 0 0
37 490 0 450225 0 0 0
38 497 0 461813 0 0 0
39 493 0 416699 0 0 0
40 505 0 471459 0 0 0
41 492 0 453280 0 0 0
42 492 0 471045 0 0 0
43 494 0 452880 0 0 0
44 497 0 468182 0 0 0
45 498 0 479999 0 0 0
46 501 0 481959 0 0 0
47 497 0 419506 0 0 0
48 492 0 471664 0 0 0
49 489 0 469174 0 0 0
50 483 0 478793 0 0 0
51 492 0 461022 0 0 0
52 483 0 452637 0 0 0
53 484 0 422348 0 0 0
54 494 0 437152 0 0 0
55 490 0 480150 0 0 0
56 490 0 457382 0 0 0
57 494 0 470515 0 0 0
58 492 0 443396 0 0 0
59 492 0 473898 0 0 0
60 503 0 476522 0 0 0
61 494 0 426368 0 0 0
62 492 0 417202 0 0 0
63 495 0 464107 0 0 0
64 529 5.9 30951 246.257 0.063714 1.31524
65 518 5.53876 31884 233.781 0.0665244 1.02014
66 531 5.53507 32132 224.209 0.0670317 1.01585
67 524 5.9 34741 230.353 0.0727917 1.05744
68 526 6.07004 29190 257.669 0.0606118 1.10414
69 522 5.86097 29202 243.196 0.0602717 1.3118
70 528 6.11479 28447 244.873 0.0589517 1.1405
71 527 5.9 32929 239.686 0.0682821 1.18443
72 524 5.50796 26679 253.76 0.0550139 0.987882
73 526 5.27815 28569 192.487 0.0592927 0.998977
74 527 5.81294 27485 216.671 0.0570031 0.977224
75 518 5.9 32409 215.533 0.067954 1.17372
76 529 5.31086 26441 234.122 0.0544213 1.11948
77 522 5.54606 27138 209.187 0.0562735 1.13825
78 520 5.9 25454 211.431 0.0528724 0.957371
79 528 5.9 32213 228.623 0.0668675 1.10176
80 530 5.9 25842 255.898 0.0530549 1.03295
81 520 5.65157 26892 210.9 0.0558681 0.995754
82 525 5.87285 25490 210.548 0.0527123 1.04371
83 532 5.9 32472 211.01 0.0679893 1.19174
84 523 5.6011 26613 233.842 0.0549131 1.15551
85 524 5.83281 27979 215.931 0.0583616 0.994958
86 533 6.44469 26954 243.912 0.0554548 1.13729
87 524 5.9 32451 214.276 0.0678631 1.1245
88 524 5.9 27724 249.553 0.0573819 1.10403
89 523 5.40857 28203 215.043 0.0587649 0.962209
90 525 5.62402 28066 237.218 0.0579633 1.20181
91 533 6.0798 33479 216.676 0.0700089 1.20344
92 533 5.39947 30698 246.069 0.0633553 1.19764
93 517 5.9 31191 222.561 0.0652505 1.10855
94 524 5.6987 31818 234.24 0.0663353 1.17835
95 520 5.9 34816 205.341 0.0740132 1.13837
96 532 6.17461 31322 245.432 0.0655307 1.14837
97 523 5.9 29504 264.923 0.0609839 1.23051
98 521 5.57753 30732 256.665 0.0637091 1.23216
99 521 5.9 32532 300.839 0.0674013 1.16545
100 528 6.18659 28625 265.699 0.0590446 1.24047
101 533 5.9 27270 272.328 0.0562436 1.20791
102 518 5.9 28662 267.275 0.0595108 1.12576
103 530 5.9 28058 289.812 0.0577754 1.14558
104 525 5.9 27011 241.627 0.0558336 1.08337
105 519 5.54583 26789 225.694 0.0554596 1.10802
106 524 5.9 27531 263.569 0.0566179 1.08832
107 519 5.9 29373 284.157 0.0606956 1.10796
108 527 5.80756 26889 248.933 0.05546 1.19497
109 526 5.9 26791 248.268 0.0553888 1.06364
110 532 5.9 26343 252.165 0.0540595 1.09676
111 527 5.9 30417 283.853 0.0631648 1.04867
112 523 5.9 26069 251.44 0.0536458 1.25002
113 525 5.2122 26643 229.484 0.0553062 1.09071
114 528 5.9 26122 246.805 0.0538039 1.08296
115 525 5.9 30244 296.744 0.0623917 1.13727
116 521 5.9 27542 249.493 0.0569322 1.25436
117 530 5.33062 27692 218.44 0.0569182 1.16929
118 527 6.25582 27342 250.491 0.0563225 1.01846
119 527 6.16341 29465 300.98 0.060715 1.20159
120 518 6.28018 28746 272.253 0.0592622 1.31895
121 520 5.9 26831 251.146 0.0558149 1.16975
122 527 5.9 28155 263.783 0.0581954 1.22838
123 526 5.9 29630 270.114 0.061499 1.17395
124 530 5.9 31059 250.569 0.0643636 1.11845
125 527 5.67262 29840 252.364 0.0617488 1.24854
126 522 5.9 30098 275.619 0.0620418 1.09775
127 530 5.9 31545 299.975 0.0654498 1.21106
128 621 5.9 29557 220.865 0.0625327 1.28401
129 625 5.9 28717 222.965 0.0603712 1.08882
130 625 5.9 29753 215.384 0.063008 1.2465
131 611 5.9 32160 180.227 0.0699071 0.973744
132 617 5.9 26853 221.704 0.0563603 1.20503
133 619 5.9 26027 200.216 0.0547028 0.979057
134 618 5.9 26795 212.494 0.0559336 1.07056
135 635 5.9 30125 188.959 0.0637479 1.12766
136 622 5.9 25482 189.436 0.0541736 0.94902
137 618 5.9 26246 190.274 0.0551237 1.01345
138 609 5.9 26116 204.285 0.0546226 0.965247
139 629 5.9 31120 189.094 0.0664802 1.05265
140 622 5.9 25480 215.388 0.0531239 1.1928
141 627 5.9 26105 170.84 0.0554706 1.02667
142 625 5.9 25848 190.801 0.0539856 1.04514
143 618 5.9 30280 186.271 0.065087 1.03337
144 607 5.9 24429 215.09 0.0510234 1.05279
145 620 5.9 26274 172.745 0.0558888 1.01496
146 624 5.9 25210 199.882 0.0527882 0.98355
147 631 5.9 30119 175.242 0.0647511 1.11648
148 612 5.9 25185 202.209 0.0527528 1.21049
149 627 5.9 25850 188.358 0.054529 1.09504
150 620 5.9 25167 188.894 0.052798 1.04191
151 622 5.9 29953 179.444 0.0643863 1.17868
152 632 5.9 26774 202.285 0.0566935 1.14102
153 617 5.9 25916 195.577 0.0546749 1.164
154 627 5.9 26302 191.049 0.0556357 1.13259
155 611 5.9 29386 175.281 0.0634973 1.15322
156 614 5.9 28997 208.22 0.0613286 1.02402
157 623 5.9 28748 195.513 0.0609771 1.05824
158 622 5.9 28867 205.687 0.0604925 1.13384
159 622 5.9 31377 192.807 0.0667166 1.13038
160 624 5.9 28973 206.752 0.0614321 1.1276
161 621 5.9 28690 244.172 0.0600206 1.1591
162 630 5.9 28971 215.985 0.061014 1.24091
163 638 5.9 29990 255.351 0.0627052 1.30301
164 634 5.9 26549 224.327 0.0556453 1.19901
165 615 5.9 26342 247.484 0.0548325 1.16421
166 620 6.42538 26834 244.104 0.0563074 1.18402
167 611 5.9 29486 267.265 0.0615317 1.30488
168 623 5.9 26889 247.214 0.0558316 1.19745
169 625 5.9 27125 226.381 0.0566163 1.19922
170 627 5.9 26872 215.486 0.0561028 1.24575
171 617 5.9 28648 252.509 0.0600804 1.10802
172 609 5.9 26781 230.035 0.0557287 1.10072
173 632 5.9 26413 236.681 0.0549101 1.34799
174 607 5.9 26990 213.604 0.0563794 1.23299
175 637 5.9 29136 232.809 0.0609838 1.29498
176 637 5.9 26352 214.858 0.0551274 1.04744
177 628 5.9 26413 224.905 0.0551257 1.23614
178 621 5.9 26325 234.537 0.0541611 1.34633
179 621 5.9 28827 267.512 0.059931 1.16714
180 621 5.9 26439 220.743 0.0552347 0.986451
181 626 5.9 27243 234.073 0.0562802 1.09984
182 622 5.9 26060 217.79 0.0538418 1.17714
183 619 5.9 28101 258.048 0.0582492 1.30744
184 613 5.9 26488 241.787 0.0554205 1.20501
185 618 5.9 26534 252.345 0.0556253 1.1565
186 627 6.12959 27064 264.493 0.056627 1.23622
187 610 5.9 28539 282.454 0.0594483 1.38373
188 629 5.9 29160 238.583 0.0611936 1.31169
189 628 5.9 28031 243.32 0.05882 1.18043
190 613 5.9 29155 272.75 0.0605174 1.22543
191 623 5.9 30905 275.271 0.0649104 1.39945
