0 448 5.9 28104 503.592 0.0532407 1.39305
1 433 5.9 28939 450.51 0.0540858 2.96185
2 437 9.0551 26115 486.015 0.0539123 1.26641
3 429 5.9 30758 428.602 0.0628654 1.65249
4 442 6.54738 25865 483.893 0.0519975 1.32496
5 433 5.9 27198 430.957 0.0524841 2.28556
6 426 6.38916 28414 454.169 0.0543104 2.30188
7 428 5.79392 30753 402.785 0.0616261 1.55117
8 436 6.64159 23506 463.554 0.0478648 1.15716
9 438 6.19841 27456 410.905 0.0535669 2.46457
10 433 8.00873 24374 431.268 0.0503567 1.2709
11 433 5.9 31564 390.18 0.0631485 2.27238
12 435 6.24195 23128 431.935 0.046565 1.40654
13 438 5.9 26354 353.078 0.0521267 1.99919
14 423 5.82191 24861 372.964 0.0486577 1.9727
15 430 7.31875 29994 398.479 0.0635091 1.55073
16 435 5.12435 24401 412.277 0.0461031 1.32305
17 426 6.26493 25977 358.193 0.0518473 1.67335
18 433 5.53966 26277 380.835 0.0482677 3.45305
19 431 6.81224 29588 367.919 0.0623841 1.40692
20 439 5.9 24234 423.041 0.0481755 1.79905
21 426 5.9 26398 347.746 0.052119 2.05618
22 444 6.75013 24888 381.928 0.0499274 1.47819
23 434 6.64062 30048 359.921 0.0636873 1.38779
24 430 6.6807 24772 437.287 0.0515632 1.36316
25 420 8.39248 25030 417.049 0.0526937 1.36973
26 436 8.77355 25647 450.655 0.0539377 1.38202
27 421 7.39273 28007 371.542 0.0591264 1.36736
28 438 5.68971 25762 395.729 0.0529503 1.14584
29 433 8.01287 25265 435.04 0.0519561 1.18685
30 434 7.26783 26094 429.285 0.053806 1.22885
31 435 5.9 30948 379.498 0.0637898 1.60687
32 432 6.17634 26008 397.821 0.0536193 1.29256
33 429 5.82493 25330 328.426 0.0523873 1.23859
34 432 6.07557 25756 373.368 0.05341 1.25907
35 436 5.9 27256 375.854 0.0566916 1.27704
36 429 6.10963 25504 391.24 0.0523018 1.43392
37 439 5.60423 24699 352.272 0.0518509 1.2478
38 442 5.69466 25467 356.905 0.0528269 1.3797
39 433 5.9 25947 358.465 0.0534476 1.30869
40 434 6.92048 23211 395.813 0.0474847 1.23101
41 429 5.9 24446 305.516 0.0506141 1.20606
42 434 5.7758 24090 351.201 0.0491265 1.17072
43 426 5.9 26604 358.989 0.0547359 1.30091
44 436 6.74983 23058 403.975 0.0471946 1.319
45 434 6.27702 23800 321.826 0.0491316 1.23541
46 440 6.34191 23470 352.835 0.0483033 1.19529
47 431 5.9 26953 414.375 0.0555528 1.27394
48 436 7.2251 22396 396.952 0.0459863 1.13238
49 436 5.9 24496 335.325 0.0503796 1.24908
50 432 6.72715 23293 407.936 0.0479851 1.21716
51 425 5.9 26719 379.387 0.05497 1.17338
52 424 7.23142 23577 431.516 0.0482635 1.24645
53 432 6.43926 24384 371.125 0.0502425 1.25691
54 425 5.9 25342 426.346 0.049638 1.19666
55 421 5.22001 26654 419.348 0.055263 1.26275
56 430 7.37821 26642 501.883 0.0529951 1.69867
57 428 6.52205 24690 434.333 0.050935 1.25324
58 438 7.55796 25270 471.719 0.0519296 1.37449
59 439 6.2507 25483 439.706 0.0529142 1.23232
60 427 5.9 27871 494.754 0.0525653 1.97078
61 425 7.39118 25134 439.982 0.0514205 1.19458
62 430 7.69885 25139 474.966 0.0516995 1.24147
63 434 5.9 27679 486.62 0.0557298 1.61375
64 448 5.9 26435 192.032 0.0564531 1.05206
65 457 5.27687 26478 201.594 0.0557255 1.22904
66 454 4.69465 26844 186.925 0.0566257 1.17221
67 454 5.9 29152 212.744 0.0621084 1.33962
68 454 4.13305 26411 200.874 0.0546178 1.37287
69 457 5.25783 25686 220.099 0.0536371 1.35652
70 454 4.7411 26310 215.64 0.0545359 1.28265
71 451 5.18878 28116 194.278 0.0596733 1.31543
72 461 4.71822 22626 200.829 0.0471605 1.22161
73 451 5.9 32675 154.572 0.0783898 1.3597
74 459 5.65406 24176 212.983 0.0509865 1.14131
75 450 7.07099 38204 143.869 0.0981004 1.25149
76 455 5.9 21507 191.814 0.0458745 1.03793
77 455 5.9 14332 35.3543 0.0446576 0.822398
78 454 4.95009 29278 192.694 0.0570268 1.66972
79 457 5.9 15350 74.5077 0.00143401 196.176
80 453 5.9 20887 193.901 0.0441194 1.12539
81 451 0 425827 0 0 0
82 451 5.9 31247 166.706 0.0705832 2.8639
83 457 5.9 4275 10.7946 0.0963565 0.438216
84 463 5.9 22523 183.633 0.0483034 1.05319
85 450 5.9 2185 14.0763 0.0420219 1.05898
86 464 4.60319 31237 187.565 0.059708 1.88601
87 454 6.57209 351 12.4374 0.0211763 0.852173
88 453 5.9 24952 191.73 0.0528305 1.24421
89 454 5.32078 41056 119.204 0.0962625 1.68113
90 456 5.69925 24943 194.269 0.0524318 1.30714
91 451 6.82393 34312 134.632 0.0890823 1.20083
92 450 5.9 26231 176.275 0.0561835 1.25678
93 457 0 476261 0 0 0
94 458 5.96154 31380 153.818 0.0674703 1.4812
95 456 5.9 35401 154.32 0.0804832 2.56561
96 453 5.9 26307 160.762 0.0566526 1.12111
97 463 4.58839 25666 191.133 0.0539197 1.17366
98 451 4.3884 26609 176.629 0.0561399 1.15348
99 457 5.9 28753 193.844 0.0613047 1.3607
100 451 5.9 25968 213.46 0.0546194 1.26104
101 453 4.59315 25976 190.702 0.0546401 1.17685
102 460 5.9 26375 196.786 0.0557432 1.33943
103 444 5.9 26510 191.251 0.0564295 1.04794
104 451 4.9269 23610 204.435 0.0494109 1.22242
105 455 4.706 25147 188.744 0.0531815 1.02827
106 460 4.28785 24533 201.859 0.0511765 1.12629
107 465 5.9 27981 203.664 0.0592799 1.3393
108 461 5.9 22111 197.063 0.0465121 1.0795
109 450 5.9 24906 185.499 0.0532498 1.1452
110 462 4.59311 23213 200.945 0.0484357 1.0959
111 442 5.9 28822 194.101 0.0617487 1.28375
112 455 5.23217 22439 201.318 0.0469996 1.27385
113 456 4.32163 24660 198.442 0.0513948 1.23021
114 447 5.9 22999 188.471 0.0489638 1.12809
115 451 5.9 28103 192.323 0.0597695 1.40368
116 455 4.82119 23698 198.34 0.0497525 1.12261
117 456 4.98179 25032 208.838 0.0522912 1.25885
118 456 4.46792 24123 204.272 0.0500556 1.37037
119 458 5.9 26863 210.352 0.057065 1.30654
120 458 4.81086 26066 201.254 0.0548596 1.15947
121 455 5.9 24651 193.392 0.05217 1.33542
122 452 4.66178 25370 193.013 0.0531403 1.4098
123 463 5.9 26950 201.178 0.0569692 1.40537
124 441 5.9 26060 179.437 0.0555806 1.1275
125 464 5.9 25660 176.305 0.0546436 1.2514
126 456 4.51404 25796 182.426 0.0541403 1.25697
127 458 5.9 28202 208.493 0.0594096 1.4283
128 532 5.9 24873 173.038 0.0531461 1.07149
129 527 5.9 23435 180.294 0.0498416 1.08395
130 542 5.9 24654 165.323 0.0532571 1.02519
131 534 5.9 25274 162.211 0.0554242 1.02177
132 528 5.9 22762 171.718 0.0481847 1.12041
133 525 5.9 22426 186.398 0.0467218 1.28039
134 535 4.80997 23459 182.04 0.0491957 1.06573
135 534 5.9 25072 175.376 0.0538103 0.969935
136 527 5.9 20633 163.192 0.0445571 1.04507
137 535 5.73767 21524 180.938 0.0456501 1.05553
138 531 5.9 21564 194.158 0.0454325 1.09205
139 516 5.9 25554 168.713 0.0546342 1.13226
140 528 5.9 20181 150.229 0.0435949 1.05112
141 529 5.9 21891 183.394 0.0462872 1.21613
142 528 5.9 21959 174.081 0.0470772 1.03824
143 529 5.9 26008 178.104 0.0554434 1.20339
144 535 5.9 20327 170.882 0.0430872 1.34663
145 530 5.9 22508 169.341 0.0480034 1.10735
146 528 5.9 21984 196.622 0.046206 1.17239
147 522 5.9 25418 175.639 0.054307 1.14332
148 531 5.9 21111 164.791 0.0450077 1.12292
149 528 5.9 22017 171.538 0.0466833 1.04624
150 535 5.9 21639 190.025 0.0457296 1.15203
151 538 5.9 25418 169.45 0.0541643 1.18267
152 539 5.9 22917 165.564 0.0487555 1.07542
153 536 5.9 22220 184.032 0.0466771 1.17428
154 525 5.9 22774 173.391 0.0483175 1.14582
155 535 5.9 24407 163.376 0.0526751 1.05458
156 532 5.9 24188 154.712 0.052064 1.05874
157 531 5.9 22829 168.969 0.0487077 0.948762
158 523 5.9 23332 158.574 0.0498563 1.15773
159 530 5.9 24597 164.91 0.0531403 1.05728
160 535 5.9 23909 153.152 0.0512827 1.05107
161 529 5.9 23326 147.735 0.0507083 0.97302
162 525 5.9 23023 155.998 0.0499327 0.904147
163 527 5.9 26516 155.35 0.0575262 1.0324
164 529 5.9 22781 157.732 0.0488395 1.10017
165 527 5.9 23155 166.693 0.0495642 1.16075
166 526 5.9 23443 174.396 0.0501643 1.06364
167 529 5.9 26605 179.2 0.0568025 1.11645
168 529 5.9 22101 174.359 0.047157 1.09358
169 527 5.9 24143 167.415 0.05141 1.33173
170 526 5.9 23136 186.65 0.0491559 1.08648
171 528 5.9 26949 177.12 0.05791 1.08277
172 537 5.9 21409 174.675 0.0456918 1.06349
173 532 5.9 24023 180.889 0.0511318 1.09037
174 528 5.9 22735 206.427 0.0478592 1.14531
175 527 5.9 28487 186.217 0.0609458 1.33133
176 530 5.9 21020 184.535 0.0447087 1.03388
177 529 5.9 23301 178.176 0.0498495 1.22409
178 527 5.9 21979 195.234 0.0464199 1.06602
179 533 5.9 28392 187.738 0.0603485 1.05576
180 531 5.9 21338 181.146 0.045 1.13295
181 534 5.9 23962 187.893 0.0510099 0.943459
182 536 5.9 22034 184.569 0.0465809 1.09248
183 523 5.9 27739 191.629 0.0589774 1.09511
184 541 5.9 23492 172.971 0.0501285 1.0244
185 527 5.9 23732 193.256 0.0501077 1.14918
186 532 5.9 23766 182.446 0.0506833 1.19801
187 523 5.9 26652 203.974 0.056501 1.14638
188 538 5.9 24233 167.469 0.0514304 1.26401
189 532 5.9 23187 174.743 0.0493119 1.01435
190 538 5.9 23706 174.452 0.050764 0.9603
191 532 5.9 28375 197.51 0.0603585 1.13174
