0 538 5.0348 27081 311.646 0.0551407 1.33543
1 534 5.9 29257 326.973 0.0600506 1.21431
2 545 5.9 28513 342.659 0.0578729 1.15046
3 529 5.9 31881 300.997 0.0664521 1.27001
4 541 5.9 24956 321.211 0.051265 1.16881
5 540 5.82408 26186 318.84 0.0538834 1.20393
6 526 5.9 26022 332.783 0.0529814 1.13357
7 533 5.9 31163 303.668 0.0644879 1.23666
8 533 5.26926 25061 304.603 0.0510294 1.21737
9 533 5.9 26339 266.178 0.0542747 1.07888
10 534 5.9 25068 275.483 0.0510279 1.19886
11 537 5.9 30907 275.085 0.0644049 1.30634
12 532 5.9 24376 308.587 0.049899 1.12983
13 535 5.43645 25038 272.063 0.0512537 1.06644
14 528 5.97993 24489 267.61 0.0500669 1.23565
15 530 5.9 30716 269.184 0.0641877 1.22997
16 525 5.9 24523 274.596 0.0504963 1.29149
17 530 5.9 25177 260.95 0.0516999 1.11234
18 523 5.9 24489 246.096 0.050292 1.16652
19 539 5.51321 30871 260.198 0.0644106 1.3098
20 538 5.9 24653 275.043 0.0505744 1.25451
21 534 5.82528 25538 272.38 0.052539 1.22931
22 530 5.73027 25644 276.628 0.0524573 1.27492
23 528 6.0019 31403 249.021 0.0660422 1.14393
24 531 4.97954 25085 252.809 0.0516616 1.13116
25 551 5.9 25770 261.273 0.053279 1.15641
26 537 5.72153 25930 269.248 0.0535136 1.31256
27 537 5.9 30807 236.68 0.064731 1.20405
28 536 4.76952 28764 244.343 0.059438 1.07526
29 535 5.9 28993 238.659 0.0604886 1.07195
30 531 5.24924 29237 240.482 0.0606404 1.13493
31 544 5.9 33306 257.254 0.0699878 1.2791
32 535 5.9 28705 273.796 0.0594847 1.17836
33 546 5.64115 28539 270.063 0.0593323 1.23305
34 540 5.49556 28828 289.265 0.0598526 1.14946
35 529 5.9 27097 296.694 0.0560647 1.30913
36 532 5.9645 25569 293.8 0.0528076 1.19747
37 538 5.65822 25782 284.793 0.0532194 1.35969
38 526 4.27997 27513 294.545 0.0547167 1.12721
39 525 5.9 25756 269.919 0.0533126 1.22264
40 537 6.39378 25204 315.215 0.0519326 1.18849
41 542 5.9 25547 251.672 0.0530685 1.1665
42 532 5.44328 24891 285.52 0.0509185 1.21649
43 531 5.9 26707 290.891 0.0554416 1.25216
44 542 5.9 24785 300.932 0.0509371 1.2845
45 532 5.16407 25020 268.6 0.0515028 1.21947
46 530 5.9 24955 280.431 0.0514495 1.12544
47 538 5.9 25755 284.597 0.0529237 1.27419
48 525 5.91498 24563 305.767 0.0502389 1.28801
49 545 5.9 25007 249.544 0.0520328 1.13712
50 549 5.55302 24671 299.669 0.0504782 1.0928
51 530 5.9 25677 282.705 0.0529195 1.22022
52 529 5.9 24935 297.461 0.0511306 1.13545
53 532 5.25483 24486 294.22 0.0499896 1.24281
54 536 5.94105 24726 312.754 0.0505158 1.19178
55 528 5.9 25047 302.714 0.0514289 1.13277
56 538 5.57313 26150 330.243 0.0535116 1.32338
57 545 5.29953 24280 292.366 0.0501384 1.20208
58 535 5.9 25354 300.294 0.0525844 1.1475
59 534 5.9 24789 332.436 0.0509576 1.1431
60 535 5.6402 27004 313.631 0.0558317 1.08707
61 534 5.9 25624 297.144 0.0531868 1.16313
62 527 5.6747 27040 300.019 0.0561036 1.21335
63 542 5.9 25476 353.759 0.0527888 1.25006
64 462 4.99825 28541 287.357 0.0594462 1.23628
65 453 5.9 28005 261.974 0.0584116 1.32249
66 474 5.9 28518 267.199 0.0594724 1.43148
67 454 5.50278 31707 268.605 0.0668859 1.31561
68 460 5.9 28461 320.03 0.0594571 1.23657
69 462 5.57163 27925 272.543 0.0581126 1.22095
70 466 5.9 28082 287.315 0.05833 1.38472
71 464 6.30922 30747 290.432 0.0644836 1.38428
72 466 4.97996 27194 289.572 0.0560194 1.29035
73 464 5.80929 28356 295.063 0.0592139 1.31293
74 455 5.9 27341 300.602 0.0569739 1.28529
75 472 5.9 31303 302.052 0.0653933 1.34174
76 464 4.78524 26508 285.612 0.0545567 1.3236
77 464 5.4645 27274 295.208 0.056107 1.4052
78 454 5.97016 27090 304.592 0.0561041 1.30096
79 465 6.1274 30752 303.458 0.0645956 1.30449
80 454 4.99318 26518 286.994 0.054974 1.19288
81 454 6.31405 26814 287.783 0.055764 1.23094
82 463 5.98202 25841 285.358 0.0535305 1.25646
83 468 5.87954 30097 292.041 0.0631444 1.34844
84 459 5.12306 26180 294.561 0.0539525 1.31789
85 464 5.19997 28234 277.952 0.0579684 1.49608
86 461 6.6113 26740 299.077 0.0562162 1.25474
87 460 5.9 30993 282.21 0.0651738 1.33195
88 456 5.9 27157 286.993 0.0569451 1.18229
89 467 6.01412 27742 288.328 0.0579941 1.22457
90 465 5.9 27425 257.275 0.0575592 1.32199
91 462 6.05043 30879 290.148 0.0649412 1.41402
92 472 5.9 28405 257.674 0.0597887 1.17215
93 460 5.9 29317 249.389 0.0617846 1.27583
94 460 5.19247 28867 231.213 0.0604952 1.28367
95 464 5.9 32317 267.564 0.068479 1.4647
96 465 5.42145 28966 280.191 0.0600262 1.48844
97 461 4.94255 29186 238.081 0.0611369 1.35007
98 455 4.90534 29195 261.707 0.0609586 1.36304
99 460 5.9 29459 252.562 0.0626567 1.34478
100 467 5.9 27641 275.559 0.0577758 1.36105
101 460 4.78443 27376 243.379 0.057353 1.17181
102 468 5.05338 27536 259.073 0.0576174 1.28167
103 463 5.9 28715 252.682 0.0607352 1.21156
104 458 5.9 27141 288.699 0.0568498 1.23465
105 459 4.84659 27218 261.507 0.0567701 1.38827
106 472 4.79557 26967 269.507 0.0560798 1.18592
107 457 5.9 29378 229.933 0.0626977 1.35616
108 462 5.09826 26821 285.959 0.0554825 1.3087
109 469 4.51329 26764 252.6 0.0556272 1.24812
110 467 5.9 26932 279.46 0.0565686 1.15733
111 474 5.9 28727 251.143 0.0607978 1.36049
112 463 5.9 27505 284.353 0.0572689 1.30397
113 459 5.9 26366 240.644 0.0556405 1.28612
114 458 5.10097 28046 296.434 0.0584022 1.19423
115 456 5.9 28876 250.119 0.0613653 1.18019
116 454 5.42417 28272 297.892 0.0585813 1.27893
117 462 5.14066 26941 265.137 0.0561691 1.31994
118 455 4.33391 30887 318.843 0.0579663 1.23128
119 464 4.8345 28781 255.036 0.0600217 1.36474
120 455 5.55969 27434 314.16 0.0568559 1.27665
121 463 5.9 27011 263.731 0.0566402 1.31031
122 463 5.17474 28311 278.821 0.0587241 1.36642
123 466 5.9 27566 248.162 0.0580657 1.27631
124 470 5.9 27152 280.522 0.0568141 1.12228
125 466 5.26296 27092 258.47 0.0564344 1.33397
126 462 5.23632 27381 272.432 0.0569734 1.17258
127 457 5.9 27982 288.693 0.0586325 1.35561
128 510 5.9 25463 181.369 0.0543099 1.13053
129 507 5.9 26138 178.135 0.0555311 1.09138
130 507 5.9 25393 185.896 0.053846 1.12676
131 509 5.9 27963 174.053 0.0603545 1.20612
132 505 5.9 23492 176.582 0.0501837 1.07677
133 505 5.9 23581 164.313 0.0500594 1.34095
134 507 5.9 23584 194.618 0.0496964 1.2694
135 505 5.9 26538 155.291 0.0575891 1.34292
136 517 5.9 22407 186.974 0.0472027 1.15801
137 505 5.9 22657 179.077 0.0475973 1.36851
138 515 5.9 22493 176.205 0.0478383 1.05838
139 499 5.9 26511 174.557 0.0565493 1.16194
140 506 5.9 22510 166.589 0.0481893 1.15048
141 508 5.9 21850 175.116 0.0463028 0.997927
142 496 5.9 21583 167.284 0.0456831 1.14621
143 508 5.9 26628 170.948 0.0571366 1.19242
144 505 5.9 22586 173.491 0.0481632 1.25484
145 509 5.9 22174 161.666 0.0474851 1.06926
146 502 5.9 22493 167.953 0.0478798 1.1411
147 495 5.9 26724 158.848 0.0576922 1.23298
148 513 5.9 22557 167.461 0.0479288 1.13918
149 506 5.9 24248 176.983 0.0512361 1.12118
150 502 5.9 23075 173.015 0.0487303 1.20199
151 503 5.9 27735 152.597 0.0606201 1.00806
152 499 5.9 23478 156.061 0.0500488 1.21524
153 507 5.9 24155 171.546 0.0512806 1.04553
154 501 5.9 23868 167.767 0.0507362 1.06979
155 505 5.9 27322 158.846 0.0589817 1.14683
156 508 5.9 26675 147.987 0.0580572 0.954274
157 494 5.9 26530 144.804 0.0569284 1.10615
158 504 5.9 26708 147.938 0.0578968 1.13356
159 505 5.9 28869 153.846 0.063064 1.06447
160 501 5.9 26086 142.257 0.0567981 1.24988
161 502 5.9 26843 174.704 0.0577143 1.06974
162 513 5.9 26697 162.112 0.0573453 1.08871
163 505 5.9 28715 200.521 0.0609616 1.38523
164 508 5.9 24439 154.499 0.0528933 1.15331
165 503 5.9 25391 200.45 0.0537457 1.10479
166 509 5.9 25785 175.283 0.0552466 1.11821
167 504 5.9 27154 208.895 0.0572298 1.18816
168 510 5.9 24087 165.254 0.0517972 1.18345
169 497 5.9 25849 194.73 0.055242 1.05595
170 507 5.9 24812 170.164 0.0531163 1.28207
171 499 5.9 28353 208.451 0.0601191 1.20317
172 511 5.9 23907 177.864 0.0508579 1.18296
173 514 5.9 24496 186.341 0.0519553 1.16986
174 505 5.9 24043 195.028 0.050628 1.45826
175 511 5.9 27328 193.214 0.0582222 1.33808
176 501 5.9 23469 183.155 0.0493765 1.30158
177 505 5.9 24614 163.625 0.0531845 1.23416
178 505 5.9 23905 185.231 0.0505412 1.27275
179 505 5.9 27988 211.744 0.0595101 1.15795
180 497 5.9 23551 170.468 0.050359 1.10205
181 506 5.9 25073 204.286 0.052875 1.19275
182 515 5.9 24397 182.082 0.0519183 1.17279
183 508 5.9 28201 207.373 0.0598496 1.22196
184 510 5.9 24415 163.857 0.0525814 1.1424
185 506 5.9 24790 192.47 0.0525008 1.25885
186 509 5.9 24698 182.695 0.0527492 1.13674
187 507 5.9 26554 202.335 0.0564404 1.21861
188 493 5.9 26443 171.152 0.0565076 1.24731
189 506 5.9 26531 187.049 0.0565678 1.04236
190 504 5.9 26290 177.93 0.0562629 1.05886
191 505 5.9 28038 208.767 0.0597441 1.31188
