0 458 5.9 25386 217.673 0.0531426 1.11681
1 451 5.35856 26348 188.982 0.0552319 1.16254
2 451 5.38894 26460 196.739 0.0556143 1.04955
3 453 5.9 29446 221.593 0.0619177 1.21609
4 453 4.61777 24064 222.728 0.0498527 1.05945
5 449 5.55413 23954 210.464 0.0498813 1.15442
6 455 5.9 24624 212.738 0.0514953 1.13725
7 456 5.9 28427 219.942 0.0593978 1.25904
8 449 4.67264 22742 222.649 0.0470419 1.07198
9 451 5.9 24354 180.86 0.0513439 1.14323
10 462 6.33038 23732 220.108 0.0494598 1.14463
11 456 5.9 27822 225.107 0.0582795 1.16889
12 460 4.77435 22184 223.535 0.0455746 1.16221
13 461 5.9 23785 177.879 0.0498228 0.917613
14 457 5.9 23024 195.244 0.0481026 0.914359
15 448 5.9 28146 236.811 0.058224 1.31676
16 456 5.9 22220 233.487 0.0459978 1.17301
17 445 5.9 23643 175.745 0.0493598 1.21848
18 450 6.13818 22853 190.285 0.0477451 1.18226
19 449 5.9 27857 207.491 0.0584016 1.3068
20 457 4.6877 22080 213.903 0.0458314 1.00488
21 457 5.9 24148 214.204 0.0504731 1.19708
22 450 5.87967 23933 223.097 0.0498128 1.05655
23 460 5.9 28416 197.425 0.0603695 1.18677
24 443 4.68911 23480 215.727 0.0481172 1.3534
25 459 5.9 24204 199.316 0.0505871 1.23115
26 448 5.86249 24710 208.946 0.0517801 1.11492
27 450 5.9 27995 212.703 0.0585079 1.25993
28 452 5.9 25376 194.038 0.0537596 1.02775
29 453 5.9 26287 197.312 0.055152 1.08067
30 451 5.9 26546 184.602 0.0560769 1.14978
31 455 5.9 29814 201.222 0.0632687 1.15145
32 457 5.9 25464 179.665 0.0542898 1.17488
33 454 4.96606 25571 207.821 0.0531234 1.34936
34 456 5.9 25665 200.308 0.0540717 1.08442
35 450 5.9 24677 229.145 0.0516507 1.10658
36 455 5.9 23784 207.139 0.0497052 1.18249
37 457 4.95535 23726 224.163 0.0490187 1.24944
38 452 5.9 24039 211.208 0.0501381 1.3077
39 445 5.9 24119 231.47 0.0501665 1.19001
40 453 5.9 22299 201.045 0.0467145 1.17458
41 460 5.20086 23724 247.79 0.0489399 1.34721
42 462 5.9 23017 233.224 0.0480596 1.08759
43 448 5.9 24779 231.23 0.0514364 1.33327
44 456 4.73446 22100 211.374 0.0457014 1.11447
45 458 4.50424 23204 210.046 0.0480946 1.12558
46 454 4.8686 22503 212.022 0.0464808 1.24909
47 454 5.9 24775 220.569 0.051952 1.09886
48 457 5.9 21898 218.235 0.0457621 1.07058
49 455 5.9 22789 215.498 0.0473618 1.13139
50 448 5.9 21910 219.472 0.0456034 1.22718
51 455 5.9 24594 213.24 0.0512506 1.37656
52 447 5.9 22470 226.025 0.0469388 1.17932
53 449 4.73412 23058 215.831 0.047969 1.10131
54 456 5.11526 22694 222.362 0.047128 1.20373
55 451 5.9 24945 203.839 0.0521513 1.20918
56 454 5.9 23236 200.215 0.0489612 1.08049
57 452 5.9 22661 211.556 0.0472112 1.09612
58 457 5.9 23028 198.633 0.048052 1.3133
59 454 5.9 23740 204.667 0.0498679 1.13416
60 461 5.9 24700 186.688 0.0528887 0.943249
61 450 5.9 23838 190.075 0.050468 1.06253
62 456 5.9 24292 179.789 0.051424 1.14463
63 457 5.9 24170 221.929 0.0505763 1.16429
64 535 5.9 26477 179.572 0.0561033 1.04912
65 549 5.9 26872 172.957 0.0577763 0.999742
66 546 5.76421 27368 174.967 0.0581224 0.957901
67 548 5.9 29194 194.271 0.0622665 1.10746
68 555 5.9 23645 193.918 0.0499178 1.04684
69 524 5.9 24058 192.897 0.0507142 1.0355
70 542 5.99924 24059 196.9 0.0506776 1.15304
71 543 5.9 28031 219.732 0.0589993 1.06501
72 536 5.9 21613 213.391 0.0451909 1.07968
73 551 5.9 23740 177.762 0.050294 1.00322
74 539 5.9 23063 180.672 0.0482071 1.18619
75 545 5.9 28770 212.663 0.0603775 1.20538
76 534 5.9 21440 191.016 0.045283 1.05532
77 542 5.9 22603 165.398 0.0478128 0.919698
78 541 5.9 21317 161.348 0.045065 0.953778
79 536 5.9 27922 192.237 0.0597355 0.94587
80 542 5.9 21071 176.735 0.0448773 0.898641
81 544 5.9 22080 118.604 0.0496048 0.997875
82 541 5.9 21130 142.992 0.0458272 1.03347
83 539 5.9 27975 186.738 0.0593367 1.03967
84 541 5.9 21265 150.496 0.0454352 1.16737
85 542 5.9 21928 107.119 0.0494381 0.962728
86 541 5.9 21688 109.179 0.0537351 2.09688
87 544 5.9 27365 170.169 0.0592109 0.992028
88 543 5.9 21995 152.781 0.0483445 0.994743
89 543 5.9 23417 138.27 0.0513294 1.04156
90 547 5.9 22501 142.226 0.0493763 1.01761
91 531 5.9 27381 169.384 0.0589707 1.05789
92 551 5.9 25787 125.029 0.0578945 1.09488
93 544 5.9 25941 149.009 0.0559735 1.17658
94 541 5.9 26462 137.129 0.0589824 0.998181
95 550 5.9 28348 161.331 0.0612822 1.1421
96 541 5.9 25579 128.453 0.0572101 1.1226
97 546 5.9 24065 118.026 0.053865 1.11328
98 529 5.9 25705 134.791 0.0564988 0.946053
99 545 5.9 27576 151.419 0.0605907 1.06732
100 539 5.9 23064 160.053 0.0497177 0.961
101 551 5.9 22334 161.211 0.0478721 1.07073
102 540 5.9 23581 157.905 0.0505233 1.08725
103 546 5.9 25278 155.537 0.0549501 1.05103
104 531 5.9 21999 164.329 0.0468524 0.948979
105 537 5.61265 22061 150.503 0.047085 1.04551
106 542 5.9 22342 158.123 0.0475135 1.04816
107 545 5.9 25508 158.663 0.0551362 1.03712
108 537 5.9 21683 182.803 0.0459899 1.01062
109 533 5.57948 22680 172.152 0.0478213 0.972772
110 536 5.20584 21403 162.255 0.0451578 1.00276
111 540 5.9 25889 156.891 0.0564757 0.982067
112 541 5.9 21862 187.671 0.0463326 0.937375
113 543 6.18802 22199 183.563 0.0468878 1.13217
114 546 5.9 21625 176.016 0.0457997 1.06214
115 539 5.9 25827 177.707 0.0553144 1.09424
116 542 5.9 22312 193.948 0.0470837 1.05411
117 538 5.9 23144 183.465 0.0490278 0.95003
118 546 5.9 22560 195.283 0.0475722 1.07846
119 542 5.9 24655 179.736 0.0531435 0.98696
120 532 5.9 22807 194.116 0.0483964 0.901128
121 538 6.04326 22445 223.216 0.0468411 1.07779
122 547 5.96249 22930 194.338 0.0485453 1.04597
123 540 5.9 24204 193.525 0.0512481 1.08113
124 539 5.9 26256 185.783 0.0559308 0.926292
125 537 5.9 25134 181.453 0.0535405 1.08353
126 544 5.9 25864 171.905 0.0555709 1.07011
127 549 5.9 26255 201.834 0.0554751 1.11332
128 489 5.9 24258 170.317 0.0517988 1.17687
129 492 5.9 24961 140.512 0.0541481 1.28075
130 492 5.9 25228 165.266 0.053883 1.14218
131 482 5.9 27077 156.778 0.0592078 1.29956
132 501 5.9 22260 184.52 0.0466585 1.32953
133 481 5.9 22577 163.713 0.0482669 1.15911
134 493 5.9 23100 167.836 0.0490295 1.25106
135 494 5.9 26352 153.177 0.0568333 1.43953
136 493 5.9 21306 191.177 0.0448211 1.21778
137 487 5.9 22581 139.956 0.0483794 1.14858
138 487 5.9 22199 175.706 0.0467633 1.22532
139 491 5.9 25853 158.424 0.0557421 1.30202
140 497 5.9 21970 199.641 0.045978 1.09592
141 496 5.9 22520 165.756 0.0473393 1.13079
142 486 5.9 22686 183.063 0.0473953 1.10635
143 483 5.9 26219 167.526 0.0561312 1.30222
144 496 5.9 21660 198.246 0.0450205 1.35689
145 483 5.9 23399 193.007 0.0489851 1.16709
146 485 5.9 21928 173.443 0.0461395 1.17806
147 489 5.9 25908 174.156 0.0555096 1.18911
148 484 5.34786 22666 234.61 0.0466901 1.24091
149 495 5.9 23395 206.469 0.0492186 1.07442
150 493 5.9 22849 228.417 0.047613 1.30994
151 492 5.9 26302 199.167 0.0557719 1.15006
152 486 5.9 23907 237.004 0.049772 1.16851
153 489 5.9 23201 213.691 0.0482288 1.32498
154 500 5.57783 24177 239.951 0.0502381 1.15932
155 485 5.9 25862 192.231 0.0547811 1.2445
156 492 5.9 25208 240.312 0.052432 1.23858
157 489 5.72401 25574 224.634 0.0532925 1.21852
158 499 5.9 26213 231.104 0.0547311 1.20523
159 487 5.9 27016 241.847 0.0567466 1.35614
160 487 5.9 25423 227.312 0.0531623 1.12796
161 485 5.9 25903 216.781 0.05443 1.27834
162 488 5.9 25872 230.525 0.0540747 1.11198
163 488 5.9 26901 264.328 0.0563565 1.25696
164 492 5.9 23624 252.645 0.0487729 1.29685
165 479 5.9 23278 231.422 0.0487385 1.14442
166 489 5.80843 23650 253.473 0.0490027 1.29725
167 489 5.9 26370 232.827 0.055372 1.45077
168 490 6.31451 22983 243.396 0.0476021 1.35179
169 491 5.9 23670 209.383 0.0496349 1.44318
170 493 5.9 23281 228.38 0.0488306 1.28465
171 492 5.9 25575 233.574 0.0537631 1.32119
172 487 5.9 22927 218.302 0.0479343 1.09883
173 489 5.9 23818 191.136 0.0498154 1.22403
174 485 5.9 22741 223.018 0.0474843 1.21785
175 487 5.9 25900 222.888 0.055065 1.14674
176 491 5.9 22250 201.765 0.0464109 1.30875
177 485 5.9 23060 172.477 0.0489277 1.09129
178 485 5.9 22579 191.693 0.0472299 1.40317
179 491 5.9 25256 172.667 0.0540462 1.24468
180 483 5.9 22032 177.581 0.0465554 1.34534
181 481 5.9 23677 162.942 0.0510516 1.24861
182 489 5.9 22339 193.393 0.0469463 1.27047
183 488 5.9 24881 171.088 0.0533073 1.28017
184 491 5.9 22873 175.94 0.0481386 1.3658
185 484 5.9 22883 154.214 0.0493691 1.28934
186 486 5.9 23163 183.593 0.0489906 1.22658
187 500 5.9 24933 174.968 0.0534009 1.26003
188 485 5.9 24088 162.838 0.0512388 1.119
189 493 5.9 24363 135.321 0.0532588 1.11779
190 497 5.9 24343 137.486 0.0525589 1.31133
191 488 5.9 26930 169.727 0.0581625 1.22663
