0 478 0 433648 0 0 0
1 479 0 466597 0 0 0
2 481 0 460196 0 0 0
3 477 0 428816 0 0 0
4 483 0 419075 0 0 0
5 485 0 483711 0 0 0
6 490 0 452322 0 0 0
7 477 0 485034 0 0 0
8 472 0 432108 0 0 0
9 481 0 472176 0 0 0
10 485 0 457749 0 0 0
11 476 0 482930 0 0 0
12 483 0 436409 0 0 0
13 473 0 484464 0 0 0
14 480 0 471780 0 0 0
15 488 0 456724 0 0 0
16 483 0 424551 0 0 0
17 469 0 481703 0 0 0
18 483 0 430051 0 0 0
19 480 0 478014 0 0 0
20 482 0 479356 0 0 0
21 470 0 485729 0 0 0
22 476 0 486281 0 0 0
23 482 0 478055 0 0 0
24 483 0 452134 0 0 0
25 475 0 460170 0 0 0
26 484 0 466193 0 0 0
27 480 0 441709 0 0 0
28 480 0 416327 0 0 0
29 484 0 458709 0 0 0
30 471 0 473128 0 0 0
31 475 0 443906 0 0 0
32 481 0 474017 0 0 0
33 475 0 468952 0 0 0
34 478 0 464462 0 0 0
35 476 0 486971 0 0 0
36 481 0 450948 0 0 0
37 479 0 454899 0 0 0
38 484 0 454239 0 0 0
39 478 0 484990 0 0 0
40 488 0 437214 0 0 0
41 486 0 452560 0 0 0
42 479 0 482372 0 0 0
43 484 0 481739 0 0 0
44 473 0 442571 0 0 0
45 471 0 481118 0 0 0
46 479 0 461698 0 0 0
47 483 0 466659 0 0 0
48 489 0 480413 0 0 0
49 473 0 481881 0 0 0
50 472 0 485590 0 0 0
51 475 0 482238 0 0 0
52 469 0 425774 0 0 0
53 484 0 430968 0 0 0
54 482 0 486411 0 0 0
55 477 0 484357 0 0 0
56 482 0 454125 0 0 0
57 469 0 482716 0 0 0
58 477 0 456588 0 0 0
59 485 0 486462 0 0 0
60 479 0 418118 0 0 0
61 485 0 421453 0 0 0
62 472 0 485989 0 0 0
63 484 0 486089 0 0 0
64 500 5.9 27816 130.683 0.0613772 1.03559
65 497 5.9 28880 133.351 0.062818 1.18411
66 497 5.9 29386 144.93 0.0639105 1.05396
67 491 5.9 31350 138.307 0.0688527 1.17122
68 500 5.9 25910 161.721 0.0558334 1.03893
69 490 5.9 26778 158.63 0.0575696 1.29799
70 503 5.9 27018 174.308 0.0578161 1.21137
71 489 5.9 29774 148.119 0.0640059 1.21966
72 500 5.9 24229 178.643 0.0516753 1.17277
73 490 5.9 27120 166.046 0.058188 1.08238
74 504 5.9 25908 176.185 0.0550474 1.10941
75 502 5.9 29599 145.613 0.0647025 1.15755
76 507 5.9 24028 175.356 0.0515802 1.11659
77 502 5.9 25891 168.943 0.0554714 1.19193
78 501 5.9 23820 181.684 0.0510237 1.03331
79 494 5.9 29309 155.879 0.0637921 1.18001
80 494 5.9 23010 183.46 0.0484795 1.1582
81 497 5.9 25415 171.587 0.0541118 1.0318
82 512 5.48791 23677 159.795 0.0505134 1.06171
83 500 5.9 28661 154.116 0.0623071 1.11337
84 501 5.9 23828 153.077 0.0516835 1.23243
85 503 5.9 26526 152.633 0.0571978 1.01745
86 499 5.9 24089 134.147 0.0524738 1.1821
87 491 5.9 29323 156.064 0.0635191 1.12201
88 495 5.9 25045 136.211 0.054618 1.14677
89 503 5.9 25855 138.671 0.0563225 1.14846
90 499 5.9 25408 137.674 0.0553694 1.08766
91 499 5.9 29818 143.751 0.0651893 1.09708
92 496 5.9 27585 141.117 0.0601948 0.995225
93 506 5.9 27758 131.924 0.0615104 1.10417
94 494 5.9 28359 134.337 0.0616704 1.23239
95 499 5.9 29006 115.303 0.0657694 0.946467
96 502 5.9 27816 133.98 0.0605887 1.00933
97 501 5.9 27742 133.021 0.0605135 1.20401
98 499 5.9 27799 142.83 0.059843 1.23531
99 498 5.9 30936 142.137 0.0677576 1.1168
100 505 5.9 26316 149.215 0.0565208 1.48554
101 499 4.85766 27415 155.691 0.0585461 1.14861
102 497 5.9 26956 147.097 0.0584557 1.1533
103 495 5.9 28519 153.989 0.0614559 1.21254
104 499 5.9 24597 151.145 0.0534316 1.11409
105 496 5.9 26324 168.177 0.0563545 1.12693
106 504 5.9 25842 151.514 0.0563707 1.03275
107 501 5.9 28817 165.605 0.0617707 1.14071
108 498 5.9 24058 160.853 0.0516513 1.18421
109 495 5.9 26652 177.06 0.0571554 1.11925
110 499 4.86348 24669 164.413 0.0523798 1.10184
111 502 5.9 29087 169.093 0.0629157 1.05954
112 506 5.9 24580 173.444 0.0526344 1.0278
113 495 5.00367 26679 177.085 0.0565301 1.11902
114 492 5.9 25131 196.401 0.0530262 1.16686
115 504 5.9 28853 176.38 0.0618212 1.22446
116 500 5.9 25350 182.233 0.0543701 1.03911
117 494 5.0983 27473 174.147 0.0575049 1.36385
118 496 5.9 25715 167.833 0.0550509 1.00225
119 503 5.9 28915 178.606 0.0618057 1.1167
120 510 5.9 26020 160.295 0.0554497 1.18409
121 493 5.9 26574 165.971 0.0571947 1.12022
122 506 5.9 26143 162.335 0.0563224 1.13524
123 501 5.9 28632 157.622 0.0618732 1.12094
124 499 5.9 27549 121.45 0.0611059 0.95632
125 497 5.9 29034 155.078 0.0623036 1.17751
126 492 5.9 28086 147.102 0.0606501 0.999404
127 498 5.9 30283 151.407 0.065759 1.08952
128 500 5.9 27180 203.809 0.0574344 1.18674
129 499 5.9 27489 219.488 0.0576004 1.0737
130 505 5.9 27941 215.779 0.058876 1.08692
131 497 5.9 29647 225.227 0.0632428 1.11484
132 500 5.9 24812 260.51 0.0515705 1.02138
133 505 6.52938 25482 260.561 0.0531961 1.13108
134 508 6.1865 25618 251.135 0.0531239 1.17199
135 501 6.27056 28277 236.184 0.0598437 1.19375
136 494 5.9 23887 273.426 0.0492068 1.12165
137 493 6.5827 25595 246.906 0.0535392 1.14376
138 511 6.26763 25341 253.905 0.0525677 1.19854
139 503 5.9 29392 260.485 0.0613577 1.30483
140 498 5.9 24263 289.831 0.0496875 1.13797
141 483 6.28061 25770 262.354 0.053691 1.05571
142 503 6.96155 24665 263.943 0.0512164 1.23811
143 499 5.9 29352 265.358 0.0612539 1.3215
144 499 5.9 23584 266.369 0.0485774 1.06256
145 502 7.6233 26430 273.347 0.0552174 1.29183
146 496 5.9 26105 284.527 0.0521989 1.96525
147 500 5.9 28932 260.144 0.0606872 1.1732
148 501 5.84921 23840 256.89 0.0490274 1.20138
149 503 6.27801 25900 239.346 0.0538527 1.18479
150 503 5.9 25514 269.045 0.0515924 1.47166
151 507 5.9 29300 259.876 0.0610909 1.32971
152 504 5.7002 25276 261.322 0.0525286 1.0071
153 489 5.9 25068 240.112 0.0521233 1.16057
154 492 6.38729 25486 244.554 0.0531567 1.20284
155 506 5.9 28155 240.3 0.0592635 1.18378
156 512 5.08502 27128 222.123 0.0565643 1.12146
157 497 5.9 27970 229.695 0.0585804 1.29522
158 504 6.37177 27721 228.858 0.0582679 1.20257
159 495 5.9 29258 250.326 0.0614069 1.29936
160 503 5.9 27706 214.891 0.058295 1.0637
161 496 6.49616 27581 238.836 0.0578996 1.08124
162 492 5.9 26193 202.015 0.0550475 1.20292
163 504 5.9 30539 262.756 0.0638986 1.10887
164 505 6.10974 25510 261.216 0.0526966 1.20336
165 508 4.87384 27602 251.823 0.055491 1.13366
166 489 6.42277 26320 252.143 0.0549969 1.09852
167 486 5.9 28372 267.615 0.0589393 1.1885
168 499 6.1351 25191 255.959 0.052133 1.15775
169 499 5.9 26645 251.222 0.0549684 1.15825
170 508 6.43021 26152 257.329 0.0543436 1.00105
171 508 5.9 27488 243.121 0.0571193 1.25833
172 495 5.9 25401 254.707 0.0527255 1.06171
173 497 6.63675 26819 268.427 0.0555695 1.18814
174 501 6.8885 24900 275.565 0.0516652 1.08745
175 493 5.9 27267 278.994 0.056305 1.16031
176 503 5.9 24792 267.773 0.0510484 1.13752
177 504 6.25642 26189 267.768 0.0544617 1.06147
178 501 5.9 25384 273.499 0.0518722 1.15047
179 495 5.9 28275 284.266 0.0583554 1.25569
180 504 6.14995 24832 267.644 0.0512796 1.22222
181 501 6.18798 26644 253.055 0.0551564 1.20456
182 499 6.71683 25946 269.978 0.0534041 1.24478
183 490 5.9 26882 286.459 0.0554966 1.15498
184 506 5.9 26005 262.868 0.0536428 1.13026
185 490 5.9 26770 268.882 0.0556306 1.16454
186 502 6.3655 26809 271.171 0.055703 1.18959
187 499 5.9 29104 285.743 0.0604849 1.09678
188 497 5.9 27977 237.535 0.0583885 1.0648
189 507 5.92522 28329 247.708 0.0590686 1.13722
190 494 5.9 28705 247.153 0.0597329 1.25254
191 503 5.9 30742 256.835 0.0645764 1.16545
