0 550 0 447460 0 0 0
1 546 0 418910 0 0 0
2 540 0 464521 0 0 0
3 530 0 416080 0 0 0
4 548 0 465662 0 0 0
5 544 0 462543 0 0 0
6 550 0 457906 0 0 0
7 545 0 467700 0 0 0
8 533 0 464514 0 0 0
9 540 0 445500 0 0 0
10 552 0 473126 0 0 0
11 538 0 456773 0 0 0
12 536 0 435718 0 0 0
13 537 0 425186 0 0 0
14 539 0 454776 0 0 0
15 547 0 480202 0 0 0
16 531 0 433400 0 0 0
17 542 0 448516 0 0 0
18 541 0 470131 0 0 0
19 537 0 481683 0 0 0
20 544 0 432637 0 0 0
21 543 0 434042 0 0 0
22 542 0 483839 0 0 0
23 534 0 478548 0 0 0
24 541 0 470597 0 0 0
25 540 0 452810 0 0 0
26 552 0 494875 0 0 0
27 538 0 468616 0 0 0
28 551 0 480683 0 0 0
29 544 0 449932 0 0 0
30 537 0 481451 0 0 0
31 536 0 448293 0 0 0
32 541 0 472535 0 0 0
33 536 0 481412 0 0 0
34 547 0 478923 0 0 0
35 548 0 460894 0 0 0
36 538 0 469393 0 0 0
37 548 0 432665 0 0 0
38 540 0 476893 0 0 0
39 542 0 428643 0 0 0
40 537 0 417340 0 0 0
41 539 0 429128 0 0 0
42 541 0 468756 0 0 0
43 539 0 480589 0 0 0
44 540 0 462943 0 0 0
45 543 0 413564 0 0 0
46 539 0 445881 0 0 0
47 543 0 458282 0 0 0
48 550 0 434006 0 0 0
49 536 0 414050 0 0 0
50 547 0 463871 0 0 0
51 547 0 468850 0 0 0
52 541 0 443259 0 0 0
53 539 0 482588 0 0 0
54 538 0 441028 0 0 0
55 536 0 451799 0 0 0
56 535 0 483008 0 0 0
57 546 0 426715 0 0 0
58 541 0 435021 0 0 0
59 545 0 461379 0 0 0
60 538 0 423969 0 0 0
61 539 0 451593 0 0 0
62 527 0 468340 0 0 0
63 543 0 438236 0 0 0
64 488 5.9 29505 251.425 0.0619623 1.31021
65 490 5.89537 29755 268.175 0.0625776 1.12943
66 488 5.9 29614 222.823 0.0628554 1.29531
67 495 5.9 31476 250.162 0.0669146 1.28063
68 492 5.9 28159 248.143 0.0593641 1.17512
69 492 5.9 27883 253.064 0.0585779 1.30151
70 495 5.29696 28137 244.168 0.058922 1.14922
71 497 5.9 30816 245.896 0.0652953 1.34709
72 496 4.91852 27284 239.255 0.0568445 1.20182
73 508 5.9 28176 247.899 0.0591623 1.38515
74 488 5.12662 28095 246.95 0.0586912 1.33161
75 496 5.9 31222 218.163 0.0669726 1.25389
76 493 3.89516 28303 252.85 0.0554896 1.31383
77 493 5.17735 28368 238.4 0.0595676 1.22799
78 493 5.61845 27384 245.59 0.0575494 1.35631
79 493 5.0163 31618 218.519 0.0670863 1.38569
80 490 4.72683 27040 234.204 0.0563973 1.19559
81 494 5.9 27349 228.195 0.0578061 1.27767
82 492 5.53759 26311 243.826 0.0549433 1.26316
83 495 5.31215 31319 213.989 0.0666379 1.36567
84 500 5.08972 26485 255.77 0.0552658 1.18148
85 497 5.53233 27750 216.611 0.0584696 1.2777
86 492 5.22317 26754 240.685 0.0560433 1.19908
87 494 5.9 31858 214.252 0.0679331 1.3974
88 492 4.62452 27687 204.64 0.0581074 1.39019
89 492 4.93432 28679 208.355 0.0603476 1.22937
90 487 5.23051 28133 222.225 0.0592829 1.22401
91 491 5.9 31167 217.754 0.0661658 1.48233
92 485 5.9 29879 216.635 0.0633661 1.14534
93 489 5.9 29446 207.598 0.0627664 1.10097
94 489 5.9 30077 218.641 0.0634931 1.31908
95 499 5.9 32433 205.832 0.0696542 1.3271
96 494 4.96294 30872 202.152 0.0650591 1.19401
97 494 5.02189 29868 199.87 0.0629654 1.29443
98 492 5.9 30722 202.423 0.0653328 1.20833
99 498 5.9 32188 208.758 0.068695 1.31319
100 491 5.9 28109 213.681 0.059422 1.31908
101 482 5.9 26652 197.795 0.0566167 1.20066
102 488 5.9 28077 217.77 0.0594503 1.27202
103 496 5.9 30137 226.581 0.0633838 1.34644
104 495 4.78746 27149 228.061 0.0565569 1.12377
105 504 5.13328 27890 203.09 0.0588951 1.24447
106 496 5.9 26600 215.447 0.0563365 1.19918
107 498 5.9 31030 222.387 0.0657963 1.38426
108 496 5.9 26382 225.727 0.0554666 1.2889
109 494 5.30022 27342 240.009 0.057192 1.25453
110 488 5.9 26816 222.615 0.0568324 1.22392
111 498 5.9 30538 240.998 0.0643759 1.39722
112 502 5.03311 27708 246.136 0.057855 1.25577
113 486 5.9 27200 222.38 0.0575491 1.22825
114 489 5.29411 27027 237.445 0.0564649 1.24996
115 491 5.9 29876 244.039 0.0630521 1.26334
116 492 4.85131 27702 254.486 0.057299 1.17552
117 498 5.55439 26917 241.431 0.0561817 1.2763
118 493 5.37748 27160 264.036 0.0565134 1.17106
119 488 5.57222 30286 259.03 0.0633335 1.35303
120 491 5.42504 27662 268.45 0.057815 1.11688
121 494 5.9 26587 251.11 0.0556122 1.29543
122 494 5.9 27396 253.045 0.0572172 1.29598
123 485 5.52346 28848 254.594 0.060091 1.36505
124 502 5.9 29236 242.564 0.061574 1.12087
125 491 5.9 28411 237.605 0.0597414 1.24885
126 486 5.22836 29317 210.654 0.0617916 1.35197
127 488 5.9 30482 232.827 0.0646419 1.2029
128 493 5.9 26417 257.039 0.0552784 1.30374
129 491 5.9 26495 242.372 0.0554342 1.21463
130 499 5.9 26991 242.794 0.0566558 1.19716
131 492 5.9 29555 273.284 0.062343 1.38813
132 487 5.9 24493 259.223 0.0513819 1.2845
133 490 5.9 24735 243.663 0.0518272 1.31861
134 484 5.75933 25512 238.159 0.0533263 1.31964
135 495 5.9 28150 249.081 0.0599134 1.27486
136 489 5.9 24443 263.658 0.0510901 1.20659
137 491 5.9 25178 259.683 0.0524759 1.36669
138 497 5.96406 25119 266.316 0.0523715 1.23874
139 497 5.9 28303 224.049 0.0601534 1.43387
140 502 5.9 24970 265.83 0.0520341 1.19374
141 504 5.9 24996 256.811 0.0522551 1.36256
142 490 6.43096 24972 261.672 0.052541 1.15336
143 502 5.9 28510 246.614 0.0603697 1.29196
144 496 5.9 25368 282.978 0.0526135 1.28717
145 494 5.9 25665 268.454 0.053464 1.21305
146 494 5.9 26213 279.012 0.0545129 1.31244
147 488 5.9 28598 260.231 0.0603504 1.37468
148 489 6.31435 25247 300.093 0.0526876 1.18426
149 494 6.43853 26665 292.269 0.0555889 1.28127
150 488 7.15811 26717 310.486 0.0558105 1.29018
151 495 5.9 28820 270.561 0.0604078 1.38639
152 493 5.9 25879 315.242 0.0535846 1.27266
153 495 6.31533 25524 284.485 0.0531326 1.22094
154 498 6.83658 25718 309.243 0.0536598 1.19507
155 506 5.9 27841 293.087 0.0582997 1.18441
156 490 5.9 27917 313.538 0.0578018 1.28048
157 497 6.4733 27277 286.204 0.0563381 1.37486
158 491 6.64865 27822 287.006 0.0581385 1.26394
159 489 5.9 29890 279.751 0.062615 1.37502
160 494 5.9 27699 299.985 0.0574075 1.255
161 496 7.48186 28002 313.869 0.0589652 1.14646
162 497 6.83477 27774 300.745 0.0581719 1.15334
163 489 5.9 31859 329.208 0.0668498 1.19727
164 489 5.9 26576 304.853 0.0551467 1.27265
165 494 5.9 26160 310.832 0.053934 1.31906
166 496 6.54087 26138 302.179 0.0544666 1.28258
167 482 5.9 28548 320.783 0.059448 1.338
168 497 6.66872 25835 294.574 0.0539117 1.15483
169 506 5.9 26611 289.893 0.0555005 1.22594
170 502 6.29352 26739 284.261 0.0559207 1.28492
171 494 5.9 29024 302.575 0.0607676 1.2609
172 492 6.28108 25656 272.245 0.0535538 1.18165
173 485 5.9 25957 290.292 0.0536413 1.4641
174 485 5.9 26166 296.778 0.054192 1.33407
175 491 5.9 28809 318.392 0.0602806 1.23206
176 490 5.9 25246 276.19 0.0524663 1.23006
177 493 5.9 25561 276.092 0.0536094 1.25564
178 500 5.9 25796 272.146 0.053935 1.15402
179 495 5.9 28511 278.433 0.0600152 1.32433
180 499 5.9 25025 264.939 0.0522445 1.23481
181 489 5.9 25904 265.621 0.0544663 1.23971
182 506 5.9 25406 277.487 0.0530484 1.31215
183 493 5.9 28727 287.589 0.0602679 1.43377
184 495 5.9 25490 271.484 0.053131 1.29141
185 487 5.9 24575 266.387 0.0510933 1.46924
186 500 5.9 25479 267.917 0.0534013 1.31281
187 500 5.9 27754 279.498 0.0582268 1.25741
188 496 5.9 27330 251.229 0.057325 1.16353
189 497 5.9 27304 237.655 0.0572063 1.2787
190 488 5.9 27357 253.358 0.0576214 1.24173
191 501 5.9 29646 303.606 0.0620186 1.44052
