0 555 0 462928 0 0 0
1 551 0 429181 0 0 0
2 566 0 389702 0 0 0
3 555 0 397494 0 0 0
4 562 0 471757 0 0 0
5 559 0 463776 0 0 0
6 553 0 403971 0 0 0
7 555 0 422522 0 0 0
8 555 0 424130 0 0 0
9 545 0 405750 0 0 0
10 553 0 418606 0 0 0
11 563 0 457297 0 0 0
12 551 0 466799 0 0 0
13 564 0 427914 0 0 0
14 551 0 434398 0 0 0
15 558 0 432934 0 0 0
16 566 0 475639 0 0 0
17 550 0 461461 0 0 0
18 544 0 452213 0 0 0
19 557 0 451529 0 0 0
20 553 0 452377 0 0 0
21 554 0 454617 0 0 0
22 559 0 424570 0 0 0
23 562 0 425421 0 0 0
24 550 0 462104 0 0 0
25 558 0 419988 0 0 0
26 548 0 445672 0 0 0
27 552 0 405916 0 0 0
28 554 0 444754 0 0 0
29 565 0 439949 0 0 0
30 558 0 461593 0 0 0
31 566 0 464230 0 0 0
32 561 0 414920 0 0 0
33 560 0 438988 0 0 0
34 562 0 469847 0 0 0
35 551 0 433109 0 0 0
36 555 0 464683 0 0 0
37 553 0 455506 0 0 0
38 547 0 452649 0 0 0
39 564 0 408052 0 0 0
40 555 0 441420 0 0 0
41 556 0 419047 0 0 0
42 548 0 426967 0 0 0
43 552 0 419495 0 0 0
44 562 0 430958 0 0 0
45 553 0 452840 0 0 0
46 549 0 419690 0 0 0
47 556 0 461872 0 0 0
48 553 0 472940 0 0 0
49 559 0 467734 0 0 0
50 567 0 436192 0 0 0
51 556 0 416930 0 0 0
52 557 0 409406 0 0 0
53 555 0 447151 0 0 0
54 567 0 459093 0 0 0
55 558 0 420991 0 0 0
56 544 0 423479 0 0 0
57 554 0 447524 0 0 0
58 561 0 461547 0 0 0
59 557 0 462364 0 0 0
60 558 0 468407 0 0 0
61 550 0 440764 0 0 0
62 562 0 420028 0 0 0
63 560 0 466434 0 0 0
64 528 5.9 29320 221.828 0.0621272 1.08627
65 537 4.82812 29915 199.5 0.0631395 1.22531
66 519 5.26773 30250 196.108 0.0644144 1.22962
67 538 5.80435 32645 234.329 0.0697943 1.31004
68 525 5.27242 27112 236.125 0.0569771 1.17924
69 520 5.33081 28464 229.546 0.0600805 1.30008
70 522 5.9 27561 223.458 0.0585246 1.14623
71 537 5.9 31461 217.337 0.0674749 1.32911
72 527 5.9 25925 226.482 0.0549461 1.30089
73 537 6.26153 28694 249.513 0.0606973 1.33093
74 526 5.9 27650 254.018 0.0582257 1.33773
75 524 6.27233 32237 240.364 0.0688196 1.4916
76 533 5.9 25099 229.209 0.0529966 1.22293
77 538 5.28834 26950 225.596 0.0567166 1.24233
78 528 5.9 25830 203.905 0.054855 1.21858
79 527 5.9 30978 232.431 0.0661927 1.23578
80 522 5.9 23948 212.88 0.050746 1.27234
81 529 5.09049 26826 219.212 0.0563347 1.2443
82 538 5.40397 25899 207.108 0.0546578 1.10159
83 524 5.9 30835 233.691 0.0657636 1.28493
84 536 4.55207 26243 228.312 0.0547398 1.25387
85 527 5.678 28434 242.233 0.0601891 1.31849
86 522 5.9 26369 238.345 0.0556739 1.19401
87 525 5.9 31254 229.073 0.0667881 1.4177
88 532 4.61268 26517 228.924 0.0551763 1.3574
89 533 5.9 27508 256.691 0.057776 1.3329
90 525 5.58943 27057 247.935 0.0567889 1.30167
91 529 5.9 31492 254.211 0.0667931 1.38358
92 532 5.9 28851 228.909 0.0608382 1.28394
93 539 5.9 29558 240.254 0.0622951 1.24253
94 525 5.9 29965 215.859 0.0637778 1.32288
95 529 5.9 32346 266.502 0.0686383 1.38771
96 535 5.20571 29780 264.401 0.0621552 1.17649
97 525 6.12048 29452 236.225 0.0621551 1.30544
98 524 5.96607 29691 257.574 0.0623644 1.25712
99 538 5.9 32461 276.604 0.0685488 1.3661
100 540 4.92828 26493 239.045 0.0550782 1.30961
101 527 5.9 27512 231.945 0.0580196 1.22177
102 538 5.9 28057 232.36 0.0590525 1.34449
103 527 5.9 29828 242.735 0.0625587 1.32813
104 530 5.9 26926 242.086 0.0565032 1.38319
105 517 5.9 26779 188.585 0.0568676 1.08726
106 537 5.9 26920 202.675 0.0568214 1.31407
107 523 5.9 29614 211.101 0.0629272 1.03196
108 530 5.9 24972 220.349 0.0527533 1.13166
109 529 5.9 26999 176.892 0.0581406 1.04312
110 535 5.9 25537 183.619 0.0542983 1.1918
111 536 5.9 29381 200.753 0.0623644 1.21978
112 528 5.9 25455 204.123 0.0538688 1.32334
113 530 5.9 26654 192.233 0.0565427 1.31302
114 522 5.9 26238 198.253 0.0556534 1.20514
115 532 5.9 29496 184.799 0.0627812 1.15465
116 516 5.16231 26875 226.727 0.0565268 1.22066
117 529 5.9 28022 193.951 0.059296 1.33733
118 530 5.9 27339 205.244 0.0580861 1.19982
119 530 5.9 28950 199.397 0.061505 1.25138
120 533 5.9 27288 217.392 0.0578182 1.33286
121 531 5.9 27641 190.608 0.0588999 1.39631
122 516 5.9 27686 207.289 0.0587437 1.25335
123 524 5.9 29009 176.049 0.062302 1.40886
124 517 5.9 29205 218.535 0.0619537 1.13292
125 536 5.9 29878 187.986 0.0634862 1.19416
126 520 5.9 28766 192.81 0.0612052 1.18822
127 530 5.9 30699 205.381 0.0655192 1.25818
128 558 5.9 26163 201.316 0.0554803 1.23293
129 542 5.9 27148 202.081 0.0574922 1.19292
130 544 5.9 27343 189.503 0.0585277 1.14911
131 548 5.9 28908 232.91 0.0616349 1.3204
132 562 5.9 23360 210.594 0.049023 1.20324
133 545 5.9 23858 208.146 0.0501685 1.26497
134 559 5.9 23950 208.69 0.0505496 1.19421
135 548 5.9 27302 202.066 0.0582442 1.27277
136 549 5.9 22148 207.506 0.0466925 1.23053
137 552 5.9 24694 201.623 0.0521062 1.15037
138 540 5.9 23807 221.925 0.0498627 1.12129
139 553 5.9 27200 211.415 0.0579481 1.22438
140 543 5.9 22926 207.445 0.0485122 1.10637
141 541 5.9 24226 213.338 0.0509117 1.1743
142 555 5.9 23392 188.324 0.0497739 1.09924
143 549 5.9 27407 221.349 0.058175 1.24116
144 549 5.9 22051 208.376 0.0468513 1.21372
145 559 5.9 24549 196.422 0.0517704 1.15292
146 552 5.9 23113 198.127 0.0486763 1.08819
147 559 5.9 26923 221.04 0.0570715 1.26224
148 554 5.9 22615 206.812 0.0478578 1.24946
149 554 5.9 24773 203.54 0.0520384 1.3243
150 546 5.9 23899 203.554 0.0504037 1.13603
151 551 5.9 27455 220.197 0.0582169 1.37961
152 534 5.9 24352 220.457 0.0513054 1.15123
153 541 5.9 24786 208.795 0.0522105 1.23717
154 547 6.46746 24728 224.108 0.0522588 1.11143
155 546 5.9 27543 208.956 0.058676 1.20315
156 542 5.9 26631 195.485 0.0566914 1.29939
157 548 5.9 27507 192.264 0.0584642 1.28585
158 554 5.9 27056 197.356 0.057787 1.29249
159 554 5.9 28223 210.089 0.06052 1.23202
160 552 5.9 27169 209.981 0.0577949 1.2582
161 546 5.9 28021 207.468 0.0595524 1.19045
162 550 5.81272 27526 217.421 0.0585641 1.25308
163 535 5.9 29596 247.755 0.0624163 1.2021
164 552 5.9 24712 235.684 0.0517576 1.20093
165 548 5.9 26208 247.99 0.054949 1.22842
166 552 5.9 25625 218.143 0.0542216 1.16417
167 547 5.9 30054 232.567 0.0635224 1.2674
168 549 5.9 24277 215.997 0.051005 1.30006
169 544 6.16831 25956 244.475 0.0542309 1.22792
170 555 5.9 25230 240.666 0.0524666 1.37793
171 564 5.9 28483 254.924 0.0597459 1.32299
172 551 5.9 23880 206.919 0.050262 1.30346
173 553 5.9 26110 233.334 0.0546612 1.16374
174 546 5.9 23844 227.011 0.0499665 1.10627
175 548 5.9 28672 230.121 0.0604889 1.31486
176 551 5.9 23488 217.293 0.0494539 1.10273
177 545 5.9 24980 223.57 0.0523207 1.13948
178 549 5.3366 24105 223.101 0.0502062 1.23842
179 540 5.9 28325 246.482 0.0592971 1.18623
180 552 5.9 23784 214.634 0.0501884 1.19628
181 547 5.42003 25671 212.915 0.0537915 1.24056
182 554 5.9 24718 228.702 0.0516411 1.19827
183 555 5.9 28619 216.742 0.0603706 1.22457
184 546 6.10077 24499 235.937 0.0513972 1.151
185 555 5.9 25856 215.446 0.0545629 1.21193
186 552 6.16638 25404 247.256 0.0532464 1.10787
187 553 5.9 29531 233.196 0.062244 1.194
188 547 5.9 26707 218.409 0.0562922 1.21648
189 541 5.9 27976 226.543 0.0586037 1.27512
190 549 5.9 27826 225.264 0.0589823 1.09938
191 542 5.9 31385 256.927 0.0665014 1.24768
