0 517 0 431734 0 0 0
1 510 0 456941 0 0 0
2 508 0 452919 0 0 0
3 517 0 433901 0 0 0
4 519 0 430412 0 0 0
5 515 0 477380 0 0 0
6 502 0 480051 0 0 0
7 517 0 463641 0 0 0
8 514 0 461420 0 0 0
9 513 0 468282 0 0 0
10 516 0 470803 0 0 0
11 516 0 446420 0 0 0
12 523 0 423761 0 0 0
13 516 0 427391 0 0 0
14 518 0 459310 0 0 0
15 509 0 426418 0 0 0
16 523 0 468287 0 0 0
17 514 0 476673 0 0 0
18 512 0 464431 0 0 0
19 518 0 436364 0 0 0
20 526 0 460698 0 0 0
21 517 0 448336 0 0 0
22 517 0 470152 0 0 0
23 509 0 429399 0 0 0
24 511 0 445889 0 0 0
25 521 0 434930 0 0 0
26 518 0 413246 0 0 0
27 520 0 446687 0 0 0
28 521 0 478797 0 0 0
29 508 0 437376 0 0 0
30 515 0 482943 0 0 0
31 518 0 437350 0 0 0
32 517 0 481942 0 0 0
33 516 0 453447 0 0 0
34 513 0 475662 0 0 0
35 512 0 482556 0 0 0
36 516 0 463815 0 0 0
37 518 0 464044 0 0 0
38 519 0 472161 0 0 0
39 525 0 486732 0 0 0
40 512 0 448099 0 0 0
41 515 0 419362 0 0 0
42 504 0 423251 0 0 0
43 512 0 470444 0 0 0
44 507 0 434249 0 0 0
45 516 0 479809 0 0 0
46 519 0 471244 0 0 0
47 512 0 461479 0 0 0
48 516 0 420570 0 0 0
49 517 0 444460 0 0 0
50 511 0 462356 0 0 0
51 521 0 482688 0 0 0
52 520 0 437711 0 0 0
53 522 0 484147 0 0 0
54 508 0 453742 0 0 0
55 523 0 409606 0 0 0
56 521 0 447316 0 0 0
57 516 0 457498 0 0 0
58 523 0 476915 0 0 0
59 509 0 425802 0 0 0
60 512 0 475950 0 0 0
61 510 0 460203 0 0 0
62 521 0 436258 0 0 0
63 518 0 417799 0 0 0
64 576 5.9 28067 207.167 0.0593799 1.09505
65 575 5.9 27471 221.614 0.057662 1.01521
66 572 5.5651 28779 232.172 0.0598838 1.18537
67 579 5.9 31815 274.477 0.0666062 1.31283
68 576 5.9 25519 241.242 0.0533484 1.12108
69 577 5.9 25098 238.185 0.0520691 1.17332
70 574 5.9 25468 253.85 0.0527449 1.03263
71 571 5.9 29951 249.86 0.0628569 1.24173
72 567 5.9 23849 215.391 0.0500686 1.21281
73 563 6.98719 24944 269.22 0.0516774 1.02991
74 580 6.37456 24093 242.386 0.0499524 1.10659
75 565 5.9 30640 247.272 0.0645147 1.23304
76 579 4.21432 24159 258.887 0.0486317 1.31449
77 567 6.55645 25377 257.168 0.0526585 1.08492
78 559 5.9 23960 249.717 0.0495781 0.973815
79 574 5.9 31105 271.612 0.064643 1.24666
80 557 5.9 23077 252.98 0.0480577 1.06475
81 566 6.81209 24562 248.034 0.0512188 1.04858
82 579 5.9 22806 239.594 0.0466608 1.09721
83 568 5.9 29975 263.538 0.0625767 1.15095
84 575 5.9 22682 238.355 0.0472412 1.08365
85 567 6.62254 24622 262.435 0.0511485 1.04516
86 589 5.62903 23874 244.071 0.0488706 1.15304
87 569 5.9 30155 256.833 0.0631553 1.05284
88 568 5.9 25283 231.68 0.05322 1.01442
89 578 7.17217 26036 257.188 0.0544518 1.0695
90 559 5.9 26317 246.505 0.0547781 1.041
91 574 5.9 30199 241.275 0.0632269 1.1475
92 572 5.9 28889 230.882 0.0607465 1.04294
93 575 5.9 28453 235.429 0.05966 0.988533
94 579 5.9 28696 249.963 0.0598592 1.06067
95 567 5.9 32297 251.4 0.0677754 1.16004
96 577 5.9 29321 233.093 0.061761 0.943469
97 573 6.30522 28966 234.344 0.0610092 1.09417
98 565 5.9 29915 244.138 0.0626224 0.921053
99 578 5.9 29326 270.573 0.0608981 1.24757
100 574 5.9 26560 230.854 0.0555353 1.18327
101 568 5.9 26516 261.502 0.0544182 1.39592
102 578 5.62815 26719 241.329 0.0554269 1.17387
103 566 5.9 27511 246.137 0.0573313 1.11257
104 576 5.9 24192 245.615 0.0500087 1.15544
105 570 5.93135 25353 236.095 0.0525585 1.13088
106 584 5.9 24133 235.905 0.0499392 0.957895
107 581 5.9 28171 254.161 0.0583267 1.15196
108 572 5.9 23467 263.928 0.0483363 1.07852
109 568 6.16865 25261 225.926 0.0525673 0.996373
110 565 6.50129 24157 251.656 0.049784 1.04752
111 583 5.9 28440 249.423 0.0588562 1.26471
112 577 5.9 24190 259.348 0.0502708 1.05379
113 565 5.9 25949 227.356 0.054344 1.00091
114 560 6.65448 24259 249.161 0.0504925 1.02082
115 580 5.9 28321 246.065 0.0587205 1.17544
116 575 5.9 24592 248.525 0.050923 1.14839
117 576 6.51196 25372 250.415 0.0527704 1.12521
118 555 5.9 24650 254.561 0.0510869 1.04597
119 562 5.9 28546 246.786 0.0599776 1.12458
120 580 5.9 26000 230.738 0.0542962 1.15226
121 564 5.9 26139 242.664 0.0545237 1.16317
122 565 5.84615 26139 235.656 0.054314 1.22803
123 570 5.9 27509 248.429 0.0574192 1.2205
124 574 5.9 28215 202.404 0.059497 1.20689
125 558 5.9 28009 236.129 0.0583572 1.10442
126 560 5.9 28362 201.632 0.0598632 1.16549
127 572 5.9 29212 257.183 0.0611078 1.28473
128 582 5.9 27526 243.299 0.0578308 1.10349
129 583 5.9 28650 244.796 0.0601387 1.33837
130 583 5.9 28908 249.505 0.060725 1.18153
131 580 5.9 30479 281.409 0.0639973 1.21651
132 575 5.9 25492 255.311 0.0531049 1.16517
133 580 6.15336 26018 268.252 0.0542227 1.20751
134 582 5.9 26517 272.932 0.0550116 1.12854
135 585 5.9 28983 248.26 0.0611631 1.13981
136 574 5.979 25044 261.154 0.0523917 1.09242
137 576 5.9 26320 257.429 0.054758 1.20745
138 582 5.9 25959 251.84 0.0541969 1.19666
139 579 5.9 28989 274.795 0.0604607 1.37662
140 581 5.9 25198 255.38 0.0529043 1.0032
141 573 5.9 26023 277.882 0.0539781 1.20685
142 585 5.9 26350 275.714 0.054641 1.17596
143 589 5.9 28812 283.611 0.0601355 1.3868
144 578 5.9 26572 250.653 0.0556974 1.08339
145 574 5.9 25661 231.279 0.0540299 1.2148
146 577 5.9 26714 249.141 0.0561107 1.19317
147 586 5.9 28234 244.305 0.0597512 1.21369
148 576 5.9 25710 259.258 0.0536487 1.16601
149 583 5.9 27514 230.658 0.0578961 1.1795
150 577 5.9 26974 228.7 0.0568804 1.2339
151 576 5.9 28712 253.461 0.0605149 1.174
152 586 5.9 26666 252.468 0.0559605 1.11093
153 583 5.99164 26698 257.627 0.0559563 1.16938
154 581 5.9 26503 249.068 0.0553901 1.16649
155 581 5.9 28649 230.678 0.0608442 1.18578
156 580 5.9 28177 230.731 0.0597232 1.17355
157 582 5.9 28454 235.872 0.0601287 1.15952
158 579 5.9 28820 226.016 0.0607336 1.22913
159 584 5.9 30108 247.453 0.0637483 1.13495
160 589 5.9 28291 230.38 0.059658 1.22634
161 581 5.9 29215 237.846 0.0615235 1.25979
162 591 5.9 29690 256.292 0.0622463 1.27858
163 577 5.9 32253 259.502 0.0680677 1.23246
164 574 5.9 27065 243.677 0.0569402 1.13906
165 577 5.9 28108 231.604 0.0593961 1.21897
166 576 5.9 27715 245.805 0.0582071 1.23241
167 580 5.9 30306 253.741 0.0635425 1.26767
168 581 5.9 26465 222.387 0.0558955 1.02902
169 580 5.9 28042 222.995 0.0594516 1.22059
170 579 5.9 27805 242.348 0.0583687 1.20967
171 568 5.9 30132 241.407 0.0637941 1.17705
172 581 5.9 26223 230.644 0.0551442 1.13745
173 592 5.9 26224 212.671 0.0558375 1.11505
174 582 5.9 26273 231.824 0.0552785 1.20632
175 578 5.9 29448 239.143 0.0623551 1.18776
176 582 5.9 25504 248.58 0.0532427 1.20489
177 564 5.9 27246 219.098 0.0575693 1.22465
178 582 5.9 26594 246.472 0.0558316 1.18551
179 585 5.9 29194 240.955 0.0613407 1.3224
180 576 5.9 26093 264.509 0.0542594 1.13004
181 576 5.9 27527 252.451 0.0579542 1.06343
182 585 5.73963 26925 253.215 0.0562792 1.13664
183 579 5.9 30167 242.143 0.0635321 1.41609
184 584 5.9 26294 258.336 0.0548345 1.19645
185 578 5.9 26432 258.229 0.0549262 1.22971
186 583 6.37271 26635 283.881 0.0555066 1.14595
187 585 5.9 29576 261.883 0.061961 1.20928
188 580 5.9 28475 260.573 0.0594763 1.20791
189 587 5.9 28764 245.951 0.0602796 1.12989
190 580 5.9 28797 264.916 0.060064 1.16025
191 575 5.9 31006 271.124 0.0651598 1.23875
