0 450 0 461371 0 0 0
1 448 0 467085 0 0 0
2 448 0 462243 0 0 0
3 439 0 489201 0 0 0
4 449 0 434428 0 0 0
5 444 0 468381 0 0 0
6 443 0 447160 0 0 0
7 452 0 487881 0 0 0
8 445 0 426470 0 0 0
9 447 0 472637 0 0 0
10 446 0 488879 0 0 0
11 448 0 474949 0 0 0
12 454 0 491772 0 0 0
13 449 0 489421 0 0 0
14 455 0 493724 0 0 0
15 446 0 426874 0 0 0
16 445 0 486065 0 0 0
17 454 0 463835 0 0 0
18 446 0 476895 0 0 0
19 449 0 450078 0 0 0
20 449 0 484013 0 0 0
21 444 0 479969 0 0 0
22 451 0 449723 0 0 0
23 441 0 468067 0 0 0
24 454 0 464819 0 0 0
25 445 0 456205 0 0 0
26 440 0 441287 0 0 0
27 449 0 468674 0 0 0
28 446 0 475375 0 0 0
29 449 0 444048 0 0 0
30 445 0 482008 0 0 0
31 449 0 447626 0 0 0
32 447 0 441268 0 0 0
33 450 0 469161 0 0 0
34 453 0 475530 0 0 0
35 442 0 453987 0 0 0
36 447 0 430876 0 0 0
37 450 0 457423 0 0 0
38 444 0 435040 0 0 0
39 445 0 473761 0 0 0
40 443 0 486874 0 0 0
41 442 0 487497 0 0 0
42 453 0 484116 0 0 0
43 448 0 428045 0 0 0
44 445 0 479042 0 0 0
45 448 0 486456 0 0 0
46 454 0 473784 0 0 0
47 437 0 478265 0 0 0
48 453 0 457182 0 0 0
49 443 0 475038 0 0 0
50 451 0 419656 0 0 0
51 446 0 447277 0 0 0
52 450 0 436418 0 0 0
53 440 0 478771 0 0 0
54 447 0 474356 0 0 0
55 442 0 488242 0 0 0
56 444 0 477251 0 0 0
57 449 0 462041 0 0 0
58 453 0 437580 0 0 0
59 444 0 483196 0 0 0
60 447 0 461351 0 0 0
61 442 0 456088 0 0 0
62 441 0 483653 0 0 0
63 450 0 446123 0 0 0
64 577 5.9 26784 245.86 0.0562045 1.12932
65 580 5.9 27061 254.962 0.0564925 1.16112
66 576 5.5064 27752 251.666 0.0581011 1.10941
67 585 5.9 29151 247.97 0.0618764 1.11596
68 587 5.52631 25455 277.236 0.052414 1.25259
69 587 5.9 25004 273.38 0.0518072 1.1522
70 595 5.77624 25902 260.72 0.0536048 1.21455
71 584 5.9 28473 265.563 0.0595018 1.21829
72 580 5.9 22910 257.428 0.04775 1.08646
73 578 6.12968 24968 269.755 0.0519646 1.13258
74 583 6.10885 23838 290.443 0.0491168 1.13953
75 575 5.9 29015 270.867 0.0605779 1.27536
76 575 5.4553 22071 271.873 0.0454751 1.03346
77 573 5.94949 24227 256.117 0.0504514 1.07248
78 566 6.07343 22309 261.124 0.0462067 1.0274
79 584 5.9 28781 250.536 0.0608268 1.16744
80 582 5.9 22111 230.76 0.0464995 0.976443
81 583 5.9 23389 247.596 0.048678 1.04553
82 581 5.44577 21450 222.47 0.0446534 1.19151
83 589 5.9 28215 259.975 0.0591882 1.18472
84 579 5.9 21991 255.213 0.0455989 1.07206
85 580 5.9 24297 228.048 0.0510785 1.0526
86 581 5.62289 23056 229.587 0.0482702 1.04549
87 588 5.9 28958 257.342 0.0611932 1.07012
88 580 5.70162 24655 262.303 0.0510633 1.13712
89 587 5.9 25356 226.213 0.0531982 1.13915
90 576 5.98394 24968 234.067 0.0524427 1.04799
91 595 5.9 28695 255.811 0.0605075 1.07772
92 587 5.9 26820 232.565 0.0563475 1.17553
93 581 5.85301 27264 226.457 0.0575057 1.09589
94 578 5.9 27620 233.321 0.0582246 1.00073
95 584 5.9 30308 243.709 0.0644592 1.13428
96 578 5.9 27748 235.836 0.0587581 1.00386
97 580 5.9 28637 249.23 0.0599494 1.27496
98 583 5.35819 28922 239.142 0.0605323 1.12344
99 587 5.9 29883 295.712 0.0622839 1.38093
100 577 5.9 25549 269.204 0.0530325 1.18982
101 576 5.9 25031 241.465 0.0519286 1.45916
102 579 5.9 25624 274.818 0.0533883 1.09043
103 574 5.9 27600 300.526 0.0570882 1.27194
104 574 5.9 22959 250.473 0.0477985 1.06343
105 565 6.36793 24802 250.108 0.0520529 1.1102
106 564 5.9 23311 271.861 0.0480327 1.27611
107 573 5.9 27730 272.944 0.0579577 1.14397
108 566 5.9 21941 253.487 0.0453644 1.19934
109 573 6.13466 23761 274.375 0.049311 1.14084
110 571 6.08057 22039 251.471 0.0461419 1.04816
111 574 5.9 27728 267.034 0.0578444 1.24621
112 584 5.9 22622 250.011 0.0470458 1.09536
113 580 5.9 23727 254.298 0.0494285 1.10659
114 574 5.87806 22206 245.994 0.0462346 1.09415
115 578 5.9 26957 268.34 0.0562601 1.27251
116 577 5.94578 23238 275.002 0.0481319 1.05563
117 587 5.9 24738 268.397 0.0511072 1.19526
118 575 5.9 24302 288.786 0.0499575 1.18883
119 572 5.9 27812 269.128 0.0581785 1.3276
120 587 5.58156 25442 270.539 0.0530029 1.06962
121 581 5.9 25252 260.373 0.0526548 1.17729
122 570 6.03499 24809 266.904 0.0514614 1.22073
123 583 5.9 27011 263.115 0.056311 1.24588
124 578 5.9 26859 257.813 0.0561424 1.08243
125 573 5.9 26999 280.473 0.0561019 1.14979
126 587 5.9 27116 252.512 0.0567029 1.12919
127 589 5.9 28475 284.757 0.0594638 1.25268
128 531 5.9 24535 243.748 0.0510934 1.09864
129 529 5.9 24777 234.837 0.0515462 1.01769
130 534 5.9 24850 219.246 0.0518959 1.17323
131 534 5.9 25081 221.398 0.0529408 1.07512
132 529 5.9 22417 275.627 0.0460122 1.09537
133 533 5.9 22759 253.134 0.0468539 1.20347
134 519 5.9 22747 255.616 0.0469843 1.14237
135 529 5.9 24732 240.078 0.0521384 1.09953
136 533 5.9 19662 238.266 0.040784 1.14032
137 534 5.9 22472 257.815 0.0464264 1.13478
138 524 6.62572 21037 287.7 0.0431598 1.16343
139 516 5.9 25203 234.469 0.0527615 1.09007
140 522 5.9 19526 247.732 0.0400946 1.17008
141 534 6.13016 21521 255.286 0.0446696 1.04496
142 523 5.9 20184 256.866 0.041596 1.09497
143 532 5.9 25386 250.766 0.0530094 1.18778
144 521 5.9 20367 268.227 0.0419582 1.08804
145 529 5.99152 21982 249.556 0.0455405 1.14282
146 531 5.9 20834 260.114 0.0429493 1.14178
147 528 5.9 25255 245.019 0.0527308 1.10961
148 534 5.9 20309 265.368 0.0417525 1.13093
149 534 5.9 23411 251.448 0.0484531 1.22931
150 524 5.9 22165 236.706 0.0460648 1.14709
151 529 5.9 25580 245.208 0.0533683 1.14876
152 525 5.9 22876 239.772 0.0475934 1.18961
153 529 5.9 23532 244.219 0.0487241 1.24291
154 522 6.26522 23201 265.246 0.0480766 1.13003
155 524 5.9 25182 245.896 0.052703 1.16722
156 527 5.9 24869 228.448 0.0521502 1.17491
157 530 5.9 24684 237.246 0.0514374 1.09284
158 532 5.9 25379 233.607 0.0528328 1.16884
159 527 5.9 25710 240.022 0.0538497 1.13073
160 516 5.9 25339 238.835 0.052924 1.16209
161 528 5.9 26055 264.406 0.0541778 1.20792
162 533 5.9 26019 238.734 0.0544335 1.16341
163 526 5.9 27008 270.28 0.0565916 1.15706
164 524 5.9 24133 254.676 0.050088 1.24996
165 525 5.9 24701 271.43 0.0513375 1.14952
166 531 5.9 24897 276.103 0.0513544 1.21138
167 519 5.9 25809 277.965 0.0534879 1.16894
168 527 5.9 21858 252.558 0.045316 1.13553
169 530 5.9 23936 244.309 0.0497037 1.24964
170 525 5.9 23346 272.977 0.0484141 1.09254
171 528 5.9 26261 246.152 0.0551028 1.12349
172 529 5.9 20834 258.6 0.0428634 1.17508
173 517 5.9 22324 257.317 0.0460755 1.20952
174 529 5.9 21103 270.722 0.0435967 1.05791
175 533 5.9 25670 283.323 0.0530203 1.22726
176 533 5.9 20613 269.843 0.0423449 1.07084
177 534 5.9 22759 243.478 0.0470619 1.17988
178 527 5.9 21180 270.363 0.0437202 1.05692
179 530 5.9 25491 268.383 0.0528903 1.13038
180 533 5.9 20697 258.942 0.0425379 1.12961
181 524 5.9 24043 274.505 0.0498041 1.15018
182 529 5.9 21898 263.204 0.0452121 1.18599
183 527 5.9 26462 267.049 0.0548969 1.27725
184 527 5.9 23176 256.803 0.0478008 1.22723
185 530 5.9 23180 261.648 0.0477234 1.2172
186 540 5.9 23658 261.734 0.0487197 1.20862
187 535 5.9 24989 252.346 0.0518756 1.20493
188 529 5.9 24946 247.286 0.0515665 1.256
189 531 5.9 25346 250.153 0.0526437 1.20521
190 532 5.9 25009 232.964 0.0520009 1.2363
191 530 5.9 25681 243.511 0.0534502 1.25381
