0 535 5.8165 25460 278.755 0.0521967 1.13662
1 552 5.9 26939 274.73 0.0553944 1.11038
2 560 5.9 26566 281.364 0.0542337 1.15493
3 547 5.9 26005 194.522 0.0594285 2.25575
4 548 6.10452 25015 345.371 0.0501178 1.09683
5 550 7.39434 24900 308.887 0.0505232 1.25051
6 545 5.9 24992 292.046 0.0509266 1.00312
7 549 7.91763 26285 193.052 0.0646096 1.21307
8 542 6.49056 24681 334.247 0.050103 1.217
9 552 5.9 25897 254.157 0.0532877 1.06245
10 542 6.24619 25269 284.819 0.0512603 1.24088
11 544 5.9 28453 222.86 0.0552634 3.65754
12 544 5.21658 24447 290.487 0.0496528 1.16251
13 550 5.9 25519 240.679 0.052263 1.12438
14 546 5.9 26196 282.428 0.0528808 1.3229
15 543 5.9 29161 202.838 0.0639291 1.34934
16 547 5.9 24927 324.556 0.0501586 1.17673
17 550 6.32575 25973 225.317 0.0539401 1.09347
18 555 7.0164 25324 277.1 0.0524119 1.00069
19 545 6.37429 29565 208.833 0.0599795 5.5086
20 548 5.85222 24934 294.277 0.051149 0.982492
21 533 6.15626 25975 244.084 0.0536314 1.05199
22 554 7.70355 25980 279.114 0.0539763 0.94494
23 543 5.9 29953 204.371 0.0649661 1.09237
24 557 5.9 25068 281.456 0.0513434 1.12096
25 553 6.36425 26005 300.382 0.0530543 1.17756
26 542 5.9 26478 299.174 0.0536024 1.24374
27 538 7.36872 28246 229.735 0.0613258 0.953202
28 545 6.14699 27056 277.31 0.055729 1.08881
29 543 6.73611 28110 287.59 0.0578117 1.19064
30 542 5.9 28408 300.984 0.0570168 0.957103
31 553 5.9 30361 131.102 0.0824196 4.67851
32 545 5.9 26745 282.231 0.0552987 1.04117
33 546 6.90421 25518 300.484 0.0525888 1.04774
34 542 5.9 26509 311.432 0.0531899 1.11936
35 552 5.9 26390 272.248 0.0546824 1.07145
36 554 5.9 25379 294.731 0.0516483 1.12926
37 553 7.00817 23405 307.099 0.0478759 1.03026
38 551 5.9 24795 302.576 0.0500454 1.06295
39 544 5.9 25868 301.523 0.0522759 1.09092
40 551 5.9 25084 309.214 0.0509815 1.09066
41 543 6.78482 23879 275.858 0.0492128 1.11081
42 548 6.76065 23904 293.971 0.0488892 1.07307
43 541 5.9 25800 277.919 0.0531418 1.0165
44 541 6.38264 24457 297.291 0.0500214 1.0647
45 549 5.9 23419 261.514 0.0478541 1.0116
46 548 7.12104 24648 324.965 0.0507358 0.977968
47 551 5.9 26317 286.759 0.054052 1.10049
48 542 5.9 25513 317.069 0.0508402 1.13393
49 552 5.9 23249 256.655 0.0477665 1.05469
50 542 6.47034 23202 311.291 0.0473747 1.07584
51 545 5.9 25288 285.455 0.0517782 1.10309
52 541 6.87595 24701 358.753 0.0500051 1.19008
53 544 5.2415 22493 273.89 0.0452791 1.2444
54 544 7.4336 23515 324.392 0.0482596 1.01072
55 537 5.9 24726 286.247 0.0506094 1.07812
56 549 6.1014 25053 312.515 0.0510117 1.10184
57 536 6.53645 21539 289.364 0.0438777 1.16489
58 545 5.9 23491 304.471 0.0476104 1.0925
59 547 5.9 23747 295.289 0.0484523 1.13783
60 554 5.9 25558 287.63 0.0526157 1.06194
61 559 5.9 23570 279.316 0.0479942 1.19308
62 549 6.95224 24423 292.228 0.0504831 0.914351
63 547 5.9 25047 283.895 0.0519717 0.98681
64 500 5.9 26649 191.008 0.0558841 1.04166
65 500 4.74383 26794 158.595 0.0568914 1.07786
66 497 4.85278 27474 174.441 0.0577618 1.10203
67 497 5.9 29949 171.355 0.0645284 0.976066
68 501 5.9 25777 192.097 0.0542326 1.07661
69 490 5.14839 24876 185.66 0.0515941 1.19146
70 508 4.68846 25890 186.967 0.0536262 1.18931
71 497 5.9 28210 141.115 0.0620437 1.03518
72 497 5.9 24381 195.76 0.0504906 1.10735
73 492 4.78655 25993 184.598 0.0540868 0.980591
74 494 4.28519 25264 174.867 0.0523279 0.977192
75 494 5.9 28731 153.131 0.0631955 1.06976
76 498 5.9 24366 196.694 0.0507816 1.0242
77 495 5.16735 26089 215.106 0.0539316 1.08583
78 495 4.97946 25336 188.783 0.0522424 1.08779
79 490 5.9 29732 162.373 0.0644897 1.05296
80 501 5.9 24321 199.967 0.0507873 1.06653
81 501 5.14866 25399 188.226 0.0533893 0.900173
82 499 5.9 24313 188.438 0.0506822 1.23056
83 499 5.9 29184 161.937 0.0635221 1.09415
84 504 5.9 24003 197.122 0.0502226 1.14958
85 494 5.9 25402 190.739 0.0531025 1.00785
86 500 5.9 24371 194.883 0.0508894 1.12005
87 499 5.9 29095 168.028 0.0620363 1.11574
88 498 5.9 25054 199.555 0.0525352 1.14685
89 497 5.9 24788 177.72 0.0526567 1.04699
90 496 5.9 25401 193.481 0.0537021 1.1403
91 498 5.9 28636 166.104 0.0612475 1.11595
92 496 5.9 25973 184.686 0.0548593 1.17015
93 494 4.61379 26436 168.906 0.0553054 1.12318
94 504 5.9 26284 190.713 0.0558526 0.961922
95 495 5.9 28913 139.021 0.066163 0.862293
96 499 5.9 26910 182.506 0.0571083 1.17066
97 503 5.9 25492 186.649 0.0541521 1.10019
98 500 5.03025 27147 190.612 0.0568119 1.25414
99 498 5.9 25799 188.176 0.0549953 1.00102
100 488 5.9 25727 205.748 0.0542989 1.05676
101 489 4.87487 23798 196.158 0.0497464 1.15902
102 506 5.9 24717 210.478 0.0517287 1.06329
103 501 5.9 24468 183.477 0.0514977 1.36089
104 503 5.9 24662 205.546 0.0511863 1.09436
105 498 5.9 24173 209.044 0.0505075 1.21923
106 502 5.15065 24259 218.443 0.050121 1.22888
107 491 5.9 25708 200.86 0.0544923 1.16494
108 498 5.43087 24598 199.219 0.0513184 1.18726
109 497 4.97995 24844 215.431 0.0514095 1.01946
110 492 5.9 24280 195.791 0.0510677 1.18043
111 500 5.9 25411 207.207 0.0530027 1.36182
112 490 5.9 25125 191.65 0.0528999 1.18914
113 494 5.9 24583 211.854 0.0512428 1.16557
114 493 5.9 24349 211.982 0.0509808 1.06184
115 492 5.9 25204 197.038 0.0529936 1.12542
116 488 5.9 24995 197.902 0.0522953 1.08093
117 497 5.27038 24134 214.06 0.0501887 0.992448
118 503 5.2338 24834 225.041 0.0510967 1.15291
119 500 5.9 25091 236.237 0.0522624 1.16476
120 491 5.9 25680 212.07 0.0537009 1.11057
121 499 4.86646 23901 210.318 0.0495142 1.31884
122 492 5.0309 25126 215.688 0.0518966 1.32132
123 496 5.9 23656 202.121 0.0495711 1.26489
124 497 5.9 26866 185.67 0.0571028 1.05856
125 501 5.52377 25825 215.495 0.0534603 1.27578
126 499 5.05192 26160 190.509 0.0542406 1.24003
127 495 5.9 24996 182.496 0.0538844 1.05477
128 476 5.9 25051 209.041 0.0520646 1.13193
129 478 5.9 24796 192.998 0.0518733 1.19897
130 477 5.9 24757 187.839 0.052589 1.11336
131 477 5.9 24916 151.785 0.0565631 1.10417
132 484 5.9 23177 214.584 0.0483063 1.09187
133 480 5.9 22392 186.14 0.0473051 0.952323
134 486 5.9 23080 210.121 0.0482007 0.970283
135 491 5.9 24667 153.775 0.0532684 1.06939
136 475 5.9 22288 186.876 0.0463949 1.04852
137 483 5.9 22363 179.968 0.0467974 1.06498
138 480 5.9 22839 184.534 0.0480674 1.09839
139 480 5.9 25092 166.246 0.0534229 1.09853
140 480 5.9 22348 195.912 0.0465623 1.07688
141 486 5.9 22369 171.308 0.0472083 1.0818
142 481 5.9 21917 168.307 0.0461451 1.11591
143 473 5.9 25477 156.675 0.0544231 0.984261
144 490 5.9 22025 177.866 0.0464142 0.946549
145 482 5.9 22885 165.67 0.0485875 1.01045
146 483 5.9 22273 172.753 0.0470854 0.967337
147 486 5.9 25582 168.152 0.0546206 1.18391
148 477 5.9 22048 180.885 0.0459759 1.09346
149 479 5.9 22855 158.172 0.0482433 0.950085
150 488 5.9 22954 176.003 0.0481394 0.945516
151 474 5.9 25448 167.697 0.0536067 1.19197
152 485 5.9 22915 208.256 0.0474416 1.18321
153 485 5.9 22438 181.785 0.046825 1.138
154 491 5.9 23142 188.902 0.0483094 1.0693
155 482 5.9 24644 174.409 0.0518411 1.07504
156 480 5.9 24837 175.276 0.0528754 0.971305
157 483 5.9 24135 181.073 0.0506511 1.03426
158 492 5.9 24614 177.625 0.0517426 1.00537
159 489 5.9 26543 179.743 0.0562692 1.08766
160 483 5.9 24510 182.464 0.0519139 0.930587
161 477 5.9 23773 206.733 0.0495555 1.17194
162 479 5.9 24524 201.475 0.0514857 1.06512
163 479 5.9 26012 210.432 0.0545705 1.13116
164 481 5.9 23770 198.172 0.0497399 1.08658
165 473 5.74729 22666 223.239 0.0467678 1.10717
166 481 5.9 23550 200.162 0.0491052 1.16255
167 475 5.9 23936 202.026 0.0504448 1.07499
168 483 5.9 23316 184.188 0.0487375 0.997559
169 485 4.77992 23526 216.987 0.0482624 1.18564
170 472 5.31967 23710 193.09 0.0492871 1.03576
171 479 5.9 24306 207.44 0.0506941 1.17838
172 480 5.9 22857 185.32 0.0479612 1.11398
173 483 5.9 23221 196.617 0.048057 1.10093
174 481 5.9 22870 184.62 0.0482075 1.02108
175 482 5.9 24010 203.87 0.0504628 1.04177
176 491 5.9 23061 216.047 0.0477901 1.07757
177 478 4.82773 23727 199.349 0.0489431 1.11881
178 484 5.31231 23191 219.626 0.0477022 1.03555
179 480 5.9 25403 224.537 0.0529323 1.13857
180 486 5.9 23214 204.965 0.0483939 0.931828
181 486 4.95532 23055 221.018 0.0475567 1.10108
182 478 5.9 23461 222.014 0.0484157 1.11907
183 477 5.9 25515 222.418 0.0534051 1.04605
184 473 5.9 24067 219.891 0.0499761 1.19133
185 480 5.49715 22351 240.683 0.0460355 1.15319
186 471 5.9 23755 233.767 0.049375 1.08362
187 479 5.9 24361 233.342 0.0505633 1.10524
188 475 5.9 25614 216.143 0.0538141 1.03941
189 486 5.9 24375 232.763 0.0502454 1.13423
190 489 5.9 24734 235.565 0.0510718 1.11945
191 475 5.9 26032 249.081 0.0540706 1.05281
