0 494 0 469917 0 0 0
1 501 0 479100 0 0 0
2 495 0 480306 0 0 0
3 499 0 475445 0 0 0
4 501 0 417710 0 0 0
5 500 0 452753 0 0 0
6 502 0 453672 0 0 0
7 498 0 408812 0 0 0
8 491 0 474590 0 0 0
9 489 0 465393 0 0 0
10 490 0 479391 0 0 0
11 491 0 477133 0 0 0
12 493 0 443744 0 0 0
13 496 0 460083 0 0 0
14 494 0 414887 0 0 0
15 498 0 465033 0 0 0
16 493 0 417417 0 0 0
17 495 0 467977 0 0 0
18 496 0 473885 0 0 0
19 491 0 478185 0 0 0
20 490 0 429237 0 0 0
21 499 0 445909 0 0 0
22 501 0 414214 0 0 0
23 489 0 473848 0 0 0
24 495 0 414546 0 0 0
25 502 0 420892 0 0 0
26 502 0 432977 0 0 0
27 499 0 451561 0 0 0
28 488 0 459598 0 0 0
29 504 0 462030 0 0 0
30 503 0 450221 0 0 0
31 501 0 417821 0 0 0
32 495 0 473453 0 0 0
33 491 0 465365 0 0 0
34 501 0 438588 0 0 0
35 502 0 455183 0 0 0
36 491 0 419354 0 0 0
37 499 0 476149 0 0 0
38 494 0 421402 0 0 0
39 494 0 434853 0 0 0
40 498 0 467057 0 0 0
41 497 0 441126 0 0 0
42 493 0 460397 0 0 0
43 494 0 419444 0 0 0
44 491 0 440331 0 0 0
45 497 0 457897 0 0 0
46 504 0 412454 0 0 0
47 497 0 422272 0 0 0
48 497 0 427388 0 0 0
49 491 0 460416 0 0 0
50 493 0 421421 0 0 0
51 498 0 439452 0 0 0
52 491 0 410639 0 0 0
53 482 0 457670 0 0 0
54 492 0 458045 0 0 0
55 505 0 455840 0 0 0
56 501 0 480187 0 0 0
57 496 0 448592 0 0 0
58 496 0 473180 0 0 0
59 500 0 433906 0 0 0
60 488 0 467768 0 0 0
61 492 0 440942 0 0 0
62 491 0 462781 0 0 0
63 501 0 478037 0 0 0
64 493 5.9 28785 237.516 0.060246 1.25896
65 492 4.5929 28542 208.728 0.0595081 1.16456
66 490 5.9 28979 232.942 0.0606522 1.11845
67 490 5.08341 31216 205.234 0.0659535 1.32904
68 494 5.28243 26275 255.416 0.0547509 1.13473
69 499 5.05269 27098 229.671 0.0561182 1.37856
70 488 5.52771 26626 246.9 0.055381 1.26657
71 488 5.9 30006 197.606 0.0638962 1.30803
72 491 5.05436 25331 262.027 0.0522505 1.3252
73 490 5.9 26210 250.744 0.0547656 1.25562
74 487 5.9 26309 263.992 0.0548212 1.26451
75 488 5.9 28915 225.118 0.0608916 1.25696
76 491 4.77009 24676 239.954 0.0509463 1.26876
77 488 5.77762 25899 242.793 0.0539986 1.21603
78 486 5.9 24783 261.785 0.0514396 1.1585
79 499 5.07265 29168 224.825 0.0608227 1.49017
80 499 5.9 23754 248.295 0.049445 1.13684
81 495 5.28813 26671 249.251 0.0554905 1.26675
82 490 5.14342 25198 243.556 0.0521739 1.25074
83 490 5.9 30875 208.461 0.0652714 1.32224
84 487 4.97356 25088 236.357 0.051931 1.20037
85 494 4.79771 26292 235.093 0.0540722 1.28056
86 490 5.9 25637 234.61 0.0534759 1.25938
87 492 5.13789 30870 205.767 0.0648104 1.43399
88 490 4.93051 26031 253.373 0.0536276 1.17844
89 499 4.88868 25451 212.86 0.0527177 1.33479
90 487 5.24795 25906 236.746 0.0538013 1.18905
91 492 4.78921 29182 187.871 0.0614687 1.22209
92 494 5.9 27355 214.849 0.0576403 1.18139
93 491 5.9 27102 203.991 0.0570544 1.25437
94 494 5.06996 27849 214.454 0.0580982 1.20853
95 494 5.9 29895 177.359 0.0641873 1.15215
96 486 4.97287 27297 235.464 0.056667 1.22828
97 494 5.732 26374 249.923 0.0549252 1.32054
98 501 5.9 27318 252.511 0.0570676 1.21165
99 492 5.32207 28319 263.275 0.0590521 1.213
100 506 5.45314 26465 250.806 0.0549501 1.21048
101 482 5.75011 24949 276.539 0.0518283 1.21704
102 492 5.9 26367 269.375 0.0545801 1.36374
103 488 6.38006 25888 280.305 0.053964 1.32179
104 486 5.3592 25118 252.692 0.0521146 1.15691
105 488 5.60473 25149 263.218 0.0521703 1.34493
106 493 5.9 26346 291.762 0.0545008 1.21763
107 498 5.9 26421 287.483 0.0548584 1.45552
108 483 5.9 24631 266.886 0.0510349 1.2194
109 492 5.9 25950 289.559 0.0534499 1.26822
110 497 4.59422 27533 294.626 0.0516047 1.21722
111 490 5.9 27745 292.568 0.0578156 1.37308
112 487 5.9 25007 274.381 0.0514683 1.22073
113 480 5.9 25662 270.514 0.0532684 1.24791
114 490 6.36766 26121 283.473 0.0543893 1.20836
115 501 6.37762 27376 270.807 0.0573699 1.23138
116 486 6.07586 26415 287.774 0.0548399 1.29593
117 493 5.98849 25295 270.63 0.0524024 1.31197
118 490 5.98216 25426 274.232 0.0528158 1.2134
119 497 5.9 26764 265.142 0.0557832 1.28919
120 508 5.46786 26771 248.233 0.0559045 1.22757
121 497 5.86885 24588 266.638 0.0508554 1.37343
122 494 5.9 26339 279.817 0.0545751 1.30122
123 482 5.9 25878 273.661 0.0537854 1.39374
124 489 5.3658 27554 249.381 0.0570963 1.23598
125 495 6.73956 26346 254.581 0.0554661 1.23319
126 495 5.45191 27117 230.192 0.0566897 1.17981
127 487 5.9 27832 275.621 0.0581292 1.40304
128 509 5.9 26381 249.69 0.0550716 1.22536
129 500 5.9 26574 246.016 0.0550715 1.34269
130 501 5.31371 26811 251.042 0.0554756 1.21263
131 506 6.03607 29897 270.111 0.0628494 1.23473
132 506 5.9 24314 276.388 0.0500667 1.28703
133 504 5.9 23842 278.257 0.0490539 1.25282
134 494 5.9 25091 266.168 0.0519468 1.15673
135 500 5.9 26854 257.406 0.055852 1.3276
136 497 5.9 23789 282.811 0.0490188 1.23533
137 506 5.9 25091 298.864 0.0511726 1.17819
138 510 6.04918 24058 286.979 0.0496923 1.2117
139 506 5.9 27754 277.586 0.0576529 1.24551
140 506 5.72244 22374 268.898 0.0460336 1.05364
141 508 6.3224 24919 294.172 0.0512038 1.22092
142 514 5.74671 24507 259.389 0.0502714 1.18485
143 504 5.9 28730 308.98 0.0594061 1.30551
144 500 6.39102 23299 293.38 0.0481921 1.14094
145 508 7.10946 25382 302.583 0.0525525 1.13703
146 508 5.9 24098 282.667 0.0493301 1.11213
147 501 6.0829 28978 287.229 0.0602763 1.32465
148 513 5.9 23589 295.231 0.0485988 1.25268
149 510 5.9 24364 279.51 0.0502895 1.10851
150 503 6.35715 24164 274.865 0.0498264 1.22115
151 505 5.9 27536 274.69 0.0572586 1.2255
152 499 6.05505 24688 298.201 0.0509576 1.18503
153 500 5.9 23714 267.325 0.048893 1.1032
154 498 6.12435 24330 276.168 0.0501865 1.12266
155 515 6.79461 26568 284.808 0.0554386 1.22789
156 501 5.9 26331 274.516 0.0546935 1.14448
157 499 5.9 25979 260.586 0.0538094 1.21558
158 511 6.52238 26817 274.465 0.0556837 1.27504
159 503 5.9 29352 284.591 0.0614321 1.25556
160 495 5.9 26621 267.657 0.0550693 1.25941
161 508 5.9 25800 281.145 0.0532607 1.28124
162 499 5.9 26665 264.331 0.0553186 1.33871
163 504 5.9 27821 281.428 0.0579553 1.26752
164 497 5.9341 24844 297.69 0.0510596 1.30027
165 500 6.40206 24104 297.952 0.0498211 1.2877
166 502 5.9 24479 280.067 0.0503684 1.10811
167 507 5.9 26365 277.645 0.0547324 1.23632
168 497 5.9 24074 278.585 0.0497643 1.14774
169 501 5.9 24500 258.629 0.0507052 1.2335
170 513 5.9 24364 278.269 0.0504875 1.17652
171 509 5.9 27678 271.988 0.0575133 1.32267
172 499 5.9 24579 288.853 0.050334 1.29399
173 496 5.9 25492 262.899 0.0529976 1.19236
174 503 6.41509 25527 284.746 0.052934 1.24168
175 509 5.9 28027 261.014 0.0583935 1.41723
176 506 5.9 23767 279.085 0.0490469 1.20516
177 499 6.32186 25080 271.642 0.0521862 1.25453
178 513 6.10809 25040 282.272 0.0520032 1.25764
179 508 5.9 27805 256.748 0.0578717 1.32145
180 505 6.07543 24507 285.501 0.0508732 1.1573
181 497 3.83912 28017 248.28 0.051461 1.29903
182 510 6.37358 24644 298.877 0.0510466 1.23235
183 503 5.9 26784 259.953 0.0560087 1.17528
184 504 6.12312 24450 277.59 0.0504855 1.28461
185 487 3.96789 28063 254.378 0.0515236 1.21603
186 504 5.63656 25191 258.74 0.0522229 1.18826
187 506 5.9 26526 276.903 0.0550974 1.26982
188 511 4.84069 26285 231.191 0.0545859 1.23628
189 502 5.9 26204 247.557 0.0544833 1.29775
190 515 5.9 26523 241.66 0.0551046 1.3955
191 509 5.9 29370 271.19 0.0616861 1.25666
