0 479 5.10701 27429 256.315 0.0565594 1.17844
1 476 5.12451 27070 212.309 0.056463 1.28595
2 480 5.52852 27383 241.844 0.0568737 1.11437
3 477 6.11714 31335 259.292 0.0661337 1.20406
4 480 5.0769 25381 259.852 0.05249 1.31349
5 477 5.9 25040 240.813 0.0521937 1.1337
6 475 5.9 25429 269.548 0.0526767 1.19706
7 478 5.9 29427 226.125 0.0620373 1.28803
8 475 5.9 24991 260.989 0.0518416 1.22479
9 475 5.75103 25159 226.683 0.0521792 1.15021
10 476 5.9 25546 240.483 0.0528543 1.22469
11 469 5.9 29986 244.354 0.0625367 1.28747
12 468 5.9 25186 229.9 0.0522475 1.24629
13 475 5.8078 25888 209.518 0.0539236 1.03092
14 482 6.0367 25652 227.58 0.0538751 1.18755
15 478 5.9 30992 209.863 0.0657682 1.24829
16 472 5.49811 25490 243.527 0.0527717 1.1797
17 475 5.9 26276 200.434 0.0550156 1.06221
18 479 5.9 26065 237.516 0.0540493 1.18972
19 475 5.9 30863 233.914 0.0647981 1.26204
20 478 5.75557 24682 259.05 0.0512055 1.13459
21 473 5.50756 24926 187.14 0.0524331 1.08826
22 469 5.78892 25481 214.069 0.0531896 1.13934
23 472 5.39712 30088 223.546 0.0628301 1.21921
24 473 4.89797 25826 253.394 0.0531348 1.31722
25 482 5.30809 25483 235.393 0.0530091 1.14958
26 477 5.9 25565 228.369 0.053472 1.27271
27 472 5.9 29690 235.096 0.062552 1.14179
28 483 5.9 27635 227.046 0.0574144 1.0906
29 478 5.76408 28668 241.252 0.0597129 1.17209
30 480 5.9 29170 226.889 0.0613636 1.16558
31 478 5.9 32369 259.902 0.0681515 1.24795
32 484 5.9 27568 214.998 0.0578583 1.20812
33 475 5.35142 25245 209.954 0.0526827 1.24797
34 480 5.9 27152 214.021 0.0565529 1.2534
35 482 5.9 26494 212.922 0.0562812 1.02697
36 483 5.9 25339 252.673 0.0526265 1.32268
37 478 5.43125 24504 225.336 0.0511868 1.24587
38 478 4.00593 25773 236.48 0.0512766 1.36106
39 483 5.9 24910 227.365 0.0522004 1.1504
40 477 5.4165 24989 229.684 0.0523301 1.06071
41 481 5.9 24486 206.699 0.0511012 1.254
42 475 5.9 24719 211.991 0.0519617 1.06006
43 482 5.9 26105 216.241 0.0545999 1.26592
44 486 5.51036 24953 241.431 0.0515721 1.21213
45 478 5.9 24801 203.824 0.0523369 1.15321
46 476 5.9 24941 233.933 0.0522313 1.1482
47 475 5.9 26540 218.396 0.055655 1.1418
48 475 5.87195 24726 240.767 0.0513768 1.00278
49 481 5.9 25208 223.261 0.0527242 1.20665
50 477 5.9 25601 233.916 0.0535314 1.12207
51 485 5.9 26281 201.531 0.0554571 1.23471
52 479 5.9 25392 249.613 0.0528492 1.26323
53 475 7.01414 25333 203.611 0.0540766 1.34653
54 475 5.43693 24779 229.85 0.051365 1.09396
55 474 5.9 22981 0 9.53674e-08 9.93201e+305
56 468 5.16615 25202 252.882 0.0521175 1.17835
57 483 5.24512 24511 222.127 0.0508737 1.20744
58 474 5.60431 24723 254.504 0.0511938 1.30076
59 477 5.9 25111 220.842 0.0524651 1.33199
60 474 5.9 27629 251.863 0.0576407 1.17165
61 474 5.16734 24964 207.422 0.0518272 1.22485
62 477 5.06912 26055 212.243 0.0543875 1.28504
63 481 5.9 26120 205.971 0.0552677 1.11725
64 479 5.9 27929 155.33 0.0603021 1.17996
65 482 5.9 27809 152.062 0.0596667 1.28873
66 474 5.9 28061 144.251 0.0610039 1.18549
67 480 5.9 29679 157.983 0.0613857 1.70972
68 486 5.9 24791 155.862 0.0530121 1.14685
69 472 4.34943 25085 164.24 0.0524236 1.08934
70 483 5.9 24764 154.941 0.0530162 1.36305
71 481 5.9 28847 157.117 0.0630339 1.17057
72 473 5.9 23402 154.409 0.050445 1.07983
73 479 5.9 24774 147.616 0.0529547 1.09073
74 481 5.9 23906 143.76 0.0514352 1.05536
75 481 5.9 29411 157.137 0.0642115 1.16592
76 476 5.9 23396 147.681 0.050445 1.09512
77 485 5.9 24560 137.189 0.0529764 1.10902
78 484 5.9 22453 124.217 0.0475875 1.06613
79 481 5.9 29027 136.938 0.0644979 1.01718
80 474 5.9 22498 149.251 0.0487253 1.00469
81 488 5.9 23950 130.568 0.0521744 1.05314
82 467 5.9 22516 131.644 0.0487789 1.07745
83 476 5.9 29338 139.152 0.0645148 1.12415
84 473 5.9 23365 151.911 0.0502038 1.0837
85 489 5.9 24460 142.634 0.0528872 1.05051
86 490 5.9 22941 130.092 0.0497555 1.131
87 479 5.9 27886 131.925 0.0619951 1.1218
88 481 5.9 24192 146.868 0.0523987 1.11715
89 481 5.9 23627 138.428 0.0503713 1.13076
90 482 5.9 23868 145.282 0.05117 1.05083
91 477 5.9 28146 135.984 0.0616254 1.12514
92 481 5.9 26645 137.939 0.0580869 1.05354
93 483 5.9 26355 132.117 0.0572591 0.991731
94 475 5.9 27550 129.557 0.0607716 0.942305
95 478 5.9 29087 115.513 0.0674783 0.959664
96 468 5.9 27504 135.57 0.0604494 1.01731
97 486 5.9 25817 140.229 0.0563814 0.995481
98 476 5.9 26270 112.788 0.0578331 1.13925
99 482 5.9 27950 147.041 0.0608145 1.07931
100 479 5.9 24722 150.344 0.0535964 1.00323
101 481 5.9 23432 139.598 0.0512967 0.895424
102 486 5.9 24668 138.212 0.0534482 1.07188
103 485 5.9 24974 142.564 0.0542838 0.993225
104 477 5.9 23496 149.554 0.050702 1.09885
105 483 5.9 23153 141.388 0.0505656 1.18293
106 483 5.9 23709 154.211 0.0512408 1.05236
107 474 5.9 25926 140.528 0.0567854 0.983949
108 476 5.9 23369 149.467 0.0503978 1.0421
109 485 5.9 23850 143.272 0.0521345 0.944914
110 472 5.9 22572 128.058 0.0494828 1.13865
111 471 5.9 26255 144.595 0.0564487 1.30994
112 484 5.9 23266 145.059 0.050817 1.13537
113 477 5.9 23094 156.574 0.0491121 1.24722
114 482 5.9 23046 147.966 0.0495471 0.945251
115 479 5.9 26278 169.07 0.0561087 1.17328
116 481 5.9 24065 160.652 0.0521962 0.865877
117 479 5.9 23971 157.677 0.0511477 1.04002
118 484 5.9 23052 142.204 0.0499685 1.09971
119 477 5.9 25210 168.47 0.0531871 1.19088
120 467 5.9 25171 170.513 0.0537671 1.06824
121 477 4.54502 23279 168.041 0.0486895 1.16972
122 482 5.9 24475 180.056 0.0516677 1.31326
123 484 5.9 24670 178.172 0.0523219 1.17098
124 485 5.9 27695 162.897 0.059717 0.937161
125 478 5.9 26134 157.744 0.055932 1.05897
126 471 5.9 26666 166.188 0.0569094 1.01639
127 481 5.9 26791 176.459 0.0573047 1.05775
128 491 5.9 25156 146.827 0.0541738 1.086
129 494 5.9 24478 125.825 0.0531134 1.11011
130 498 5.9 24529 123.43 0.0538547 1.07553
131 496 5.9 26236 117.107 0.0597515 1.0446
132 496 5.9 22282 135 0.0482491 1.13757
133 494 5.9 21056 121.737 0.045734 1.01292
134 498 5.9 21971 132.038 0.0478003 1.1123
135 492 5.9 23621 91.1249 0.0530157 1.19854
136 497 5.9 21098 103.446 0.0475399 0.956132
137 496 5.9 21368 127.31 0.0450697 1.15461
138 498 5.9 21160 115.933 0.0452254 1.15898
139 495 5.9 25124 111.489 0.0541082 1.29566
140 494 5.9 21796 115.219 0.0479702 1.06323
141 498 5.9 21523 97.0852 0.048178 1.01132
142 497 5.9 20843 72.203 0.0600032 1.15417
143 494 5.9 25797 117.709 0.0573567 1.13286
144 500 5.9 20918 118.634 0.0457941 1.11086
145 488 5.9 22290 108.428 0.0485134 1.01388
146 494 5.9 21680 117.821 0.0462813 1.06853
147 497 5.9 26378 127.781 0.0581676 1.22596
148 498 5.9 21540 118.716 0.0469906 1.0494
149 495 5.9 21527 119.165 0.0466935 1.22599
150 487 5.9 20948 121.125 0.0442143 1.0321
151 495 5.9 25160 115.751 0.0564902 0.99691
152 499 5.9 22850 123.449 0.0502864 1.20146
153 500 5.9 21457 123.309 0.0464878 1.10752
154 497 5.9 22406 124.899 0.0488879 1.14664
155 484 5.9 24683 124.906 0.0537448 1.2717
156 498 5.9 25112 119.662 0.0554675 1.07627
157 496 5.9 25566 131.281 0.0559588 0.987795
158 494 5.9 25157 111.038 0.0560841 1.06437
159 503 5.9 26479 132.607 0.0585044 1.09171
160 489 5.9 25493 124.795 0.0558958 0.997359
161 494 5.9 23719 117.356 0.0522025 1.07361
162 490 5.9 25590 127.964 0.0562051 1.21449
163 486 5.9 24896 138.923 0.0544754 1.06407
164 504 5.9 22268 119.921 0.04978 1.15671
165 494 5.9 21962 124.981 0.0479349 1.13658
166 483 5.9 22269 124.835 0.0487218 0.938908
167 493 5.9 23536 133.538 0.0505467 1.11282
168 495 5.9 22822 128.875 0.0497767 1.06256
169 490 5.9 22231 118.477 0.0467817 1.17265
170 491 5.9 22475 121.07 0.0491465 1.01934
171 505 5.9 23421 121.656 0.0516454 1.22478
172 495 5.9 22495 117.595 0.0490948 1.26416
173 491 5.9 22660 102.384 0.0508043 1.16267
174 506 5.9 22182 106.216 0.0477861 1.08608
175 492 5.9 24066 116.64 0.0526004 1.04545
176 496 5.9 21501 110.195 0.0457347 1.24556
177 487 5.9 21679 97.3023 0.0475187 1.02417
178 494 5.9 21135 101.382 0.0472819 0.905025
179 492 5.9 23691 119.351 0.0498386 1.16879
180 500 5.9 21407 114.792 0.0457417 1.14641
181 497 5.9 22391 113.012 0.0475506 1.2157
182 496 5.9 21239 115.485 0.0471089 1.00962
183 499 5.9 23587 117.283 0.0519718 1.17191
184 484 5.9 22791 134.23 0.0492705 0.934712
185 487 5.9 22260 131.286 0.0478291 1.09327
186 495 5.9 22375 138.936 0.0481893 1.11572
187 496 5.9 23042 104.517 0.0510011 0.980631
188 499 5.9 24715 116.509 0.0536948 1.19485
189 493 5.9 24070 129.07 0.0517858 1.104
190 497 5.9 24272 110.638 0.053101 1.29439
191 501 5.9 24847 117.901 0.055542 1.21688
