0 572 5.9 29636 180.689 0.063016 1.04034
1 554 3.92986 30589 182.556 0.0626735 1.07273
2 559 5.9 29726 189.44 0.063143 1.19312
3 564 5.9 33612 172.307 0.073575 1.09637
4 561 5.9 27638 201.881 0.0581312 1.20758
5 567 5.38527 27627 195.947 0.0580678 1.09002
6 561 5.9 27556 180.574 0.0587143 1.08168
7 561 5.9 30948 194.103 0.0655956 1.192
8 560 5.9 26711 205.993 0.0560318 1.18638
9 563 5.9 27593 161.707 0.0586143 1.07933
10 563 5.56588 27123 166.086 0.0572096 1.12631
11 561 5.9 31335 177.578 0.0678262 1.19371
12 565 5.9 26695 193.476 0.0564747 1.19196
13 575 5.9 27911 188.629 0.0593133 1.08087
14 562 5.9 27255 188.692 0.0573324 1.1282
15 567 5.9 31833 175.843 0.0685639 1.04169
16 557 5.9 27108 209.095 0.0569555 1.17275
17 553 5.9 27840 174.172 0.0596217 0.84202
18 565 6.18462 27161 176.468 0.0575907 1.03867
19 560 5.9 32286 179.89 0.0697553 1.09099
20 570 5.9 26240 198.095 0.0553552 1.26647
21 570 5.9 27822 182.956 0.0590235 1.12144
22 556 4.90407 27881 193.122 0.0580291 1.14674
23 558 5.9 31529 177.617 0.0680847 1.16518
24 551 5.31057 27443 198.266 0.057598 1.18586
25 559 6.19473 26984 208.079 0.0566262 1.15987
26 558 5.71874 27987 194 0.0585381 1.45111
27 570 5.9 31098 180.844 0.067097 0.979167
28 554 5.9 29050 187.84 0.0616515 1.17367
29 565 5.9 29403 198.077 0.0621471 1.06229
30 568 5.72917 30329 189.246 0.0646587 1.03931
31 559 5.9 32828 198.379 0.0706969 1.06327
32 548 5.9 28853 183.145 0.0614159 1.07301
33 567 5.9 26182 168.772 0.0558222 1.24201
34 558 5.9 27958 186.967 0.0593193 1.28789
35 567 5.9 25797 183.873 0.0548832 1.05581
36 568 5.9 27285 198.052 0.0575821 1.24015
37 556 5.9 24495 180.431 0.0522905 1.16154
38 569 5.9 25879 186.444 0.055226 1.07208
39 563 5.9 24587 180.88 0.0520855 1.21599
40 561 5.9 26585 194.037 0.0561494 1.191
41 558 4.5985 25176 168.309 0.0530549 1.21623
42 560 5.26682 26159 205.146 0.054844 1.26093
43 559 5.9 25489 176.221 0.0539387 1.23459
44 564 5.9 26285 217.315 0.0551922 1.16835
45 565 5.9 25474 161.929 0.0544997 0.998151
46 563 5.9 25532 181.537 0.0536387 1.14886
47 572 5.9 26476 178.407 0.056251 1.17509
48 563 5.9 26355 204.096 0.0553123 1.34541
49 565 5.9 24963 158.756 0.0537617 1.02806
50 565 4.41826 26327 168.134 0.0549791 1.15357
51 557 5.9 26318 184.261 0.055363 1.38938
52 557 5.9 26504 197.317 0.0561592 1.21765
53 559 5.9 24562 163.807 0.0524466 1.2276
54 559 5.32756 25700 180.846 0.0541351 1.06448
55 564 5.9 25940 185.093 0.0549465 1.20177
56 549 5.9 27011 197.057 0.0569192 1.07922
57 557 5.9 24027 217.546 0.0498341 1.37479
58 568 5.9 25265 207.224 0.0529261 1.27921
59 560 5.9 24897 181.302 0.0527604 1.12784
60 567 5.9 29921 193.182 0.0634679 1.15566
61 564 5.9 25891 179.043 0.0549893 1.15154
62 558 5.9 27089 179.635 0.0570495 1.25777
63 565 5.9 26732 179.131 0.0569218 1.09587
64 494 5.9 29309 146.607 0.0626974 1.07461
65 498 5.9 29171 119.691 0.0682089 1.17926
66 499 5.9 29705 139.271 0.0665982 1.16401
67 498 5.9 19972 63.4006 0.0605475 7.05341
68 496 5.9 26083 170.042 0.0548591 1.08758
69 492 5.9 27524 96.1637 0.0713569 4.39729
70 496 5.50325 26638 169.641 0.0558178 0.955336
71 492 6.67835 21262 82.9698 0.0643762 1.27227
72 499 4.82621 26302 156.529 0.0547761 1.0573
73 492 5.9 27377 127.695 0.0629529 1.02419
74 493 5.9 27225 149 0.0592076 1.04968
75 500 5.9 24239 75.4311 0.0758838 1.12064
76 505 5.9 25638 134.831 0.0550581 1.14168
77 493 5.9 26922 120.808 0.0631192 1.27602
78 489 5.9 25734 143.303 0.0549143 0.932961
79 499 5.9 25812 86.1454 0.0771569 1.09198
80 494 5.9 25082 140.332 0.0536102 0.950097
81 496 5.9 26594 116.093 0.0627811 1.25934
82 492 5.9 25786 133.977 0.05869 1.05787
83 496 5.9 28250 95.3251 0.0786264 1.01949
84 497 5.9 26463 153.222 0.0559619 0.982246
85 497 5.9 26897 118.101 0.063921 1.33521
86 486 5.9 26707 141.608 0.0568709 1.14909
87 509 5.9 29097 101.274 0.0769246 0.944316
88 497 5.9 27039 169.483 0.0568275 0.98715
89 507 5.9 26728 141.446 0.0572851 0.909678
90 494 5.9 26801 154.879 0.0569492 0.924644
91 493 5.9 26962 90.4498 0.0761386 1.06207
92 501 5.9 29471 136.66 0.0633878 0.994359
93 501 5.9 29541 132.839 0.0637065 1.04413
94 492 4.7747 29650 107.375 0.0697439 3.33365
95 492 5.9 22378 111.822 0.0585273 1.08666
96 497 5.9 29747 145.222 0.0648795 0.826749
97 500 5.9 28263 142.429 0.0620245 0.864074
98 496 5.9 29651 143.532 0.0651164 1.07087
99 508 5.9 28768 104.42 0.0663078 4.28774
100 494 5.9 27790 154.997 0.0590804 0.931153
101 487 5.9 26234 176.726 0.0549278 1.10936
102 493 5.9 27320 166.218 0.0577597 1.08362
103 500 5.9 27549 160.157 0.0583203 1.08221
104 502 5.9 26831 152.261 0.0570584 0.873822
105 497 5.9 26252 149.09 0.0559392 1.15623
106 489 5.9 26771 162.11 0.0567583 1.03777
107 492 5.9 27852 175.1 0.0586798 1.12168
108 502 5.9 25710 118.898 0.0599138 1.14554
109 499 6.23717 26801 134.743 0.0624546 1.46003
110 496 5.05419 26040 157.046 0.0542726 1.06417
111 504 5.9 29063 168.318 0.0614599 1.01017
112 502 5.9 25427 123.193 0.0584407 1.12449
113 500 5.9 26451 124.046 0.0621759 1.41813
114 503 5.9 26078 146.801 0.0566338 1.00998
115 501 5.9 28359 168.074 0.0600265 0.966925
116 497 5.9 26479 165.194 0.0558233 0.965274
117 497 5.9 25131 176.728 0.0523592 1.20941
118 501 5.9 26078 182.679 0.0547215 0.916872
119 494 5.9 27122 179.037 0.0568056 1.20203
120 497 5.9 26293 171.876 0.055045 1.10732
121 495 5.9 24955 177.85 0.0526589 1.14271
122 503 4.74009 26684 167.776 0.0552608 1.26468
123 497 5.9 26479 167.943 0.0558836 1.08141
124 496 5.9 28404 163.792 0.0603523 0.973283
125 506 5.9 27641 165.803 0.0585299 1.08607
126 499 5.9 28212 148.548 0.0602573 1.02578
127 498 5.9 27748 144.599 0.0606022 0.967185
128 515 5.9 25942 152.846 0.0545906 1.0567
129 513 5.9 25703 153.918 0.054526 1.16665
130 520 5.9 25843 151.751 0.0556856 0.956018
131 507 7.09228 17969 147.642 0.0408094 1.03946
132 513 5.9 23189 177.406 0.048369 0.943833
133 518 5.9 23010 185.042 0.0479757 0.87975
134 513 5.9 24155 179.256 0.0509623 1.07275
135 514 5.9 20566 110.436 0.0545877 1.34365
136 515 5.9 23400 169.462 0.0496959 0.980308
137 507 5.9 24165 177.84 0.0504369 0.94533
138 518 5.9 23633 167.328 0.0498331 0.931317
139 523 5.9 23452 115.964 0.0640459 1.09149
140 527 5.9 22601 165.444 0.0476593 0.964823
141 511 5.9 23730 197.079 0.0495678 1.06209
142 515 5.9 23338 180.246 0.0488239 1.12945
143 508 5.9 22674 114.65 0.0612827 1.38684
144 515 5.9 22699 145.098 0.0490539 1.09464
145 512 5.9 23449 178.902 0.0493322 1.09369
146 513 5.9 22383 178.417 0.0471988 0.985131
147 510 5.9 23960 113.385 0.0658314 1.17293
148 518 5.9 23548 164.558 0.0498754 0.959739
149 522 5.9 24542 156.904 0.0522719 1.09697
150 513 5.9 24402 145.971 0.0523349 1.03559
151 516 5.9 23401 103.02 0.0655289 0.967861
152 508 5.9 24769 177.628 0.0519927 1.03176
153 514 5.9 23913 172.324 0.0503193 1.08902
154 508 5.9 24564 186.818 0.0509283 1.03177
155 515 5.9 21382 81.3031 0.0660477 1.16478
156 519 5.9 26256 164.4 0.0561212 0.935982
157 513 5.9 25094 149.134 0.0545647 1.03678
158 510 5.9 27527 176.298 0.0575884 0.953819
159 514 5.9 18135 119.113 0.0439911 1.24484
160 510 5.9 26321 132.818 0.0604158 1.0279
161 517 5.9 25598 180.854 0.0540026 1.04655
162 509 5.9 27235 173.994 0.0582455 0.903416
163 514 5.9 25105 136.885 0.0592908 1.09208
164 515 5.9 24055 187.358 0.0508451 0.946391
165 524 5.9 22926 192.177 0.0482874 1.08371
166 515 5.9 23516 201.557 0.0495312 0.954838
167 511 5.9 24704 184.055 0.0520748 1.03012
168 515 5.9 23918 157.134 0.0505156 1.00381
169 509 5.9 23093 192.138 0.048816 0.985945
170 508 5.9 24282 181.579 0.0512119 0.858713
171 504 5.9 25634 195.001 0.0539412 0.940541
172 520 5.9 23885 175.066 0.0500684 1.14256
173 511 5.9 23443 188.994 0.0496161 0.892936
174 515 5.9 23922 187.846 0.0500669 0.954292
175 509 5.9 25738 194.209 0.054152 1.02082
176 515 5.9 23426 177.729 0.0492379 1.02453
177 518 5.9 22893 198.405 0.0481345 0.942863
178 522 5.9 23786 188.57 0.0499246 0.960579
179 512 5.9 26079 205.294 0.0544002 1.02136
180 528 5.9 23847 176.079 0.0498547 1.02381
181 532 5.9 23597 188.855 0.049041 1.03379
182 517 5.9 24017 181.958 0.05037 0.935128
183 505 5.9 25185 199.877 0.0526957 1.00737
184 518 5.9 23828 196.7 0.0494578 1.06097
185 512 5.9 22172 214.081 0.0459823 1.03894
186 517 5.9 23897 207.638 0.0495963 1.14867
187 523 5.9 25809 213.966 0.0536833 0.980178
188 521 5.9 26569 163.001 0.0568648 1.0302
189 514 5.9 25013 180.124 0.052532 0.975561
190 528 5.9 25799 175.599 0.0540699 1.11301
191 505 5.9 26954 123.342 0.0675756 1.32485
