0 536 0 472768 0 0 0
1 553 0 464094 0 0 0
2 552 0 436307 0 0 0
3 544 0 426208 0 0 0
4 543 0 450421 0 0 0
5 551 0 471001 0 0 0
6 550 0 426511 0 0 0
7 547 0 392173 0 0 0
8 548 0 465633 0 0 0
9 543 0 469452 0 0 0
10 548 0 431104 0 0 0
11 549 0 430951 0 0 0
12 563 0 436746 0 0 0
13 550 0 465920 0 0 0
14 541 0 475693 0 0 0
15 551 0 412785 0 0 0
16 547 0 423470 0 0 0
17 549 0 465357 0 0 0
18 547 0 430808 0 0 0
19 552 0 459550 0 0 0
20 549 0 399923 0 0 0
21 556 0 417681 0 0 0
22 551 0 428643 0 0 0
23 557 0 420366 0 0 0
24 535 0 473578 0 0 0
25 549 0 477253 0 0 0
26 555 0 468457 0 0 0
27 551 0 453671 0 0 0
28 553 0 456568 0 0 0
29 554 0 431032 0 0 0
30 553 0 416060 0 0 0
31 547 0 423194 0 0 0
32 554 0 410932 0 0 0
33 553 0 411599 0 0 0
34 561 0 423873 0 0 0
35 546 0 434393 0 0 0
36 545 0 471513 0 0 0
37 544 0 435707 0 0 0
38 556 0 426028 0 0 0
39 550 0 417624 0 0 0
40 556 0 407895 0 0 0
41 546 0 414818 0 0 0
42 543 0 414624 0 0 0
43 544 0 449976 0 0 0
44 546 0 418816 0 0 0
45 550 0 414301 0 0 0
46 545 0 473530 0 0 0
47 554 0 439279 0 0 0
48 556 0 455105 0 0 0
49 549 0 472181 0 0 0
50 540 0 436191 0 0 0
51 549 0 480416 0 0 0
52 545 0 475843 0 0 0
53 546 0 458540 0 0 0
54 536 0 479547 0 0 0
55 547 0 454277 0 0 0
56 544 0 409176 0 0 0
57 563 0 483699 0 0 0
58 551 0 470057 0 0 0
59 554 0 410743 0 0 0
60 544 0 416439 0 0 0
61 549 0 466334 0 0 0
62 547 0 439472 0 0 0
63 551 0 436437 0 0 0
64 570 5.75831 29023 297.287 0.0605328 1.25746
65 579 7.32797 26658 276.763 0.0556799 1.08083
66 577 5.9 29002 311.051 0.060121 1.30078
67 582 5.9 28893 234.107 0.0609589 1.16503
68 578 6.36722 26349 333.314 0.0545251 1.32244
69 582 7.52697 26610 322.953 0.0555315 1.26133
70 567 6.49262 27436 308.792 0.0572726 1.28115
71 579 5.9 30472 306.314 0.0635475 1.38925
72 579 5.9 25821 356.145 0.052671 1.21779
73 565 7.17468 26860 308.005 0.0559351 1.21638
74 574 7.14787 25836 323.405 0.053854 1.21417
75 577 5.9 30930 287.324 0.0649045 1.37385
76 579 5.87635 25165 323.088 0.0518257 1.22956
77 577 5.9 27329 306.133 0.0558002 1.20411
78 570 7.39643 25121 328.982 0.0516808 1.35655
79 574 5.9 32499 340.208 0.0669556 1.60543
80 583 5.9 25839 343.158 0.0526681 1.21176
81 579 5.9 26439 291.543 0.0542482 1.26558
82 576 5.9 25595 323.626 0.0514513 1.20839
83 570 5.9 30779 305.791 0.0639719 1.42323
84 582 5.9 24670 325.055 0.0505976 1.19994
85 583 7.43341 26386 301.491 0.0550986 1.31058
86 577 5.9 26787 319.886 0.0542381 1.14835
87 574 5.9 30666 312.618 0.0636821 1.4451
88 575 6.5618 27131 321.89 0.0566243 1.17499
89 574 6.85295 27622 304.156 0.0574095 1.33041
90 576 5.9 28668 322.344 0.0578485 1.29378
91 585 5.9 30409 302.03 0.0630344 1.45058
92 578 5.9 29710 298.163 0.061832 1.26379
93 574 6.83922 30504 296.929 0.063846 1.16334
94 573 5.9 30365 303.826 0.0626126 1.3463
95 572 5.9 33110 324.117 0.0692038 1.314
96 587 8.06489 29799 347.465 0.0622808 1.29455
97 579 5.9 29079 313.418 0.0601245 1.2481
98 577 6.01488 30418 316.346 0.0631991 1.27832
99 571 5.9 31844 334.054 0.0665664 1.37564
100 576 6.88058 27489 310.872 0.0573225 1.34879
101 587 5.9 26759 343.242 0.0542636 1.30262
102 581 5.9 27273 328.684 0.0558737 1.3156
103 580 5.9 29387 313.195 0.0610916 1.31699
104 585 5.9 25887 322.372 0.0527329 1.15348
105 581 6.86576 26440 327.991 0.0550901 1.35545
106 572 5.9 25885 331.544 0.0532236 1.23104
107 578 5.9 29591 333.808 0.06144 1.25022
108 579 7.52036 25445 347.118 0.0528721 1.23279
109 572 5.9 25721 320.161 0.0528624 1.24748
110 579 7.48331 24986 348.724 0.0521476 1.33179
111 576 5.9 29605 296.214 0.061996 1.26611
112 586 5.9 25999 330.732 0.0531485 1.29968
113 571 3.92963 31582 322.801 0.0535801 1.20608
114 578 7.08309 24964 324.157 0.0515277 1.35403
115 577 5.9 28072 333.549 0.0585488 1.27137
116 571 6.74716 25202 327.951 0.0521367 1.30833
117 570 7.43025 24914 317.177 0.0520459 1.13497
118 574 5.9 25886 343.591 0.0526601 1.32213
119 573 5.9 28377 358.46 0.0586941 1.38103
120 572 6.58563 26662 338.157 0.0551621 1.30702
121 572 5.9 25147 333.359 0.051437 1.25217
122 582 5.9 25624 314.55 0.0527 1.28712
123 574 6.23635 26927 326 0.055996 1.2918
124 580 5.9 28809 307.825 0.0597937 1.26259
125 581 5.9 27536 334.36 0.0559157 1.4949
126 573 7.1372 27856 340.981 0.0580315 1.17872
127 584 5.9 29593 378.696 0.0615917 1.26865
128 549 5.9 27162 335.212 0.0552138 1.08121
129 542 5.9 27221 323.285 0.0552688 1.13786
130 559 5.9 27972 317.153 0.0557812 1.15484
131 544 5.9 29478 284.81 0.0612383 1.04682
132 543 6.85938 24224 361.169 0.0492481 1.15861
133 556 7.82559 24176 330.724 0.0494321 1.06303
134 544 5.9 24859 329.054 0.049313 1.11149
135 537 5.9 27836 314.319 0.0568174 1.08149
136 559 5.9 22836 334.328 0.0457053 1.20775
137 544 5.9 24126 326.595 0.0480734 1.25384
138 554 5.9 23051 327.857 0.0461845 1.22257
139 558 5.9 28122 301.071 0.0576418 1.16243
140 551 5.9 23004 324.329 0.046428 1.22106
141 550 6.84275 23303 308.396 0.0474265 1.16078
142 556 7.59179 22304 309.047 0.0451369 1.20766
143 551 5.9 28459 352.155 0.057598 1.45879
144 542 6.6388 23302 339.394 0.0474914 1.12614
145 557 5.9 22720 288.837 0.0462 1.11496
146 542 7.25151 22837 310.541 0.046476 1.16535
147 539 5.9 28251 329.135 0.0576289 1.21182
148 548 6.93596 23075 342.521 0.0472465 1.23578
149 563 6.86391 24661 292.885 0.0509373 1.11355
150 549 7.27574 23568 309.004 0.0479782 1.2575
151 554 5.9 27901 342.317 0.0568224 1.22
152 545 6.03328 24812 307.315 0.0512391 1.12158
153 548 6.99267 25019 306.732 0.0516965 1.29916
154 548 6.52282 24591 288.174 0.0508161 1.15803
155 548 5.9 28243 295.802 0.0581326 1.26565
156 556 5.9 27891 324.154 0.0571962 1.28365
157 553 6.84059 26947 311.062 0.0556119 1.15819
158 555 5.9 27505 297.014 0.0566534 1.14906
159 547 5.9 30658 303.579 0.06282 1.2406
160 552 6.69166 27339 325.998 0.0566145 1.09262
161 554 5.9 27763 310.805 0.0570951 1.39772
162 544 5.9 27705 328.04 0.0571395 1.16559
163 548 5.9 30830 336.934 0.0642617 1.25913
164 541 5.9 25694 334.302 0.0528026 1.28086
165 553 6.33118 25039 294.869 0.051761 1.33919
166 558 5.9 26214 318.866 0.0535975 1.23522
167 545 5.9 27432 320.453 0.0563443 1.2799
168 544 5.9 24213 339.244 0.0491718 1.32932
169 549 6.99871 25834 300.366 0.053545 1.19264
170 549 7.58092 24479 344.971 0.0502018 1.14051
171 547 5.9 28940 310.456 0.0597863 1.32279
172 544 7.13379 23756 354.479 0.0487925 1.2925
173 555 6.79993 24431 329.825 0.0500353 1.23898
174 556 5.9 24735 333.885 0.0493111 1.20279
175 555 5.9 28557 331.101 0.0585221 1.26044
176 543 7.3061 23978 364.918 0.0490879 1.33122
177 550 5.9 24901 313.22 0.0508879 1.13384
178 542 3.91664 30593 342.201 0.0481545 1.23531
179 548 5.9 28630 312.244 0.0592577 1.17218
180 541 5.9 23804 352.528 0.0476518 1.09587
181 548 5.9 25537 283.037 0.0521761 1.24061
182 540 6.90696 24210 340.437 0.0492617 1.2071
183 560 5.9 28518 361.044 0.0584411 1.15007
184 557 6.09107 25229 384.013 0.0497718 1.30324
185 543 4.4943 28609 366.546 0.0497361 1.1538
186 552 7.60514 25067 365.985 0.0514512 1.12227
187 546 5.9 27815 362.912 0.0566382 1.22327
188 550 7.87769 27530 361.873 0.0565024 1.13698
189 550 5.9 28285 354.915 0.0574814 1.20707
190 554 8.60995 27471 373.811 0.0566735 1.22617
191 552 5.9 29765 410.649 0.0604575 1.24155
