0 545 5.9 24545 233.342 0.0516115 1.15642
1 549 5.9 26238 213.673 0.055686 1.06261
2 550 5.8251 25625 233.798 0.0537683 1.27467
3 549 5.9 28499 184.173 0.0623945 1.08068
4 537 5.9 22070 235.715 0.0461469 1.21618
5 544 5.35554 24056 224.556 0.0503749 1.04262
6 553 5.9 23089 229.695 0.0481446 1.34983
7 547 5.9 28055 208.319 0.0601686 1.18048
8 545 5.9 21307 225.227 0.0449366 1.14083
9 537 5.53301 22880 222.974 0.0479311 1.12389
10 543 5.23258 21203 217.804 0.0443734 1.13139
11 544 5.9 27576 200.959 0.0590369 1.17173
12 557 5.07985 21381 218.462 0.0446363 1.22169
13 554 5.9 21670 213.473 0.0457103 1.22263
14 549 5.9 20619 205.91 0.0437376 1.13706
15 547 5.9 27424 200.007 0.0589808 1.36315
16 544 4.86578 21814 237.363 0.0452084 1.27333
17 547 5.12829 22623 226.374 0.0472372 1.28141
18 544 5.9 21221 223.782 0.0445534 1.29634
19 544 5.9 28524 205.004 0.0612971 1.24051
20 553 4.67426 23152 239.241 0.0481185 1.1683
21 544 5.9 23602 210.233 0.0498938 1.37703
22 550 5.311 23245 221.139 0.0487249 1.32419
23 544 5.9 29464 205.601 0.063433 1.36938
24 545 5.02915 24229 249.941 0.0506151 1.35425
25 539 4.89241 25501 215.967 0.0535984 1.34007
26 548 5.9 25013 225.667 0.0529872 1.23162
27 543 5.01963 29163 211.159 0.0619036 1.41787
28 540 4.66813 26648 250.481 0.0554778 1.26432
29 544 5.9 28164 211.117 0.0597797 1.27874
30 549 5.85279 27293 216.494 0.0579031 1.28835
31 533 5.9 31767 208.909 0.068207 1.39858
32 547 5.9 26635 266.095 0.0557142 1.25123
33 544 5.9 26390 243.617 0.0557596 1.11154
34 550 5.9 27020 262.016 0.0567297 1.27255
35 555 5.9 27231 286.009 0.0574078 1.39976
36 552 5.9 24299 246.785 0.0511878 1.26258
37 542 5.9 24615 257.09 0.0517139 1.19056
38 553 5.13111 24968 249.637 0.0522268 1.26244
39 539 5.9 25426 253.186 0.0534381 1.25991
40 556 4.81713 23392 242.134 0.0487345 1.21097
41 537 4.42928 24378 233.976 0.0506919 1.18557
42 541 5.9 23535 272.952 0.0492433 1.19701
43 550 5.9 25631 256.894 0.0538579 1.40748
44 543 5.9 21821 239.821 0.045684 1.14367
45 542 4.83763 23113 238.936 0.0482598 1.16173
46 544 5.9 23128 254.678 0.0483984 1.17212
47 547 5.9 24946 246.588 0.0524916 1.27603
48 549 5.9 22643 217.982 0.0476355 1.2034
49 540 4.75984 22962 228.5 0.0476436 1.21643
50 547 5.9 22413 245.141 0.0468886 1.14302
51 548 5.9 24531 249.685 0.0515062 1.2302
52 538 5.9 22171 236.248 0.0466706 1.09554
53 533 5.9 22246 222.422 0.0468819 1.16786
54 543 5.9 22661 239.152 0.0473861 1.27486
55 543 5.9 24223 235.902 0.0507967 1.34476
56 541 5.9 23393 245.046 0.0489806 1.07503
57 547 5.9 22988 241.007 0.0480414 1.17035
58 551 5.30326 23790 245.433 0.0496053 1.12734
59 544 5.9 23574 248.737 0.0490757 1.30448
60 546 5.9 25321 227.5 0.0534091 1.13031
61 545 5.9 24013 204.712 0.0513337 1.08011
62 542 3.92724 27007 221.533 0.0550282 1.34069
63 548 5.9 24905 218.567 0.0527948 1.2207
64 456 5.3178 29649 293.699 0.0616355 1.3182
65 469 5.9 29416 303.593 0.0615032 1.32638
66 466 7.65549 29807 307.865 0.0627851 1.42993
67 463 6.82387 33495 316.829 0.0714203 1.2941
68 455 5.57187 28719 306.978 0.059757 1.32137
69 464 6.55047 28219 341.879 0.0590435 1.30932
70 462 6.31828 28536 302.36 0.0597143 1.3844
71 471 6.55771 31908 303.694 0.0676829 1.32621
72 473 5.13568 28243 302.893 0.0580662 1.40114
73 462 6.49884 28767 308.984 0.0602784 1.26306
74 456 5.9696 28688 326.968 0.0587251 1.66832
75 464 6.13737 32480 287.89 0.0687976 1.44148
76 456 4.88697 27789 300.598 0.0576433 1.25032
77 456 6.87978 27241 295.29 0.0572917 1.38122
78 457 6.77251 27930 322.179 0.0583857 1.47199
79 469 6.62057 32780 315.722 0.069806 1.39343
80 463 5.9 27529 307.633 0.0572804 1.38117
81 455 6.50202 26893 296.028 0.0564099 1.30184
82 459 6.76517 26343 308.89 0.055191 1.23029
83 457 5.9 33244 306.943 0.0699398 1.61056
84 459 5.30591 27018 298.99 0.0563246 1.33096
85 450 6.33494 27771 284.976 0.0580738 1.44294
86 468 6.88033 27260 319.654 0.0574975 1.4354
87 462 5.9 32869 282.518 0.0698659 1.51343
88 459 5.13149 28174 300.49 0.0585386 1.37309
89 459 5.80638 28227 273.575 0.0594655 1.38019
90 471 6.29677 28683 282.374 0.0603279 1.40689
91 459 5.9 32014 247.506 0.0684942 1.52477
92 463 4.8142 30409 285.814 0.0636232 1.40046
93 455 5.11674 30300 247.479 0.0637524 1.32511
94 460 6.25518 29834 268.012 0.0633076 1.39967
95 465 5.9 33888 247.242 0.0726185 1.48797
96 464 5.49429 30252 269.024 0.0636098 1.41661
97 465 5.51357 29055 283.147 0.06071 1.43973
98 462 5.67378 30394 296.468 0.063835 1.34665
99 457 5.9 28391 315.165 0.0596677 1.33501
100 452 6.34572 28591 311.643 0.0599764 1.45502
101 454 5.73999 26858 288.825 0.0560372 1.44581
102 470 5.78632 28575 308.097 0.0597814 1.39085
103 470 5.9 26943 305.822 0.0563093 1.33861
104 462 6.23212 27837 320.808 0.0583493 1.35557
105 458 6.31596 27129 287.289 0.0572798 1.24752
106 467 5.8716 27074 293.324 0.0567101 1.18521
107 476 5.9 27954 286.144 0.0588949 1.37255
108 469 6.2768 27579 322.041 0.0577731 1.21347
109 467 5.56102 26547 289.791 0.0552227 1.31712
110 460 5.9 27381 313.015 0.0568284 1.27368
111 457 5.9 27373 273.955 0.0574284 1.31797
112 466 6.03626 28413 297.31 0.0594929 1.32532
113 459 5.9 26740 284.925 0.0559396 1.25938
114 470 6.86043 27188 324.995 0.056926 1.29551
115 459 5.9 26812 308.239 0.0561601 1.21525
116 477 6.65561 27919 317.666 0.0582439 1.24646
117 456 6.07272 26362 300.348 0.055045 1.21131
118 461 6.0596 27515 309.58 0.057251 1.24504
119 465 4.81738 27349 300.646 0.056919 1.16171
120 463 6.11762 28234 307.473 0.0589045 1.20324
121 466 5.9 26248 317.907 0.0547463 1.23956
122 465 5.70501 27716 314.362 0.0574377 1.26569
123 460 5.48267 25852 296.948 0.0536935 1.34314
124 455 5.86079 28963 304.682 0.0604827 1.25554
125 464 5.73582 26922 282.731 0.0560173 1.24141
126 468 6.05351 28190 297.004 0.0585527 1.37756
127 472 5.9 27384 318.694 0.0572519 1.25696
128 503 5.9 26118 171.123 0.0562165 1.08315
129 496 5.9 25424 151.001 0.0550625 1.19723
130 499 5.9 25844 158.656 0.0557328 1.03761
131 504 5.9 27169 162.611 0.0597274 1.07284
132 505 5.9 24153 170.686 0.0515147 1.35125
133 500 5.9 24032 176.993 0.0512788 1.13008
134 496 5.9 24595 165.735 0.0526742 1.40292
135 509 5.9 26586 168.373 0.0571166 1.19093
136 505 5.9 23290 189.864 0.0494117 1.17111
137 498 5.9 24315 177.107 0.0518082 1.25921
138 504 5.9 23877 174.443 0.0511729 1.17265
139 505 5.9 27197 170.519 0.0586518 1.23123
140 498 5.9 24025 196.693 0.0511875 1.18702
141 501 5.13724 22654 199.252 0.0474222 1.24375
142 492 4.89727 22892 192.682 0.0480595 1.13518
143 506 5.9 27182 178.949 0.0584229 1.18669
144 501 5.9 24427 211.194 0.0515158 1.19047
145 498 5.9 23389 197.865 0.0495782 1.15627
146 509 5.9 23791 203.531 0.0504158 1.14316
147 506 5.9 27392 207.658 0.0581712 1.20524
148 504 5.9 24132 231.883 0.0505763 1.22111
149 501 5.9 25304 200.322 0.0537298 1.14332
150 500 5.22616 25232 206.848 0.0530288 1.22362
151 509 5.9 28522 189.148 0.0613663 1.18002
152 499 5.9 25896 206.882 0.0550292 1.17484
153 502 5.9 24331 191.157 0.0516111 1.22362
154 503 5.9 25407 202.745 0.0535245 1.32025
155 501 5.9 26694 174.235 0.0574758 1.28322
156 500 5.9 28162 198.995 0.0601704 1.27751
157 503 5.9 26821 172.515 0.0574485 1.18646
158 499 5.9 27614 176.134 0.0592242 1.1669
159 501 5.9 28773 165.785 0.0626313 1.25626
160 505 5.9 27516 192.154 0.0591018 1.17845
161 497 5.08792 27924 235.27 0.058494 1.34635
162 493 5.9 28510 230.554 0.0603498 1.25383
163 506 5.9 31101 247.104 0.0659201 1.38573
164 494 5.9 26798 230.913 0.0565927 1.35419
165 500 5.5154 26256 253.584 0.0551063 1.23795
166 497 5.9 26574 245.87 0.0558904 1.26008
167 502 5.9 28796 260.192 0.0604871 1.34806
168 503 5.9 25367 208.238 0.0537517 1.19356
169 509 5.31774 26471 227.326 0.0554964 1.36753
170 500 5.22218 27322 231.491 0.0574339 1.35278
171 504 5.9 30004 250.169 0.0636772 1.24396
172 507 5.9 25448 233.227 0.0531737 1.41204
173 503 5.74873 25954 248.52 0.0545445 1.23738
174 501 6.27193 25355 255.67 0.0534105 1.18667
175 501 5.9 30022 273.28 0.0632742 1.31937
176 497 5.9 24879 212.005 0.0524656 1.27022
177 495 5.05509 26132 216.378 0.0551561 1.35555
178 501 5.9 25541 245.14 0.0535124 1.27411
179 510 5.9 30100 247.622 0.0638358 1.3354
180 497 5.9 24826 204.408 0.0527272 1.02775
181 511 6.14478 26590 252.175 0.0563069 1.10201
182 502 5.24651 25712 234.01 0.0538258 1.30004
183 499 5.9 29725 245.164 0.0629212 1.27866
184 497 5.9 25209 191.232 0.0536596 1.28341
185 500 5.9 24813 227.136 0.0523999 1.18179
186 494 4.79956 26260 222.594 0.0549095 1.20146
187 496 5.9 27920 252.26 0.0587422 1.30017
188 506 5.9 26898 179.919 0.0578025 1.13352
189 504 5.9 26920 222.135 0.0569474 1.14006
190 495 5.9 26585 201.189 0.0561637 1.30566
191 502 5.9 29161 253.237 0.0617409 1.19554
