0 468 5.9 25717 158.909 0.0553158 0.997347
1 468 4.7296 25653 132.013 0.0541552 1.17032
2 472 5.9 25693 140.224 0.0547725 1.07287
3 484 5.9 21024 98.2074 0.0595435 1.21376
4 471 4.86878 24412 191.845 0.050426 1.22789
5 473 4.32556 23912 146.389 0.0500301 1.03313
6 473 5.52187 24543 170.358 0.0516967 1.14005
7 472 5.9 24469 98.02 0.0653178 1.0045
8 473 5.9 22161 141.221 0.046505 0.857252
9 467 5.9 23681 110.845 0.0525906 0.912191
10 467 5.9 22913 117.597 0.0504628 0.949682
11 472 5.9 25720 95.8065 0.0639613 1.02441
12 466 5.9 22374 152.829 0.0472043 1.01626
13 471 5.9 24277 116.412 0.0535762 1.10991
14 479 5.9 23796 135.248 0.0518483 1.01123
15 474 5.9 26586 93.9999 0.066556 1.14543
16 474 5.9 22304 150.317 0.0474317 0.903353
17 491 5.9 24442 126.341 0.0517245 1.05567
18 471 5.9 23925 128.252 0.0517595 1.06001
19 480 5.9 26428 98.3853 0.0630947 0.925329
20 474 5.9 22609 144.76 0.0472325 1.08385
21 469 5.9 22905 107.058 0.0519846 0.94432
22 478 5.9 23322 130.721 0.0492883 1.01367
23 473 5.9 26385 103.313 0.0595958 0.814897
24 478 5.9 24083 166.505 0.0508562 1.10761
25 470 5.9 24194 145.555 0.0513174 1.06209
26 478 4.92185 25080 147.013 0.0529985 1.03467
27 475 5.9 25785 102.967 0.060382 0.822547
28 464 5.9 25935 142.358 0.0550843 1.20721
29 476 5.9 25451 109.221 0.0558492 0.93009
30 470 5.9 25520 115.574 0.0548737 0.826172
31 468 5.9 24777 83.3964 0.0744785 0.947039
32 480 5.9 25136 144.486 0.0543536 0.994355
33 477 4.48885 23473 152.784 0.0490534 1.27299
34 480 5.9 24350 151.847 0.0521168 1.00568
35 475 5.9 21156 140.621 0.0472362 1.14971
36 469 5.9 24498 175.456 0.0513092 1.14241
37 479 5.9 21382 173.565 0.0450731 1.16364
38 479 4.57938 23975 188.85 0.0493411 1.21537
39 467 5.9 21340 164.356 0.0452353 1.06916
40 470 5.9 22406 152.65 0.0477778 0.973112
41 476 5.9 21246 144.883 0.0453601 0.934242
42 479 5.9 21770 148.353 0.046293 0.914263
43 468 5.9 20464 159.305 0.0440304 0.988049
44 470 5.9 22497 147.433 0.0478237 1.01326
45 467 4.0563 21527 153.434 0.0448562 1.00524
46 475 5.9 22290 162.396 0.0458903 1.06973
47 467 5.9 22525 157.555 0.0480971 1.03491
48 479 5.9 22524 139.328 0.0495211 0.877812
49 460 3.88626 21788 130.864 0.0457647 0.939623
50 469 5.9 22011 147.127 0.0465689 1.13384
51 473 5.9 22983 158.157 0.0491453 1.0735
52 476 5.9 22027 137.592 0.0464941 0.947999
53 474 5.9 20339 132.988 0.0440075 1.05896
54 470 4.00393 21740 134.622 0.0458481 0.913618
55 467 5.9 22749 153.477 0.048653 0.971407
56 470 5.30872 24403 185.567 0.0509887 1.18865
57 477 5.9 20575 166.484 0.0432042 1.30905
58 476 5.9 22637 165.419 0.0481425 1.30085
59 476 5.9 21242 148.716 0.0457794 1.23011
60 477 5.9 26090 169.909 0.0551358 1.14605
61 469 5.9 21836 151.916 0.0463229 1.14768
62 473 5.9 23658 148.679 0.0511171 1.03625
63 468 5.9 21913 133.851 0.049182 1.00331
64 521 5.9 29967 240.277 0.0624097 1.16491
65 513 5.9 30443 223.55 0.0635544 1.23022
66 505 5.9 30493 210.911 0.0641252 1.22969
67 519 5.9 33681 212.216 0.0716212 0.998045
68 506 4.70712 27953 227.393 0.0577038 1.34362
69 521 6.01406 27443 262.304 0.0563165 1.2401
70 511 5.9 27902 241.847 0.057608 1.1909
71 519 6.65352 30579 208.707 0.0647642 1.0768
72 523 5.9 24776 189.034 0.0522802 1.01394
73 519 4.99457 27583 187.017 0.0571915 1.02463
74 525 5.39517 26715 205.646 0.054922 1.16649
75 524 5.9 31658 210.341 0.0664713 1.08705
76 522 5.9 25209 208.488 0.0526315 1.06475
77 519 5.9 26787 196.846 0.0560767 0.987199
78 513 5.1501 25437 183.193 0.0534342 1.05955
79 513 5.70965 31574 213.094 0.0661115 1.096
80 506 5.9 24280 189.775 0.0513069 0.998748
81 511 5.58599 26611 186.598 0.0556054 1.09147
82 519 5.9 25401 184.896 0.053508 1.02856
83 521 5.9 31785 228.44 0.0665927 0.923423
84 516 5.9 25422 191.514 0.0533504 0.857981
85 520 4.94897 27338 176.694 0.0571456 1.0191
86 523 5.9 25938 182.529 0.054463 1.02334
87 525 5.9 31841 208.115 0.067082 0.972571
88 511 5.9 27010 229.067 0.0563608 1.18077
89 520 5.9 27249 221.356 0.0567871 1.14027
90 516 5.3714 27386 216.374 0.0569391 1.14939
91 518 5.9 31461 211.782 0.065762 1.05855
92 518 5.9 29549 224.525 0.06175 1.22378
93 521 5.40747 29716 211.898 0.0619187 1.15299
94 513 5.9 30696 213.048 0.0642721 1.16443
95 513 5.9 31330 196.102 0.0674394 1.04807
96 521 5.9 30417 217.071 0.0640739 1.19941
97 512 5.9 26790 217.516 0.0563459 1.12123
98 505 5.9 29140 224.865 0.0611991 1.29531
99 514 5.9 27083 231.774 0.0567629 1.20988
100 519 5.9 27971 222.683 0.0586332 1.32519
101 506 4.81693 26063 212.363 0.0544008 1.21188
102 513 4.93861 28075 232.981 0.0587364 1.20257
103 518 5.9 25605 233.282 0.0535013 1.25112
104 516 5.9 26092 206.987 0.054257 1.02556
105 517 5.9 24833 210.479 0.051524 1.25191
106 519 5.9 25426 192.11 0.0533236 1.21891
107 521 5.9 25880 216.791 0.0541119 1.31046
108 515 5.9 25690 198.3 0.0540935 1.09438
109 520 5.9 24782 189.75 0.052175 1.10615
110 512 5.03292 25656 209.412 0.0531194 1.18997
111 518 5.9 27086 224.396 0.0565046 1.32471
112 508 5.9 25392 186.801 0.0538529 1.04467
113 522 5.07366 24903 189.486 0.0520606 1.18857
114 519 5.039 25489 206.249 0.053049 1.11032
115 512 5.9 26502 229.069 0.0554183 1.12159
116 519 5.9 26026 204.837 0.0546142 1.06297
117 524 5.08315 24968 208.211 0.0517855 1.15498
118 511 5.9 25395 203.642 0.0530559 1.0873
119 517 5.9 24531 215.518 0.0513383 1.13935
120 519 5.15614 27412 231.849 0.057238 1.24611
121 510 5.12952 25028 236.822 0.052282 1.17452
122 511 5.62356 26571 244.712 0.0554241 1.3465
123 520 5.9 24510 217.381 0.0516561 1.2724
124 512 5.9 29280 196.604 0.0617473 1.14748
125 526 5.87434 27361 232.031 0.0570143 1.33051
126 512 5.9 28148 210.377 0.0591816 1.17765
127 508 5.9 25508 209.825 0.0536884 1.12462
128 513 5.9 27336 185.436 0.0576579 1.05631
129 512 5.4436 28143 186.706 0.05875 1.16401
130 510 5.9 28287 183.952 0.0599315 1.11698
131 511 5.9 19501 199.449 0.0413976 1.13078
132 514 5.9 24813 218.763 0.051964 1.14729
133 517 5.9 24366 183.062 0.0522768 0.976865
134 518 5.83247 25015 198.621 0.0524958 1.12896
135 517 6.82803 20925 146.818 0.0520477 1.62119
136 523 5.9 23640 171.919 0.0500162 0.906058
137 503 5.9 24330 164.202 0.051659 0.987414
138 511 5.9 23680 167.005 0.0506032 0.997387
139 523 5.9 22940 120.079 0.0596266 1.92907
140 516 5.9 23865 174.208 0.0505477 0.94187
141 512 5.9 24873 154.83 0.0530016 0.955305
142 502 5.9 24638 155.277 0.0532924 0.916053
143 515 5.9 24668 117.818 0.0662678 1.63571
144 510 5.9 22885 168.051 0.0490092 0.965075
145 515 5.9 25193 164.575 0.0530292 1.07726
146 515 5.9 23918 167.367 0.0503954 0.948133
147 513 5.9 26083 128.817 0.0692558 1.28475
148 515 5.9 23759 168.348 0.0501468 0.951808
149 508 5.9 24016 151.638 0.0523565 0.94431
150 517 5.9 24139 152.194 0.0520723 0.883268
151 522 5.9 25416 118.17 0.0681044 1.09519
152 526 5.9 25816 212.738 0.0538489 1.21424
153 509 5.9 24320 167.675 0.051928 1.0939
154 511 6.14322 25827 198.249 0.0546029 1.06086
155 520 5.9 22492 121.567 0.0588703 1.75379
156 519 5.9 27289 169.279 0.0579693 1.10837
157 518 5.9 26699 154.586 0.0573743 1.04575
158 516 5.9 27066 153.179 0.0590059 1.0061
159 517 5.9 22835 130.88 0.057841 2.17839
160 512 5.9 27817 189.796 0.0587548 1.04945
161 514 5.9 25709 182.603 0.0544534 1.15308
162 514 5.9 26761 192.472 0.0563791 1.08217
163 504 5.9 27458 188.773 0.058978 0.930773
164 517 5.9 25443 199.486 0.0535494 1.08175
165 519 5.9 24738 211.285 0.0518189 1.08044
166 515 5.03005 25769 206.965 0.0537142 1.15792
167 516 5.9 27186 210.535 0.0570441 1.03677
168 521 5.9 24735 173.72 0.0520993 0.963913
169 512 5.9 24424 178.519 0.0521282 0.974044
170 519 5.9 24640 176.755 0.0520958 1.03797
171 517 5.9 26828 191.06 0.0569204 0.969087
172 515 5.9 24920 168.962 0.0534865 0.979464
173 511 5.16198 24884 184.461 0.0517154 1.00484
174 512 5.9 24882 169.638 0.053499 0.978891
175 512 5.9 27750 186.781 0.0589795 1.05039
176 520 5.9 24983 178.305 0.0527132 0.929207
177 514 5.9 23526 167.851 0.0497812 0.96853
178 518 5.9 24865 188.098 0.0521987 1.04001
179 515 5.9 27364 163.997 0.058756 1.00839
180 516 5.9 23888 172.155 0.0504421 0.894434
181 520 5.9 23840 176.538 0.0502688 0.994199
182 516 5.9 23658 167.426 0.0504639 0.962509
183 513 5.9 26375 180.899 0.0556833 1.0783
184 519 5.9 25547 237.165 0.0531819 1.05613
185 513 5.9 24119 216.648 0.0504388 1.07675
186 518 5.46968 25215 225.232 0.0524514 1.12662
187 515 5.9 26125 210.703 0.0550082 1.02926
188 513 5.9 27523 182.053 0.0588484 1.02865
189 518 5.9 26637 214.648 0.0556259 1.19241
190 514 5.9 27825 194.761 0.0588928 0.967342
191 517 5.9 27190 185.874 0.0598655 1.01647
