0 581 0 445826 0 0 0
1 587 0 457982 0 0 0
2 588 0 460878 0 0 0
3 583 0 432869 0 0 0
4 580 0 470375 0 0 0
5 592 0 419991 0 0 0
6 586 0 418441 0 0 0
7 579 0 427257 0 0 0
8 583 0 474771 0 0 0
9 573 0 411706 0 0 0
10 593 0 442690 0 0 0
11 582 0 475211 0 0 0
12 585 0 467996 0 0 0
13 587 0 424666 0 0 0
14 590 0 430526 0 0 0
15 580 0 441279 0 0 0
16 581 0 448963 0 0 0
17 578 0 457905 0 0 0
18 589 0 475037 0 0 0
19 581 0 404975 0 0 0
20 578 0 416714 0 0 0
21 587 0 468424 0 0 0
22 577 0 400405 0 0 0
23 578 0 425827 0 0 0
24 590 0 453008 0 0 0
25 590 0 406971 0 0 0
26 579 0 446579 0 0 0
27 584 0 474796 0 0 0
28 594 0 435003 0 0 0
29 574 0 465139 0 0 0
30 576 0 474123 0 0 0
31 580 0 470943 0 0 0
32 583 0 444269 0 0 0
33 594 0 446282 0 0 0
34 584 0 436340 0 0 0
35 585 0 450979 0 0 0
36 584 0 442596 0 0 0
37 585 0 459909 0 0 0
38 579 0 472055 0 0 0
39 587 0 459185 0 0 0
40 581 0 395215 0 0 0
41 596 0 424445 0 0 0
42 589 0 471650 0 0 0
43 582 0 473504 0 0 0
44 579 0 451400 0 0 0
45 571 0 451595 0 0 0
46 579 0 459338 0 0 0
47 585 0 466172 0 0 0
48 577 0 428458 0 0 0
49 579 0 463894 0 0 0
50 572 0 473974 0 0 0
51 583 0 435982 0 0 0
52 585 0 449971 0 0 0
53 587 0 439100 0 0 0
54 589 0 437051 0 0 0
55 586 0 466256 0 0 0
56 579 0 464106 0 0 0
57 578 0 473126 0 0 0
58 582 0 433755 0 0 0
59 582 0 471343 0 0 0
60 579 0 470325 0 0 0
61 579 0 414282 0 0 0
62 586 0 412051 0 0 0
63 585 0 461167 0 0 0
64 472 5.9 28569 222.567 0.0601991 1.13806
65 467 5.39837 27971 237.98 0.0583542 1.1535
66 466 5.9 28959 208.66 0.0613853 1.17454
67 474 6.08657 31242 259.927 0.0662299 1.23451
68 476 5.9 24995 231.268 0.0524682 1.15946
69 458 5.50054 24758 239.583 0.0512875 1.27365
70 475 5.9 25141 234.116 0.0525352 1.28302
71 470 5.9 28703 227.447 0.0606902 1.30147
72 467 4.68656 23595 216.184 0.0492195 1.16441
73 480 4.98971 25127 231.951 0.0512386 1.20419
74 476 5.33044 24512 215.887 0.0511132 1.12732
75 482 3.92928 31648 253.45 0.0611689 1.2968
76 473 4.96809 23835 220.212 0.0493896 1.2082
77 472 5.536 24455 210.326 0.0512197 1.03018
78 466 5.45805 23098 213.136 0.0480883 1.26627
79 466 5.9 28836 221.467 0.060939 1.354
80 461 4.87621 23240 213.256 0.0482841 1.20618
81 463 5.9 24686 215.202 0.0516966 1.13079
82 478 5.55545 23007 218.681 0.0479697 1.22319
83 467 5.9 29795 237.636 0.062725 1.31306
84 473 5.9 23746 221.142 0.0501188 1.01835
85 468 5.22472 24531 191.073 0.0512298 1.35889
86 461 5.9 23576 201.717 0.0497068 1.14286
87 467 5.66712 29232 214.333 0.0618711 1.29433
88 484 5.9 24465 191.526 0.0518626 1.23744
89 477 5.9 24730 200.705 0.0520585 1.34962
90 479 5.42186 24530 195.553 0.0517077 1.15552
91 466 5.9 28959 219.168 0.0612056 1.27656
92 469 5.9 27732 189.81 0.0591466 1.02436
93 466 4.67639 26867 179.969 0.0569527 0.968541
94 472 5.9 27769 184.77 0.0593733 1.1377
95 474 5.9 30117 205.122 0.0641419 1.2513
96 477 5.9 27764 187.694 0.0590525 1.28251
97 469 5.9 25687 155.487 0.0550831 1.29516
98 477 5.9 27258 164.498 0.0589241 1.08049
99 474 5.9 25575 170.903 0.0550164 1.16213
100 471 5.9 25320 179.724 0.0539641 1.11473
101 477 4.6103 24893 161.558 0.0526122 1.24612
102 465 4.63685 26109 184.255 0.0553041 1.14258
103 475 5.9 24559 167.16 0.0524949 1.07524
104 473 5.9 24354 201.965 0.051491 1.18217
105 475 4.65582 24334 161.252 0.0516527 1.34546
106 465 5.9 24676 189.085 0.0525681 1.21841
107 462 5.9 25069 169.94 0.0536886 1.27183
108 468 5.9 23821 202.35 0.0501357 1.14407
109 469 5.9 24264 167.912 0.0520929 1.26517
110 476 4.50707 24554 202.573 0.0512598 1.07687
111 471 5.9 26072 181.74 0.0558594 1.22341
112 463 5.9 23858 204.295 0.0500959 1.32967
113 465 5.9 24292 181.175 0.0519408 1.1153
114 469 5.9 24251 216.998 0.0511892 1.20577
115 471 5.9 25908 186.91 0.05516 1.25119
116 470 5.09004 24708 215.948 0.051528 1.23497
117 462 5.9 24932 188.345 0.0531422 1.18131
118 482 4.94732 24816 205.15 0.0521 1.12404
119 469 5.9 25345 196.264 0.0538155 1.05939
120 472 5.07831 25870 231.297 0.0539816 1.20677
121 477 4.81563 24875 212.155 0.0521164 1.19146
122 465 4.95153 26001 224.971 0.0540492 1.31289
123 471 5.9 24895 213.186 0.0527592 1.13975
124 468 5.9 28079 232.327 0.0592269 1.09479
125 473 5.9 27267 198.295 0.0580264 1.34179
126 467 5.9 28021 218.656 0.0589693 1.27299
127 462 5.9 25421 234.874 0.0537705 1.13374
128 464 5.9 23229 158.244 0.0496517 1.04483
129 474 5.9 23758 144.076 0.0509052 1.1429
130 476 5.9 23318 137.097 0.0503849 0.9634
131 474 5.9 25343 155.185 0.0553459 1.19594
132 480 5.9 20782 169.475 0.0439188 1.10837
133 471 5.9 21712 147.41 0.0469874 1.026
134 476 5.9 22724 157.589 0.0485578 0.954938
135 465 5.9 24779 160.873 0.0533669 1.13542
136 475 5.9 19022 145.444 0.0411798 0.982024
137 467 5.9 21537 160.035 0.0460612 1.01262
138 477 5.9 20445 156.76 0.0439224 1.13309
139 469 5.9 25329 161.06 0.0543273 1.13776
140 469 5.9 18434 159.283 0.0397751 0.9436
141 468 5.9 20810 148.151 0.0452983 1.12826
142 465 5.9 19919 167.658 0.042064 1.07638
143 468 5.9 25070 164.012 0.054297 1.11753
144 465 5.9 18590 154.875 0.0399814 1.00654
145 469 5.9 21367 163.777 0.0455372 1.03846
146 475 5.9 19491 163.128 0.0415285 0.973536
147 460 5.9 25431 168.428 0.0548334 1.12698
148 484 5.9 19359 169.521 0.0411773 1.04187
149 456 5.9 21962 164.886 0.0465351 1.24388
150 469 5.9 20576 153.481 0.0439729 1.08335
151 478 5.9 25407 170.76 0.0545648 1.31387
152 469 5.9 22338 178.004 0.0472788 1.07808
153 477 5.9 22174 178.616 0.0466466 1.19769
154 468 5.64708 22462 161.653 0.0478456 1.12235
155 477 5.9 24806 190.607 0.0528343 1.25902
156 470 5.9 23961 183.641 0.0508128 1.06531
157 467 5.9 23925 172.389 0.0510027 0.975047
158 475 5.9 24598 156.129 0.053103 1.17127
159 463 5.9 25576 193.707 0.0545396 1.16201
160 469 5.9 24977 163.42 0.053457 0.995767
161 469 5.9 25068 184.39 0.0531946 1.2167
162 473 5.9 25789 174.874 0.0548905 1.28324
163 467 5.9 27851 198.668 0.0593189 1.1208
164 467 5.9 22699 177.776 0.0484756 1.00171
165 476 5.9 22954 178.684 0.0487469 1.20167
166 466 5.9 23037 173.988 0.0489634 1.14333
167 470 5.9 26395 191.204 0.0557265 1.19056
168 477 5.9 20659 170.571 0.0437956 1.14685
169 474 5.9 22919 154.63 0.0492933 1.04375
170 474 5.9 22346 175.582 0.0475862 1.13013
171 473 5.9 26555 192.437 0.0559343 1.3594
172 459 5.9 19600 150.077 0.0424325 0.978158
173 474 5.9 22555 178.953 0.0479129 0.936555
174 465 5.9 21523 169.99 0.0453406 1.11789
175 478 5.9 26477 187.326 0.0562742 1.21484
176 464 5.9 19796 162.065 0.0421874 1.01807
177 477 5.9 22238 166.998 0.0475963 1.11671
178 470 5.9 20676 166.183 0.0440591 1.14039
179 468 5.9 26074 165.968 0.0555694 1.39655
180 467 5.9 19921 156.446 0.0429697 1.08618
181 472 5.9 22834 155.018 0.048973 1.08292
182 471 5.9 21084 163.645 0.044978 1.14078
183 474 5.9 26257 183.814 0.055832 1.08956
184 466 5.9 22220 166.942 0.0472801 1.15085
185 475 5.9 23219 173.705 0.0491771 1.04757
186 468 5.9 23358 161.763 0.0496963 1.12149
187 470 5.9 26260 163.387 0.0561472 1.13483
188 467 5.9 23679 150.088 0.0507639 0.94983
189 472 5.9 24592 167.262 0.0523716 1.05169
190 468 5.9 24576 156.414 0.0528253 1.0324
191 469 5.9 28032 175.933 0.0602216 1.19162
