0 464 0 466105 0 0 0
1 468 0 438970 0 0 0
2 471 0 455277 0 0 0
3 471 0 465286 0 0 0
4 466 0 425464 0 0 0
5 458 0 450430 0 0 0
6 466 0 485369 0 0 0
7 464 0 466369 0 0 0
8 469 0 485776 0 0 0
9 472 0 422535 0 0 0
10 456 0 474513 0 0 0
11 463 0 448399 0 0 0
12 465 0 470017 0 0 0
13 463 0 488757 0 0 0
14 473 0 478692 0 0 0
15 470 0 480428 0 0 0
16 470 0 487196 0 0 0
17 480 0 487706 0 0 0
18 473 0 451942 0 0 0
19 462 0 433205 0 0 0
20 465 0 468852 0 0 0
21 466 0 425209 0 0 0
22 468 0 478215 0 0 0
23 463 0 481845 0 0 0
24 469 0 485723 0 0 0
25 475 0 486445 0 0 0
26 468 0 479169 0 0 0
27 476 0 472375 0 0 0
28 474 0 446908 0 0 0
29 460 0 483215 0 0 0
30 463 0 486414 0 0 0
31 468 0 466728 0 0 0
32 463 0 479967 0 0 0
33 460 0 472746 0 0 0
34 469 0 485525 0 0 0
35 471 0 453142 0 0 0
36 466 0 444894 0 0 0
37 468 0 478750 0 0 0
38 455 0 454182 0 0 0
39 472 0 479503 0 0 0
40 465 0 470799 0 0 0
41 467 0 455405 0 0 0
42 467 0 482490 0 0 0
43 463 0 452260 0 0 0
44 467 0 482362 0 0 0
45 461 0 467734 0 0 0
46 458 0 442763 0 0 0
47 481 0 488756 0 0 0
48 467 0 471837 0 0 0
49 476 0 465999 0 0 0
50 470 0 454146 0 0 0
51 472 0 477315 0 0 0
52 465 0 486121 0 0 0
53 474 0 455201 0 0 0
54 464 0 437584 0 0 0
55 468 0 485077 0 0 0
56 475 0 446228 0 0 0
57 469 0 469499 0 0 0
58 467 0 481829 0 0 0
59 470 0 468382 0 0 0
60 464 0 430489 0 0 0
61 466 0 454181 0 0 0
62 469 0 436551 0 0 0
63 461 0 478748 0 0 0
64 552 5.9 28664 286.485 0.0597319 1.185
65 548 5.43258 28321 281.294 0.0586822 1.22687
66 554 5.9 28538 293.949 0.0592924 1.17919
67 547 6.23427 31448 262.562 0.0671539 1.13443
68 551 6.05822 26965 301.127 0.0560744 1.22381
69 548 6.0305 26936 312.499 0.0556209 1.2695
70 540 6.25491 27090 305.047 0.0559064 1.31152
71 550 6.42022 29548 286.257 0.0624605 1.21642
72 548 6.1047 24459 359.321 0.0501174 1.26853
73 548 4.80987 26722 298.78 0.0533506 1.24719
74 547 5.92353 25543 316.417 0.0524586 1.28277
75 552 6.18195 30756 284.56 0.0650252 1.17076
76 552 5.91076 23825 322.994 0.0491836 1.13401
77 552 5.9 25125 311.903 0.0515208 1.23599
78 541 6.56231 23902 323.228 0.0491985 1.18308
79 551 6.26681 30352 278.119 0.0640596 1.32402
80 548 5.89194 22883 340.174 0.0469496 1.16905
81 554 6.49512 24675 308.649 0.0512429 1.12849
82 544 6.49117 24195 331.928 0.0498653 1.21262
83 548 5.9 31009 266.058 0.0656684 1.22296
84 550 5.92644 24478 331.248 0.0504299 1.23584
85 548 5.8344 24902 275.452 0.0517421 1.23076
86 542 6.23374 24574 320.607 0.0509998 1.10572
87 551 6.15983 29643 272.308 0.0626277 1.23237
88 556 5.88474 27262 310.575 0.0565871 1.19394
89 557 6.11777 26138 298.836 0.0542534 1.29398
90 547 4.74024 28745 309.759 0.0548601 1.24502
91 552 5.9369 29349 273.012 0.0615609 1.23093
92 547 5.9 27691 281.117 0.0575885 1.31101
93 551 5.9 27365 279.122 0.0568726 1.21555
94 555 5.75566 28294 291.289 0.0587562 1.37558
95 555 5.9 30715 274.619 0.064796 1.40093
96 554 5.26049 28077 279.357 0.0581925 1.24486
97 550 5.9 26945 277.339 0.0562935 1.16146
98 548 4.04341 29934 283.047 0.0565147 1.36717
99 544 5.9 30982 275.693 0.0652147 1.31054
100 540 5.9 27749 312.548 0.0573083 1.38329
101 550 5.97745 26770 297.948 0.0558497 1.31674
102 547 5.9 27692 282.993 0.0579065 1.38032
103 544 5.9 28029 295.131 0.0585731 1.34712
104 551 6.10958 24905 323.148 0.0513817 1.28961
105 538 5.96781 24813 303.561 0.0516165 1.26789
106 553 5.89354 25149 305.147 0.0524284 1.13389
107 547 5.9 29003 287.472 0.0608356 1.25799
108 563 5.9 24310 334.454 0.0499451 1.2317
109 542 6.03527 25754 290.051 0.0533896 1.39378
110 549 6.23654 24250 324.411 0.0499758 1.24242
111 541 5.9 30118 282.043 0.0633941 1.2447
112 538 5.9 23776 329.071 0.0492031 1.10549
113 551 5.9 25592 300.367 0.0530496 1.30001
114 546 6.53552 24623 330.407 0.0509654 1.20696
115 542 5.9 30232 320.152 0.0634308 1.24684
116 546 6.23867 25105 348.372 0.0516522 1.17403
117 544 6.41824 25909 301.085 0.0542466 1.19105
118 551 5.9 25436 317.468 0.0520187 1.2208
119 547 5.9 28737 314.004 0.0597566 1.26579
120 546 5.9 27239 335.775 0.0560848 1.3908
121 542 6.71215 26356 301.551 0.0551163 1.20447
122 547 6.9071 27141 314.916 0.0567562 1.18913
123 560 5.9 28784 311.387 0.0596231 1.29567
124 550 5.9 28751 284.42 0.0601322 1.15695
125 553 7.01405 27797 287.107 0.0583437 1.32171
126 551 6.82139 27919 298.486 0.0580409 1.30487
127 554 5.9 30779 341.135 0.0638557 1.37004
128 531 5.38969 24924 251.482 0.0515596 1.16946
129 536 6.04878 24677 281.921 0.0509582 1.30182
130 534 5.6518 25580 238.833 0.0534293 1.15768
131 537 5.9 26905 271.486 0.0560826 1.12561
132 544 5.00425 23144 256.824 0.0475233 1.24111
133 543 6.01119 22839 279.348 0.0471764 1.18894
134 533 5.9 23209 267.825 0.0478117 1.30099
135 533 5.9 24720 273.894 0.0511713 1.17346
136 541 5.9 21157 262.501 0.0435405 1.29657
137 545 5.53628 22527 248.186 0.0463577 1.2568
138 538 5.35677 21379 249.538 0.0438629 1.19078
139 539 5.9 25755 261.02 0.053517 1.30241
140 537 5.9 21269 250.065 0.0440518 1.22466
141 537 5.23459 22159 254.391 0.0454484 1.20873
142 537 5.9 21418 236.253 0.0444222 1.16778
143 541 5.9 25865 240.419 0.0540758 1.23859
144 542 5.9 20861 256.787 0.0431425 1.16621
145 538 5.9 22459 238.458 0.0464043 1.24277
146 533 6.37812 21257 269.201 0.0438481 1.1472
147 533 5.9 26278 255.686 0.0548087 1.19295
148 538 5.9 21373 261.521 0.044198 1.20271
149 530 5.9 22022 230.748 0.0458102 1.14846
150 533 5.9 21181 248.593 0.0436179 1.17935
151 536 5.9 26055 242.2 0.0543287 1.37023
152 533 5.9 23734 249.008 0.0497771 1.07294
153 531 5.9 22351 247.649 0.0463228 1.26785
154 538 5.9 23691 247.325 0.0489922 1.39988
155 551 5.9 24833 231.189 0.0519808 1.20771
156 545 5.9 26264 219.788 0.0553561 1.24293
157 541 5.9 25330 225.627 0.0528352 1.36118
158 531 5.05946 26520 229.477 0.0554066 1.36533
159 548 5.9 27116 242.835 0.0573438 1.27773
160 536 5.9 26803 236.775 0.0563956 1.23687
161 535 5.55155 26081 259.871 0.0542049 1.35856
162 547 5.9 26412 239.993 0.0554917 1.27293
163 543 5.9 28262 276.681 0.0590096 1.34369
164 537 5.05636 23871 252.316 0.0494483 1.17421
165 534 5.9 23541 255.439 0.048888 1.37457
166 537 5.9 24200 245.083 0.0507917 1.14056
167 547 5.9 27070 289.052 0.0561 1.40467
168 539 5.9 22122 231.903 0.0462709 1.22348
169 531 5.59563 23422 251.597 0.0484961 1.31069
170 541 5.9 23279 239.397 0.0484738 1.24677
171 550 5.9 26867 290.807 0.0560848 1.24419
172 538 5.9 21748 241.727 0.0452423 1.2372
173 539 5.36769 23678 260.316 0.0491168 1.29315
174 540 5.9 22102 261.631 0.0458159 1.19018
175 541 5.9 27635 264.704 0.0579045 1.31414
176 531 5.9 21474 248.397 0.0445648 1.28141
177 545 5.01541 22768 248.292 0.0470236 1.18621
178 544 5.9 21889 239.291 0.045597 1.18174
179 534 5.9 27389 272.622 0.0574839 1.22617
180 529 5.9 22022 254.488 0.0456712 1.31187
181 545 5.36516 23707 240.122 0.0494433 1.20522
182 537 5.9 22636 266.855 0.046954 1.07469
183 542 5.9 26873 265.446 0.056492 1.20435
184 535 5.18968 23713 292.204 0.0484898 1.18723
185 539 5.46297 23550 244.365 0.0491379 1.10783
186 535 5.35268 24068 254.646 0.0499093 1.20532
187 541 5.9 26557 258.645 0.0557131 1.17144
188 536 5.9 25252 259.214 0.0526412 1.15771
189 541 5.9 24151 239.768 0.0503922 1.22186
190 534 5.9 25427 264.861 0.0527729 1.24286
191 542 5.9 28664 250.368 0.0604932 1.26398
