0 513 0 480971 0 0 0
1 509 0 443221 0 0 0
2 521 0 419216 0 0 0
3 503 0 471841 0 0 0
4 518 0 463371 0 0 0
5 515 0 451735 0 0 0
6 515 0 457114 0 0 0
7 512 0 410567 0 0 0
8 509 0 468999 0 0 0
9 524 0 448112 0 0 0
10 518 0 454943 0 0 0
11 521 0 448291 0 0 0
12 511 0 461304 0 0 0
13 520 0 417454 0 0 0
14 503 0 443673 0 0 0
15 515 0 483017 0 0 0
16 521 0 428727 0 0 0
17 515 0 433410 0 0 0
18 525 0 422362 0 0 0
19 522 0 413815 0 0 0
20 515 0 436768 0 0 0
21 510 0 477634 0 0 0
22 526 0 432762 0 0 0
23 522 0 438841 0 0 0
24 512 0 443700 0 0 0
25 524 0 464503 0 0 0
26 520 0 420328 0 0 0
27 526 0 425006 0 0 0
28 519 0 453800 0 0 0
29 514 0 445866 0 0 0
30 513 0 461982 0 0 0
31 524 0 440988 0 0 0
32 515 0 477154 0 0 0
33 516 0 444806 0 0 0
34 515 0 428793 0 0 0
35 510 0 459533 0 0 0
36 520 0 447386 0 0 0
37 514 0 471872 0 0 0
38 522 0 464260 0 0 0
39 524 0 458750 0 0 0
40 525 0 436366 0 0 0
41 522 0 473210 0 0 0
42 523 0 455160 0 0 0
43 526 0 413392 0 0 0
44 517 0 458353 0 0 0
45 529 0 482386 0 0 0
46 513 0 447349 0 0 0
47 519 0 470379 0 0 0
48 518 0 467325 0 0 0
49 522 0 423729 0 0 0
50 519 0 472904 0 0 0
51 527 0 430135 0 0 0
52 511 0 422730 0 0 0
53 517 0 440292 0 0 0
54 517 0 450278 0 0 0
55 519 0 469040 0 0 0
56 519 0 481356 0 0 0
57 520 0 458562 0 0 0
58 527 0 449005 0 0 0
59 528 0 473935 0 0 0
60 529 0 452913 0 0 0
61 521 0 465009 0 0 0
62 514 0 420504 0 0 0
63 518 0 434199 0 0 0
64 513 5.9 25554 134.735 0.0561764 1.004
65 512 5.9 26594 135.394 0.0582694 1.04595
66 514 5.9 25591 105.685 0.0572326 1.20436
67 504 5.9 28407 111.36 0.0672281 0.996492
68 517 5.9 24162 156.388 0.0519883 1.26719
69 515 5.9 24552 131.283 0.0532405 1.25214
70 512 5.9 24696 141.401 0.0529396 1.19903
71 519 5.9 27613 125.752 0.0605313 1.21974
72 504 5.9 21797 146.499 0.0467065 1.27308
73 511 5.9 24690 137.753 0.0532095 1.10328
74 510 5.9 23458 150.513 0.0502773 1.25877
75 515 5.9 26924 107.24 0.0597137 1.11343
76 513 5.9 22683 148.734 0.0487448 1.0608
77 506 5.9 23326 146.803 0.049944 1.1176
78 510 5.9 21822 137.921 0.0466846 1.31623
79 513 5.9 27361 131.465 0.059483 1.13861
80 502 5.9 21463 128.608 0.0472189 1.17439
81 509 5.9 23147 140.166 0.0496122 1.13071
82 513 5.9 21771 125.253 0.0474705 0.989887
83 509 5.9 27447 125.664 0.0603204 1.16712
84 518 5.9 22397 127.816 0.0492452 1.11646
85 508 5.9 23878 116.5 0.0517396 1.25193
86 515 5.9 22925 127.914 0.0505514 1.24169
87 511 5.9 27728 128.816 0.0604114 1.15667
88 505 5.9 24298 145.943 0.052328 1.28822
89 497 5.9 24114 115.715 0.0523618 1.24718
90 503 5.9 23832 131.784 0.0514965 1.36506
91 508 5.9 28331 128.195 0.0615137 1.14816
92 516 5.9 25810 112.149 0.0572141 1.11057
93 503 5.9 25804 114.165 0.0561565 1.02768
94 512 5.9 26101 119.79 0.0572108 1.12599
95 516 5.9 28772 120.916 0.0636388 1.07666
96 511 5.9 26111 123.691 0.0574781 1.09297
97 506 5.9 25546 130.861 0.0556331 1.19426
98 516 5.9 26314 125.583 0.0571683 1.08199
99 508 5.9 25988 137.284 0.0565524 1.13404
100 504 5.9 24154 117.822 0.0529693 1.09267
101 509 5.9 24239 156.929 0.0520452 1.15956
102 506 5.9 24928 149.067 0.053883 1.15345
103 506 5.9 23479 160.903 0.0504768 1.09898
104 512 5.9 23060 152.611 0.049209 1.18773
105 506 5.9 23648 161.582 0.0505689 1.32341
106 513 5.9 24212 146.626 0.0522449 1.17007
107 503 5.9 24073 147.364 0.0521213 1.01142
108 502 5.9 22559 136.586 0.0489209 1.18268
109 515 5.9 23615 153.264 0.050522 1.2102
110 511 5.9 22632 156.468 0.0479746 1.24867
111 516 5.9 24381 134.343 0.0530583 1.32251
112 517 5.9 22961 146.484 0.0496255 1.17298
113 505 5.9 23248 168.096 0.0494997 1.13373
114 509 5.9 22816 160.189 0.0487557 1.15417
115 501 5.9 24311 159.59 0.052131 1.14065
116 505 5.9 23010 158.831 0.0491712 1.11496
117 513 5.9 24018 163.276 0.0513838 1.08147
118 504 5.9 22928 161.662 0.0489022 1.07926
119 509 5.9 23387 159.085 0.0499788 1.22049
120 507 5.9 23900 143.981 0.0515882 1.21896
121 510 5.9 23337 171.117 0.0498623 1.16159
122 503 5.9 24243 155.232 0.0518595 1.2113
123 514 5.9 23600 171.487 0.0505456 1.0945
124 512 5.9 25855 136.909 0.0565585 1.25755
125 512 5.9 25954 165.974 0.0556647 1.28591
126 508 5.9 26037 142.694 0.0569417 1.1699
127 510 5.9 26178 184.879 0.0559964 1.1326
128 434 5.9 25840 288.616 0.0524534 1.17682
129 443 5.58864 25869 264.598 0.0529208 1.04725
130 434 5.9 26408 283.972 0.053707 1.16611
131 438 5.9 26888 212.853 0.0581263 1.36127
132 441 5.94753 21949 336.947 0.0444606 1.25808
133 441 6.37232 22849 292.18 0.0466446 1.18627
134 429 5.9 22415 313.105 0.0452727 1.20638
135 431 6.48766 25951 253.086 0.0532239 1.12864
136 429 5.60261 21591 308.402 0.0434387 1.32762
137 432 5.72736 22157 274.609 0.0448142 1.07225
138 434 6.27945 21372 293.515 0.0433198 1.03303
139 431 6.23035 25750 251.117 0.052838 1.15359
140 434 5.9 21471 275.557 0.043733 1.31481
141 442 5.9 21226 273.529 0.0430414 1.09527
142 438 6.34905 21563 302.324 0.0434858 1.17078
143 439 5.9 25228 260.162 0.0512983 1.11705
144 428 5.9 20880 269.25 0.0423776 1.33295
145 436 5.9 21618 298.258 0.043597 1.01157
146 428 5.52132 20779 271.406 0.0418892 1.21104
147 434 5.9 24796 245.666 0.0503378 1.21426
148 437 5.9 21201 286.081 0.0430459 1.06257
149 443 5.9 21966 247.456 0.0445994 1.08472
150 439 5.9 21072 280.358 0.0424414 1.13552
151 442 5.9 25571 263.704 0.0517596 1.21949
152 446 5.5456 22560 319.746 0.0457844 1.27259
153 440 5.9 22450 301.589 0.0453805 1.09647
154 439 5.9 22605 314.118 0.0454135 1.52674
155 434 5.9 25361 236.608 0.0519997 1.06818
156 435 5.9 24577 294.145 0.0503267 1.05641
157 440 6.71366 25155 300.258 0.051165 1.19905
158 433 5.55733 25006 279.031 0.0510114 1.10048
159 433 6.41012 24101 191.647 0.0571133 1.22347
160 436 5.71133 25733 317.118 0.0527833 1.03707
161 436 5.9 25680 262.722 0.0533097 1.18843
162 439 5.00807 25665 268.616 0.0527018 1.19068
163 446 5.9 27727 258.19 0.05768 0.993189
164 441 5.9 22057 332.162 0.0450412 1.24047
165 429 5.00492 22690 267.332 0.0466522 1.30581
166 440 5.25818 22292 276.433 0.0458541 1.26417
167 440 5.9 25911 260.329 0.0535555 1.17241
168 440 4.82834 22323 277.533 0.0454127 1.23421
169 439 5.9 23276 252.572 0.0480434 1.26154
170 439 5.9 22581 252.827 0.0461485 1.32194
171 439 5.9 25980 253.929 0.0538582 1.15159
172 439 5.9 22713 279.409 0.0466855 1.30337
173 436 5.9 23074 229.187 0.0475249 1.20903
174 439 5.06354 23134 253.193 0.0473576 1.17265
175 434 5.9 26922 248.713 0.0560858 1.26218
176 435 5.3317 22890 290.182 0.0468512 1.2901
177 434 5.9 22913 218.62 0.0474669 1.13184
178 439 5.9 22675 273.18 0.0465663 1.12616
179 435 5.9 26724 256.137 0.0555086 1.10174
180 437 5.9 22212 305.278 0.0454162 1.26294
181 441 5.9 23836 242.169 0.049277 1.3169
182 440 5.03643 22916 243.587 0.0467773 1.1464
183 431 5.9 26799 279.041 0.0550818 1.26905
184 431 5.9 23083 332.588 0.0472127 1.29069
185 432 5.5287 23845 278.67 0.0495838 1.19688
186 439 6.04207 23304 290.179 0.0482004 1.15154
187 439 5.9 26799 286.347 0.0553499 1.29789
188 437 5.27782 25892 307.821 0.0527176 0.982816
189 428 5.9 26275 253.476 0.053996 1.39223
190 440 5.9 26469 267.277 0.0543461 1.086
191 445 5.9 29149 268.302 0.0599249 1.14067
