0 499 0 462489 0 0 0
1 521 0 442167 0 0 0
2 508 0 472980 0 0 0
3 503 0 476706 0 0 0
4 511 0 479810 0 0 0
5 513 0 475165 0 0 0
6 509 0 455517 0 0 0
7 505 0 439523 0 0 0
8 509 0 480932 0 0 0
9 511 0 472096 0 0 0
10 512 0 452338 0 0 0
11 514 0 452647 0 0 0
12 513 0 414840 0 0 0
13 506 0 468663 0 0 0
14 505 0 417076 0 0 0
15 515 0 427941 0 0 0
16 504 0 442133 0 0 0
17 511 0 461297 0 0 0
18 506 0 455424 0 0 0
19 512 0 482182 0 0 0
20 503 0 429198 0 0 0
21 505 0 477724 0 0 0
22 507 0 442103 0 0 0
23 501 0 444368 0 0 0
24 508 0 459421 0 0 0
25 503 0 474590 0 0 0
26 502 0 408984 0 0 0
27 498 0 455992 0 0 0
28 503 0 479723 0 0 0
29 513 0 483569 0 0 0
30 507 0 457552 0 0 0
31 495 0 457542 0 0 0
32 508 0 442061 0 0 0
33 508 0 469711 0 0 0
34 507 0 410226 0 0 0
35 507 0 424600 0 0 0
36 513 0 477429 0 0 0
37 498 0 447638 0 0 0
38 505 0 415242 0 0 0
39 501 0 473547 0 0 0
40 507 0 480100 0 0 0
41 502 0 452645 0 0 0
42 504 0 473897 0 0 0
43 509 0 472368 0 0 0
44 515 0 426210 0 0 0
45 505 0 442810 0 0 0
46 501 0 476842 0 0 0
47 510 0 475400 0 0 0
48 509 0 477142 0 0 0
49 516 0 427818 0 0 0
50 513 0 422998 0 0 0
51 507 0 480640 0 0 0
52 516 0 456998 0 0 0
53 504 0 413312 0 0 0
54 516 0 434315 0 0 0
55 503 0 423617 0 0 0
56 510 0 423855 0 0 0
57 501 0 458727 0 0 0
58 502 0 438340 0 0 0
59 505 0 454721 0 0 0
60 510 0 479542 0 0 0
61 506 0 458347 0 0 0
62 505 0 454091 0 0 0
63 504 0 470385 0 0 0
64 516 4.90883 28075 234.5 0.05856 1.18325
65 522 5.80823 27797 234.697 0.058123 1.3462
66 520 5.9 28510 217.694 0.0602557 1.18388
67 532 5.9 29561 237.825 0.0627086 1.13058
68 528 4.7616 26576 232.024 0.0550494 1.51382
69 525 5.60997 26109 212.543 0.0550105 1.18779
70 524 5.1404 26332 206.009 0.0554372 1.0957
71 519 5.9 29288 212.418 0.062289 1.24126
72 519 5.9 23445 188.645 0.0493627 1.09458
73 517 5.10762 26379 183.113 0.0553049 1.04409
74 525 5.9 24165 177.218 0.0505152 0.971195
75 535 5.9 29922 194.729 0.0642192 1.2704
76 533 5.9 22706 181.546 0.0481714 1.18102
77 521 5.9 24795 171.417 0.0523966 1.11406
78 529 5.9 23863 163.787 0.0505779 0.945102
79 529 5.9 29554 187.497 0.0630512 1.36488
80 522 5.9 23447 204.14 0.0492022 1.23168
81 529 5.16268 25430 164.044 0.053082 1.24957
82 533 5.9 22799 149.058 0.0489754 1.03035
83 532 5.9 28819 169.346 0.0622653 1.43737
84 531 4.69139 22694 207.743 0.0471411 1.15732
85 528 5.9 25273 172.678 0.0534414 1.25854
86 519 5.63066 24028 184.774 0.0504058 1.18927
87 520 5.9 29744 179.543 0.0643183 1.13254
88 515 5.33149 25675 231.29 0.0535039 1.20724
89 527 5.9 26389 184.415 0.0560629 1.42369
90 536 5.96808 25880 195.712 0.0546945 1.31422
91 530 5.9 29475 179.947 0.0633033 1.36845
92 526 5.9 26918 218.209 0.0567515 1.16652
93 528 5.9 27384 186.032 0.0581517 1.18813
94 522 5.3082 27720 197.336 0.0579692 1.27614
95 524 5.9 29908 179.252 0.0649128 1.20614
96 515 5.9 27740 208.761 0.0585504 1.25805
97 528 5.9 27176 165.141 0.0583379 1.33058
98 522 5.9 28380 173.543 0.0611284 1.27107
99 521 5.9 27139 182.314 0.0582319 1.17228
100 526 5.9 26110 203.244 0.0551626 1.22398
101 523 5.9 25000 194.007 0.0529034 1.35409
102 525 5.9 26201 205.631 0.055484 1.32282
103 530 5.9 26292 178.296 0.0557585 1.22958
104 526 5.9 23756 208.186 0.0499662 1.14994
105 512 5.9 25410 183.681 0.0545947 1.20938
106 523 5.9 24848 208.838 0.0526683 1.31621
107 514 5.9 27253 169.973 0.0585414 1.28995
108 518 5.9 22875 210.45 0.0481983 1.24888
109 527 5.9 24939 185.092 0.0526263 1.16438
110 518 4.88636 24759 205.453 0.0515058 1.17597
111 520 5.9 27035 202.016 0.0571097 1.47375
112 516 5.9 24134 207.482 0.0506377 1.23206
113 521 5.9 24382 156.235 0.0520804 1.17118
114 529 5.9 23842 190.737 0.0500099 1.26235
115 524 5.9 26496 209.08 0.0561684 1.23331
116 529 5.9 24162 209.363 0.0508489 1.21952
117 526 5.10596 25048 213.081 0.0522471 1.09918
118 529 3.89528 25132 192.2 0.0515473 1.14216
119 513 5.9 26184 217.669 0.0553255 1.15949
120 523 5.9 26488 226.536 0.0559123 1.22801
121 530 5.3612 25088 239.072 0.052453 1.19928
122 526 5.15465 25930 233.1 0.0540853 1.35688
123 521 5.9 25456 236.794 0.0532491 1.20793
124 527 5.9 27737 236.58 0.0583039 1.13616
125 518 5.9 26280 238.778 0.0550013 1.19237
126 524 5.9 27817 238.223 0.0583373 1.19949
127 518 5.9 25170 257.936 0.0524629 1.26014
128 504 5.9 24826 171.712 0.0528966 0.972772
129 509 5.9 24575 153.923 0.0534146 0.967062
130 502 5.46895 25188 160.766 0.0541493 0.92841
131 496 5.9 25490 163.763 0.0551457 1.07652
132 496 5.9 22049 176.609 0.0470208 0.943688
133 501 5.9 22396 168.784 0.0475717 1.04591
134 508 5.9 22451 159.999 0.0483858 0.969053
135 501 5.9 24100 149.024 0.0523983 0.910287
136 495 5.9 20163 158.633 0.0429951 1.00736
137 502 5.9 21112 136.598 0.0454712 1.08807
138 511 5.9 21001 128.465 0.0466043 0.969329
139 503 5.9 24685 151.206 0.0540135 1.07777
140 503 5.9 19906 141.626 0.0442322 1.02645
141 503 5.9 20863 129.569 0.0444978 1.00755
142 508 5.9 20258 126.69 0.0444475 1.0148
143 506 5.9 25163 156.142 0.0544592 1.00316
144 512 5.9 20146 149.303 0.0439776 1.13221
145 496 5.9 21092 132.527 0.0459293 0.936323
146 502 5.9 20922 140.844 0.0442791 0.976507
147 506 5.9 25233 163.235 0.0543791 1.11881
148 505 5.9 20347 172.572 0.0431948 1.12657
149 507 5.9 22587 136.712 0.0488727 0.929956
150 504 5.9 21684 140.461 0.0467072 1.00554
151 505 5.9 25566 159.535 0.0553719 0.933587
152 505 5.9 21962 162.591 0.0467282 1.07731
153 506 5.9 22495 149.757 0.0486653 1.0617
154 509 5.9 22217 155.56 0.0480943 0.86738
155 509 5.9 24295 142.067 0.0529643 0.940703
156 507 5.9 24429 153.928 0.0528106 1.11259
157 511 5.9 24087 137.967 0.0528399 0.966519
158 507 5.9 25107 156.985 0.0542238 0.913367
159 501 5.9 25375 124.609 0.0595455 1.07547
160 511 5.9 24624 158.5 0.0531883 1.03944
161 504 5.9 24314 173.664 0.0512191 1.24282
162 504 5.9 25208 172.509 0.0535701 1.10427
163 515 5.9 27309 206.259 0.0575681 0.997874
164 516 5.9 23152 175.437 0.0491556 1.03512
165 510 5.9 22886 180.019 0.0483976 1.18637
166 513 5.9 23559 176.783 0.0502444 1.02266
167 507 5.9 25269 198.411 0.0533854 1.07889
168 506 5.9 21372 161.551 0.0460063 1.08921
169 514 5.9 23443 165.943 0.0500789 1.1417
170 504 5.9 23039 176.348 0.0487913 1.06271
171 506 5.9 25994 194.084 0.0547194 1.21726
172 512 5.9 20782 154.481 0.0450842 0.944869
173 504 5.9 22756 160.889 0.0488612 1.00097
174 502 5.9 21361 157.863 0.0458386 1.00894
175 509 5.9 26075 191.641 0.0551603 1.1106
176 500 5.9 20838 179.074 0.0441173 0.918029
177 504 5.9 23334 187.884 0.0489798 1.16806
178 507 5.9 21640 180.261 0.0455144 1.01363
179 508 5.9 26234 190.301 0.0557557 1.19742
180 514 5.9 21201 165.747 0.0454835 1.02533
181 500 5.9 23089 182.35 0.0486343 1.3459
182 496 5.9 22700 182.036 0.0483183 0.963102
183 505 5.9 26163 179.357 0.055807 1.12609
184 502 5.9 23415 177.797 0.049772 1.058
185 505 5.9 22982 203.46 0.0482273 1.13155
186 512 5.9 23797 187.975 0.0501392 1.13065
187 502 5.9 24247 188.053 0.0508595 1.39849
188 504 5.9 25070 167.593 0.0535857 1.02214
189 503 5.9 25226 178.196 0.0531215 1.18667
190 499 5.9 25804 174.611 0.0546879 1.14626
191 499 5.9 25711 194.482 0.054617 1.08139
