0 562 5.9 24868 140.019 0.0545522 0.967858
1 559 5.9 25438 138.622 0.0549883 1.07311
2 561 5.9 25654 142.704 0.0551035 1.10667
3 554 5.9 29765 141.216 0.0657463 1.18899
4 558 5.9 22494 144.499 0.0489167 1.08186
5 563 5.9 23099 144.457 0.0501107 0.97299
6 563 5.9 23088 146.625 0.0497354 1.11071
7 563 5.9 26361 102.152 0.0646857 1.00941
8 567 5.9 20310 138.612 0.0427973 0.907652
9 563 5.9 23632 125.993 0.0516317 1.11073
10 563 5.9 21786 127.465 0.0476903 0.993174
11 572 5.9 27264 112.624 0.0597291 0.996714
12 565 5.9 20022 139.604 0.0428316 0.941924
13 565 5.9 22065 133.805 0.0468235 0.886883
14 564 5.9 20956 120.907 0.046061 1.0041
15 561 5.9 28017 134.434 0.061126 1.08494
16 557 5.9 20334 144.933 0.0425691 1.12146
17 565 5.9 22424 133.549 0.0486391 0.992191
18 559 5.9 21020 132.048 0.0444542 0.993591
19 556 5.9 27875 128.697 0.0593362 1.00231
20 560 5.9 20447 143.312 0.0440642 0.964108
21 561 5.9 23454 128.751 0.0495905 1.20122
22 563 5.9 22572 133.119 0.0480389 0.941148
23 552 5.9 27323 119.593 0.0583963 1.26889
24 555 5.9 22484 140.18 0.0482921 1.04276
25 562 5.9 23613 133.725 0.0509391 1.0536
26 570 5.9 23917 143.755 0.0518512 1.04948
27 572 5.9 27148 127.067 0.0597822 0.993288
28 551 5.9 24933 144.406 0.0544362 1.0308
29 555 5.9 24971 113.722 0.055555 1.14142
30 564 5.9 26456 134.07 0.0575698 1.07291
31 567 5.9 27775 113.038 0.0624559 1.06553
32 573 5.9 24567 136.052 0.0534169 0.952101
33 570 5.9 23667 160.021 0.0505986 1.04751
34 563 5.9 25122 146.737 0.0535344 1.08652
35 562 5.9 23431 154.646 0.0509307 0.884453
36 569 5.9 22934 140.692 0.0503071 1.05651
37 571 5.9 21908 167.622 0.0469146 1.06936
38 566 5.9 23042 162.627 0.0496171 1.06261
39 553 5.9 23142 191.823 0.0483694 1.04991
40 557 5.9 20850 142.368 0.0450143 0.932112
41 563 5.9 22572 165.773 0.048281 0.978361
42 571 5.9 22351 145.963 0.0481151 1.04368
43 573 5.9 23752 167.069 0.0503051 1.0338
44 566 5.9 21162 147.435 0.0452987 1.00166
45 559 5.9 21916 136.538 0.0475164 0.930516
46 569 5.9 21817 138.052 0.047986 0.958301
47 567 5.9 24235 155.678 0.0521625 0.995748
48 562 5.9 20374 124.413 0.0439569 1.04425
49 570 5.9 21953 138.562 0.0475305 1.03517
50 558 5.9 22223 138.656 0.0486658 0.812533
51 572 5.9 24203 173.766 0.0514678 1.04107
52 559 5.9 21416 146.427 0.0458142 1.00095
53 554 5.9 22175 166.864 0.047506 0.949806
54 561 5.9 22172 150.946 0.0474505 1.01391
55 561 5.9 23410 164.693 0.0495818 1.01414
56 567 5.9 23316 161.199 0.0501134 1.07672
57 559 5.9 21753 155.547 0.0464092 1.32114
58 565 5.9 22946 164.325 0.0490515 1.01993
59 564 5.9 22557 171.384 0.0482424 1.06447
60 566 5.9 24834 138.643 0.0536877 1.08696
61 566 5.9 23710 162.297 0.0509531 1.02861
62 563 5.9 24507 160.094 0.0526498 1.08099
63 570 5.9 23461 152.248 0.0508774 1.06901
64 410 5.9 26325 151.305 0.0573044 1.1444
65 409 4.72188 26878 153.02 0.0572769 1.15246
66 410 5.9 26178 138.111 0.0573276 1.10292
67 408 5.9 28606 142.842 0.0631039 1.31115
68 411 5.9 23694 155.705 0.0506385 1.34981
69 413 5.9 25094 152.737 0.0539627 1.2978
70 404 5.9 24206 146.38 0.051788 1.29974
71 408 5.9 27462 135.797 0.0603927 1.05677
72 406 5.9 21864 139.566 0.0475809 1.01947
73 409 5.9 24049 135.901 0.0516091 1.06656
74 408 5.9 23201 132.148 0.0490008 1.30974
75 408 5.9 27830 128.77 0.0619261 0.986911
76 409 5.9 21721 135.342 0.046833 1.28459
77 409 5.9 22585 126.86 0.0482026 1.13094
78 405 5.9 21846 133.131 0.0472395 1.18019
79 409 5.9 27740 141.012 0.060399 1.32635
80 403 5.9 20716 122.935 0.0449174 1.16027
81 408 5.9 22878 114.671 0.0496293 1.13446
82 401 5.9 21549 117.584 0.0475707 1.23038
83 406 5.9 27653 129.769 0.0601301 1.2875
84 408 5.9 21576 101.255 0.0485379 0.909569
85 419 5.9 23814 121.826 0.0507579 1.15076
86 411 5.9 22554 118.354 0.0489016 1.10477
87 407 5.9 28426 131.35 0.0627859 1.22429
88 412 5.9 22758 119.443 0.0496335 1.20824
89 403 5.9 23890 117.94 0.0517172 1.15521
90 404 5.9 23635 115.832 0.0517343 1.2203
91 403 5.9 27149 120.96 0.0593625 1.22984
92 400 5.9 26203 124.995 0.0572416 1.25872
93 411 5.9 26744 112.843 0.0590479 1.26383
94 413 5.9 26511 121.682 0.057442 1.2894
95 408 5.9 29137 131.519 0.0645256 1.18736
96 404 5.9 24987 109.359 0.0557131 1.07965
97 409 5.9 24280 129.428 0.0530592 1.24059
98 402 5.9 25264 121.021 0.0555223 1.22794
99 412 5.9 25776 140.334 0.0564938 1.19868
100 413 5.9 24982 131.759 0.0540235 1.45404
101 418 5.9 23245 141.567 0.0504463 1.07822
102 410 5.9 24255 131.18 0.0526081 1.10659
103 406 5.9 23799 138.099 0.05181 1.29623
104 400 5.9 22830 137.214 0.0495109 1.18714
105 400 5.9 23087 149.89 0.0498276 1.15345
106 407 5.9 23276 133.24 0.0513753 1.12627
107 405 5.9 24641 144.217 0.053743 1.24968
108 406 5.9 22173 127.956 0.0486562 1.15601
109 411 4.49165 23671 140.105 0.0505444 1.16834
110 408 5.9 22301 152.195 0.0474143 1.30773
111 407 5.9 25582 150.284 0.0552479 1.24911
112 406 5.9 22129 134.08 0.0481526 1.16086
113 414 5.9 22517 140.546 0.0487444 1.08602
114 404 5.9 22262 149.374 0.0477346 1.13634
115 409 5.9 25434 155.269 0.0550539 1.16014
116 418 5.9 22862 132.2 0.0495345 1.17299
117 408 4.67533 23203 150.606 0.0493266 1.17103
118 414 5.9 22549 147.646 0.0490282 1.21048
119 403 5.9 24592 165.819 0.0528014 1.09902
120 410 5.9 24187 151.092 0.0522448 0.979201
121 405 4.93228 23759 182.034 0.0499555 1.28931
122 405 5.9 23973 141.753 0.0523696 1.06225
123 401 5.9 24419 173.557 0.0524071 1.2685
124 403 5.9 26250 161.445 0.0564707 1.27914
125 402 5.9 25813 171.92 0.0556228 1.26444
126 408 5.9 26213 177.048 0.0560858 1.19781
127 400 5.9 26905 177.218 0.0578768 1.29379
128 500 5.9 24376 128.558 0.0542469 0.888819
129 515 5.9 25209 104.976 0.0557534 1.00534
130 499 5.9 24848 117.97 0.0553338 1.18147
131 506 5.9 26735 93.515 0.0611363 1.10801
132 504 5.9 20936 129.027 0.0459834 1.04262
133 499 5.9 23031 123.734 0.0506018 1.15227
134 499 5.9 22593 132.52 0.0498634 0.874618
135 502 5.9 25713 60.8405 0.0813519 7.6643
136 499 5.9 19745 126.644 0.0433643 0.980199
137 510 5.9 23022 135.637 0.0514318 0.930121
138 510 5.9 21354 144.075 0.046643 0.97519
139 515 5.9 25821 63.4416 0.0814185 6.02646
140 504 5.9 19802 144.007 0.0434811 1.09523
141 498 5.9 21180 107.126 0.049516 1.1534
142 501 5.9 20630 123.811 0.0469838 1.06617
143 504 5.9 24514 111.46 0.0573524 1.05044
144 511 5.9 19911 144.456 0.0435612 0.975472
145 504 5.9 21097 122.795 0.0477155 1.0737
146 503 5.9 19374 128.696 0.0424851 0.918037
147 506 5.9 24898 117.296 0.0559413 0.946563
148 506 5.9 19864 142.323 0.0429724 1.07461
149 492 5.9 21561 120.814 0.0488912 0.983347
150 500 5.9 20875 107.167 0.0513057 1.48578
151 504 5.9 24887 110.165 0.0568861 1.04144
152 502 5.9 21714 140.604 0.0475323 1.17409
153 513 5.9 23931 135.589 0.0518883 1.10808
154 501 5.9 22338 122.994 0.0495463 1.27414
155 506 5.9 25124 76.3469 0.0636518 6.17276
156 508 5.9 24808 119.246 0.0560149 0.92214
157 502 5.9 25298 121.18 0.0542492 1.00536
158 505 5.9 25917 115.758 0.057951 0.952416
159 507 5.9 24954 83.426 0.0625626 1.43844
160 507 5.9 25272 126.993 0.0552914 1.2216
161 504 5.9 24893 144.219 0.0537899 1.11999
162 509 5.9 25870 132.023 0.0565813 1.02683
163 513 5.9 25316 138.756 0.0555227 1.20631
164 502 5.9 22523 132.187 0.0497958 0.873832
165 511 9.22692 27317 145.148 0.0669236 1.22355
166 497 5.9 23109 147.281 0.0505993 1.07846
167 495 5.9 24933 148.506 0.0538922 1.12554
168 513 5.9 20557 130.796 0.0456787 1.06898
169 504 5.9 23073 174.663 0.0491769 0.99785
170 505 5.9 22021 151.822 0.0474928 0.947814
171 500 5.9 25634 166.114 0.0548935 1.14433
172 506 5.9 20707 147.38 0.0452306 0.985245
173 511 5.9 23251 165.677 0.0495102 1.09548
174 497 5.9 22245 146.618 0.0482466 0.988762
175 506 5.9 25239 153.524 0.0544804 0.982656
176 513 5.9 20438 131.235 0.0456211 0.875752
177 497 5.9 22967 163.74 0.0494067 1.00789
178 501 5.9 22228 147.741 0.0480761 0.991745
179 502 5.9 25216 164.534 0.0539879 1.0774
180 509 5.9 21449 152.975 0.0462546 0.978922
181 502 5.9 23541 181.707 0.0499359 1.04155
182 507 5.2384 22374 164.783 0.0476963 1.00759
183 506 5.9 24759 163.24 0.053161 1.25256
184 502 5.9 22119 159.553 0.0477246 0.930632
185 511 5.9 23709 180.285 0.0501045 1.12378
186 505 5.9 23518 160.377 0.0511947 1.0086
187 509 5.9 23927 145.27 0.052055 1.07258
188 506 5.9 24667 131.254 0.0541992 1.05198
189 506 5.9 24453 154.443 0.0527188 1.0172
190 508 5.9 25024 153.701 0.0538165 1.16093
191 495 5.9 25570 156.451 0.0549996 1.35961
