0 472 5.9 25807 105.397 0.0574424 1.25503
1 478 5.9 26704 108.896 0.0573405 1.14633
2 465 5.9 26892 110.055 0.0597324 1.23865
3 468 5.9 30687 106.697 0.0665824 1.14009
4 469 5.9 21960 126.114 0.047898 1.07869
5 477 5.9 25010 124.478 0.0545268 1.24415
6 472 5.9 25073 135.69 0.0539887 1.2258
7 471 5.9 28483 118.879 0.0624954 1.02693
8 473 5.9 20110 149.594 0.043382 1.14419
9 475 5.9 24817 136.375 0.0536751 1.14991
10 468 5.9 23553 151.69 0.049865 1.28158
11 473 5.9 28347 124.265 0.0620168 1.06501
12 464 5.9 19397 141.575 0.0420649 1.07288
13 478 5.9 19819 131.548 0.043044 1.12952
14 479 5.9 19680 131.62 0.0423477 1.20502
15 473 5.9 26845 110.57 0.0596761 1.13082
16 471 5.9 19890 140.562 0.0430363 1.01477
17 479 5.9 20327 137.689 0.04359 0.914582
18 473 5.9 20266 139.281 0.043404 1.11771
19 468 5.9 27191 116.032 0.0608015 1.19918
20 474 5.9 20381 137.72 0.0439827 1.0247
21 471 5.9 24381 133.841 0.053178 1.11449
22 469 5.9 24355 136.002 0.0523759 1.12613
23 471 5.9 28126 118.599 0.0612716 1.23216
24 469 5.9 22045 119.665 0.0485773 1.11594
25 479 5.9 24497 116.898 0.0524595 1.27161
26 478 5.9 24675 111.41 0.054144 1.17776
27 477 5.9 27829 109.621 0.0614479 1.20679
28 466 5.9 25553 103.343 0.0573861 1.08473
29 475 5.9 27012 111.143 0.0580128 1.46239
30 470 5.9 27318 113.523 0.058294 1.02121
31 471 5.9 30181 98.3698 0.0695143 1.20162
32 476 5.9 25952 102.861 0.057427 0.963503
33 476 5.9 24445 118.491 0.0535597 0.905132
34 478 5.9 26945 120.187 0.0592194 0.94212
35 475 5.9 24651 130.192 0.0541857 0.960043
36 468 5.9 23268 128.842 0.0506317 0.954362
37 474 5.9 23957 141.575 0.0523364 1.14985
38 474 5.9 23851 134.285 0.0516142 0.956818
39 469 5.9 23167 136.853 0.0504789 1.23079
40 471 5.9 21575 139.15 0.0464517 0.935574
41 466 5.9 24420 156.109 0.0524856 1.22648
42 474 5.9 24035 159.667 0.0514971 0.993849
43 470 5.9 25169 150.365 0.0542329 1.37614
44 477 5.9 20390 144.243 0.0444075 0.971356
45 462 5.9 23193 157.876 0.0499167 1.01968
46 463 5.9 21997 153.316 0.047321 1.23412
47 473 5.9 25076 149.203 0.0541094 1.1652
48 474 5.9 20379 147.705 0.0437061 1.06674
49 478 5.9 23238 158.663 0.050014 1.06946
50 472 5.9 22396 167.655 0.0477155 1.00332
51 468 5.9 25723 174.204 0.0545699 1.28709
52 478 5.9 20270 141.671 0.0442414 1.04421
53 465 4.11195 24402 168.628 0.0509946 1.02551
54 472 5.9 23488 159.155 0.0506417 1.10574
55 484 5.9 25645 154.643 0.0552458 1.27395
56 476 5.9 22296 128.206 0.0492341 0.970032
57 473 5.9 23785 145.751 0.0515915 1.1374
58 466 5.9 23872 162.83 0.0505994 1.25691
59 476 5.9 23637 143.606 0.0510022 1.10409
60 471 5.9 26526 110.727 0.059269 1.10946
61 470 5.9 24496 135.468 0.0533981 1.03645
62 472 5.9 25520 130.152 0.0554511 0.963871
63 465 5.9 24373 133.983 0.0530881 1.21709
64 477 5.2592 28786 278.972 0.0588794 1.15371
65 480 5.17059 27171 275.02 0.0552757 1.09474
66 477 5.87776 29384 281.85 0.060374 1.15608
67 476 5.9 31361 258.205 0.0653754 1.14048
68 475 5.9 23772 305.61 0.0481396 1.25066
69 468 5.79337 25645 289.114 0.051818 1.22874
70 483 5.89825 25676 300.983 0.0524498 1.15158
71 475 6.4266 28765 273.498 0.0593636 1.39077
72 474 5.38352 21448 290.775 0.0434058 0.984276
73 466 6.01622 24656 300.541 0.0498667 1.26776
74 474 5.53224 23762 297.138 0.0478904 1.08027
75 474 6.34902 28352 281.925 0.0585692 1.13425
76 468 5.9 21557 303.54 0.0433571 1.17945
77 477 5.39834 20371 255.638 0.0408626 1.09702
78 477 5.9 20204 288.765 0.0404045 1.15961
79 470 5.9 26177 282.111 0.0538407 1.21737
80 472 5.73559 21362 292.917 0.043314 1.02242
81 471 5.84228 20552 248.637 0.041759 0.991863
82 470 5.57849 20225 260.159 0.0408001 1.06802
83 487 5.83381 26648 289.091 0.0548683 1.22777
84 476 5.59799 22532 295.814 0.045241 1.17937
85 479 5.6203 24545 275.013 0.0498667 1.18055
86 475 5.96117 23949 299.738 0.048368 1.13578
87 470 6.58164 28146 305.988 0.0576793 1.32437
88 476 5.78775 23919 324.23 0.0484705 1.17943
89 472 5.9 24814 289.041 0.0504832 1.28571
90 464 6.22562 25032 298.662 0.0512334 1.13022
91 477 6.05345 27904 265.896 0.0578494 1.20737
92 473 5.57107 28553 303.029 0.0579268 1.21731
93 467 6.20695 28468 287.769 0.0588357 1.23534
94 469 6.64838 28496 297.265 0.0589717 1.09975
95 471 5.9 30276 271.123 0.062894 1.22421
96 475 5.9 27817 258.588 0.0576867 1.26793
97 471 5.13269 29229 262.097 0.0605237 1.2266
98 477 5.53239 29665 299.481 0.0611366 1.30405
99 473 5.9 30618 289.399 0.0634034 1.4178
100 466 5.88514 25853 305.844 0.0531389 1.08385
101 475 5.9 25803 297.501 0.0529998 1.24943
102 468 5.9911 26912 310.727 0.055411 1.22786
103 474 5.9 28096 271.922 0.058231 1.21816
104 465 5.72898 23095 297.456 0.0465629 1.20068
105 468 5.34157 25579 294.42 0.052604 1.27046
106 472 5.5416 26296 309.83 0.0538162 1.26483
107 470 5.9 28437 259.789 0.0591813 1.26705
108 477 5.78517 22844 296.383 0.0464944 1.14346
109 475 5.04829 25148 285.994 0.0509265 1.21034
110 475 5.55362 23535 295.453 0.0475239 1.27814
111 475 5.9 29224 268.2 0.0604776 1.3321
112 473 5.22365 22288 279.966 0.0452288 1.19524
113 474 5.9 24946 299.137 0.0510474 1.27613
114 474 5.8602 23269 307.837 0.0474715 1.19284
115 476 5.9 29049 266.134 0.0605298 1.26718
116 474 5.8058 23221 297.617 0.0470812 1.2226
117 486 5.9 26082 311.338 0.0537555 1.28843
118 472 5.62007 24886 299.861 0.0510331 1.22259
119 474 5.9 29122 268.499 0.0606889 1.24187
120 468 5.27236 24633 307.854 0.0501341 1.18782
121 473 5.31085 26444 326.657 0.0541235 1.27001
122 472 5.57683 26310 321.984 0.0538432 1.28872
123 469 5.9 28418 300.787 0.0587116 1.37686
124 475 6.05167 28333 287.457 0.0584264 1.16752
125 475 6.02081 29245 314.982 0.06051 1.24739
126 467 6.22912 29020 308.134 0.059895 1.13648
127 471 5.9 30464 299.117 0.0632603 1.36513
128 554 6.75186 27097 353.805 0.0555796 1.22773
129 553 5.9 27694 350.858 0.0558855 1.24371
130 551 7.4241 27132 358.347 0.0556319 1.23198
131 549 5.9 30658 347.569 0.0622491 1.343
132 559 6.98523 23323 383.377 0.0474339 1.2376
133 543 7.39808 23172 392.7 0.0471007 1.13056
134 556 5.9 25105 374.803 0.049067 1.163
135 546 7.999 27575 359.274 0.0570552 1.13103
136 538 5.9 24087 375.235 0.0461973 1.23568
137 544 7.02217 23425 341.341 0.0473935 1.10486
138 551 6.22618 22579 338.134 0.0445252 1.46738
139 546 5.9 28967 371.66 0.0578162 1.18719
140 547 6.43553 22240 361.19 0.0450948 1.14097
141 555 7.88204 22173 360.98 0.0445414 1.12628
142 543 6.77121 22260 341.917 0.0448863 1.11141
143 557 5.9 28431 387.767 0.0568155 1.60925
144 552 5.9 23180 376.37 0.046155 1.21627
145 557 5.9 23063 334.028 0.0444501 1.23446
146 556 6.72957 21811 335.331 0.0431857 1.28674
147 555 5.9 28332 361.425 0.0570085 1.46793
148 549 7.85069 22409 384.896 0.0454773 1.16697
149 549 5.9 24263 363.508 0.047207 1.1261
150 554 6.94023 23230 376.68 0.0463354 1.40037
151 539 7.19006 27345 349.74 0.055926 1.14684
152 549 6.48755 23932 381.359 0.0481367 1.31271
153 552 5.9 24308 350.943 0.0482812 1.12745
154 552 7.57202 23590 379.777 0.0476837 1.2486
155 552 5.9 27411 341.098 0.0550708 1.18222
156 548 6.9982 25500 375.766 0.0519635 1.2332
157 553 7.55133 26209 327.772 0.0539161 1.21445
158 553 5.9 27529 316.663 0.0559016 1.26346
159 553 5.9 29015 314.976 0.0593184 1.23969
160 546 5.9 27867 384.811 0.0562154 1.13511
161 539 5.9 27872 388.115 0.0556177 1.25657
162 546 5.9 28169 378.511 0.0569336 1.18378
163 546 5.9 29198 419.976 0.0595618 1.36101
164 548 5.9 25318 405.722 0.0498792 1.10905
165 553 6.70743 26023 403.151 0.0531723 1.25069
166 549 5.9 25976 409.004 0.0509395 1.14385
167 561 5.9 28767 404.735 0.0587433 1.22932
168 545 5.9 25206 405.514 0.0490265 1.24977
169 553 5.9 26115 385.339 0.0508522 1.19421
170 547 7.2874 24539 415.093 0.0497508 1.18554
171 553 5.9 28853 398.435 0.0591465 1.34644
172 557 7.45011 24224 385.682 0.0497049 1.17094
173 554 5.9 25245 377.805 0.0495883 1.2141
174 552 7.09856 23984 367.433 0.0488247 1.1139
175 558 5.9 27927 361.953 0.0577883 1.20599
176 543 7.01167 23733 365.4 0.0485271 1.24502
177 545 5.9 24331 341.724 0.0492249 1.29712
178 557 6.87803 23339 370.381 0.0472144 1.21813
179 559 5.9 27950 368.721 0.0576167 1.25956
180 540 7.3089 23507 381.096 0.0480516 1.24169
181 546 6.84047 25156 356.398 0.0513823 1.2768
182 545 6.59516 23898 360.708 0.0484238 1.21055
183 549 5.9 28095 361.438 0.0579474 1.34371
184 550 7.4421 24685 421.763 0.050534 1.26521
185 534 5.9 25975 400.522 0.0507293 1.30819
186 553 5.9 26241 379.308 0.0516382 1.36709
187 545 5.9 27711 364.741 0.0573437 1.28879
188 550 6.82042 27135 359.886 0.0555326 1.34325
189 551 5.9 27899 378.196 0.054448 1.17593
190 544 5.9 28771 390.432 0.0554133 1.27782
191 558 5.9 30194 364.709 0.0626987 1.27351
