0 601 0 468203 0 0 0
1 589 0 420464 0 0 0
2 595 0 462046 0 0 0
3 581 0 418161 0 0 0
4 601 0 470156 0 0 0
5 600 0 420772 0 0 0
6 596 0 417377 0 0 0
7 594 0 456129 0 0 0
8 595 0 433905 0 0 0
9 591 0 457017 0 0 0
10 577 0 417843 0 0 0
11 593 0 466797 0 0 0
12 592 0 433285 0 0 0
13 597 0 407529 0 0 0
14 590 0 450225 0 0 0
15 590 0 458599 0 0 0
16 586 0 447427 0 0 0
17 589 0 452082 0 0 0
18 584 0 467711 0 0 0
19 601 0 439110 0 0 0
20 604 0 462171 0 0 0
21 600 0 444779 0 0 0
22 600 0 444030 0 0 0
23 595 0 415635 0 0 0
24 592 0 426646 0 0 0
25 589 0 468074 0 0 0
26 606 0 451309 0 0 0
27 603 0 457797 0 0 0
28 592 0 415839 0 0 0
29 605 0 421982 0 0 0
30 590 0 451879 0 0 0
31 585 0 462276 0 0 0
32 605 0 411966 0 0 0
33 600 0 465187 0 0 0
34 591 0 469783 0 0 0
35 585 0 409842 0 0 0
36 589 0 454629 0 0 0
37 592 0 465279 0 0 0
38 598 0 456909 0 0 0
39 590 0 409675 0 0 0
40 598 0 432665 0 0 0
41 601 0 439452 0 0 0
42 592 0 415998 0 0 0
43 593 0 419807 0 0 0
44 595 0 460453 0 0 0
45 597 0 423523 0 0 0
46 578 0 452402 0 0 0
47 595 0 399050 0 0 0
48 591 0 468583 0 0 0
49 590 0 433586 0 0 0
50 592 0 467699 0 0 0
51 601 0 397813 0 0 0
52 592 0 463055 0 0 0
53 592 0 401031 0 0 0
54 593 0 390460 0 0 0
55 590 0 444043 0 0 0
56 586 0 417614 0 0 0
57 582 0 439868 0 0 0
58 588 0 430169 0 0 0
59 592 0 415082 0 0 0
60 591 0 425234 0 0 0
61 597 0 429986 0 0 0
62 601 0 448134 0 0 0
63 597 0 438381 0 0 0
64 529 5.9 28830 329.027 0.0594927 1.27913
65 525 5.9 29551 320.849 0.061247 1.23758
66 523 6.59363 29070 307.346 0.0605845 1.19452
67 526 5.9 32111 306.816 0.0676051 1.31778
68 524 5.43425 24773 299.218 0.0510183 1.23183
69 521 5.9 26704 338.892 0.0545701 1.24722
70 523 6.00613 25266 296.28 0.0523946 1.20816
71 510 5.9 29676 288.213 0.0618763 1.33458
72 520 5.9 20607 304.732 0.0419917 1.31178
73 520 6.19848 21748 316.349 0.0445511 1.13058
74 521 5.8303 20615 283.023 0.0425339 1.12311
75 519 5.9 26366 294.641 0.0551612 1.20037
76 531 5.13094 20079 270.876 0.041121 1.20544
77 532 6.34734 20027 317.076 0.0411668 1.15804
78 517 5.4885 20336 284.287 0.0416152 1.17536
79 526 5.9 25031 305.647 0.0520415 1.22151
80 528 5.20438 20906 292.173 0.0428557 1.20641
81 519 6.39402 20366 297.672 0.041844 1.1702
82 528 6.53837 19429 292.983 0.0401099 1.08158
83 522 5.9 25230 308.089 0.0522611 1.32995
84 525 5.04735 21227 268.82 0.0437062 1.10862
85 526 5.9 23058 293.963 0.0473288 1.21047
86 529 5.90247 20683 280.875 0.0428273 1.05401
87 518 5.9 27880 278.826 0.0582827 1.37102
88 523 5.49833 25315 279.728 0.0523694 1.37925
89 522 6.13719 26524 281.965 0.0551877 1.22677
90 526 5.9 24782 276.924 0.0515419 1.22788
91 517 5.9 29767 279.261 0.062535 1.22722
92 520 5.22921 28471 267.833 0.0594299 1.18236
93 530 6.05253 28436 273.066 0.0594704 1.21455
94 514 6.07382 28327 278.327 0.0591957 1.30128
95 520 5.9 32830 271.27 0.0696062 1.4069
96 529 6.4522 28853 281.964 0.0606524 1.29572
97 520 5.61906 28181 281.894 0.0590645 1.27913
98 522 4.89367 29548 272.185 0.0615299 1.26601
99 528 5.9 29135 293.563 0.0609569 1.4288
100 524 6.01891 27074 284.323 0.056521 1.2729
101 530 5.9 26500 276.708 0.0558161 1.28317
102 527 6.53964 27109 312.112 0.0567994 1.2728
103 523 5.9 27737 290.657 0.0580876 1.25663
104 526 5.9 25008 298.136 0.051955 1.14576
105 529 5.9 26761 288.266 0.0559313 1.30068
106 523 5.9 25746 286.284 0.0536353 1.27618
107 523 5.9 28986 274.83 0.0608907 1.32803
108 522 5.9 22945 278.713 0.0475863 1.13806
109 522 5.52957 26298 273.058 0.0548575 1.24114
110 528 5.9 25704 279.192 0.0537033 1.2308
111 527 5.9 28181 274.069 0.0592369 1.25604
112 524 6.2758 23579 294.84 0.0488329 1.11635
113 515 6.0296 25950 297.571 0.0538522 1.38735
114 530 6.10989 25649 297.253 0.0534166 1.32012
115 528 5.9 27788 268.545 0.0582666 1.50162
116 528 6.07676 24315 308.258 0.0501364 1.12606
117 525 5.84632 25565 275.173 0.0534701 1.19459
118 521 3.90927 31313 321.942 0.0554196 1.20575
119 532 5.9 27723 294.253 0.0578883 1.37968
120 519 6.15561 26789 317.416 0.055817 1.13197
121 528 5.9 26105 298.149 0.0545398 1.27728
122 520 5.6696 27032 318.524 0.0562963 1.24706
123 520 5.9 26923 284.871 0.0565621 1.2482
124 528 5.9 29076 319.46 0.0603207 1.25034
125 524 5.9 27795 305.065 0.0576216 1.25049
126 523 4.16618 33015 316.719 0.0600913 1.17913
127 521 5.9 27965 319.338 0.0586448 1.35167
128 503 5.9 25953 240.415 0.0543005 1.2667
129 497 5.9 25749 245.266 0.053613 1.24369
130 501 5.9 25896 235.878 0.0538483 1.33521
131 503 5.9 27908 235.172 0.0590453 1.26153
132 503 5.9 23675 216.136 0.0496461 1.25699
133 494 5.9 23016 231.881 0.0477645 1.14373
134 504 5.9 23525 234.292 0.0490263 1.14202
135 507 5.9 26460 218.904 0.0559259 1.22318
136 512 5.9 22393 210.397 0.0470603 1.17156
137 506 5.9 21935 223.082 0.0458569 1.10653
138 503 5.37978 22171 225.175 0.0460401 1.21601
139 500 5.9 25906 207.811 0.0547085 1.14923
140 503 5.9 22407 228.74 0.0464201 1.23557
141 506 5.9 20363 218.885 0.0423428 1.25579
142 501 5.9 20574 205.761 0.0427976 1.257
143 497 5.9 26146 235.485 0.0546223 1.30953
144 502 5.9 22354 220.686 0.0466392 1.15347
145 509 5.9 20240 205.231 0.0424376 1.06006
146 491 5.429 20655 218.05 0.0428725 1.24455
147 502 5.9 24887 208.097 0.0525557 1.2691
148 510 5.9 21915 199.363 0.0460351 1.303
149 493 5.9 21373 211.863 0.0446755 1.25056
150 501 5.04114 21281 200.021 0.0441763 1.24432
151 499 5.9 26049 211.79 0.0550476 1.14682
152 500 5.9 23492 193.656 0.0492088 1.32742
153 501 5.9 22867 198.101 0.0481924 1.13861
154 499 5.9 22442 188.115 0.0473942 1.04563
155 511 5.9 26357 194.67 0.0557718 1.30543
156 499 5.9 25731 179.763 0.0545231 1.26002
157 505 5.9 24808 170.67 0.053093 1.06345
158 502 5.9 25228 177.32 0.0535771 1.00619
159 494 5.9 27258 183.925 0.0582247 1.20637
160 504 5.9 25779 188.791 0.0548151 1.17788
161 503 5.9 25597 193.443 0.0542932 1.22014
162 506 5.9 26127 192.568 0.0551326 1.27993
163 499 5.9 28445 230.718 0.0601398 1.27932
164 498 5.9 24915 208.809 0.052447 1.20075
165 500 5.16534 24719 220.984 0.0516032 1.2466
166 494 5.9 24858 203.473 0.0523891 1.31503
167 504 5.9 26287 221.719 0.0551992 1.42112
168 505 5.9 24242 228.403 0.0506253 1.20288
169 512 5.9 24870 222.479 0.0523524 1.29072
170 503 5.9 25135 213.099 0.0531241 1.26466
171 497 5.9 27354 261.301 0.0574082 1.29869
172 504 5.9 24334 212.458 0.0511386 1.26715
173 502 5.9 24583 234.787 0.0515754 1.35069
174 500 5.9 24682 231.293 0.0517603 1.27976
175 510 5.9 27743 250.025 0.0585494 1.32007
176 505 5.9 24284 238.968 0.0506231 1.17814
177 505 5.26828 25375 236.214 0.053223 1.2951
178 501 5.50908 25081 251.222 0.0522171 1.44796
179 499 5.9 27208 259.557 0.0572561 1.34361
180 497 5.9 24407 230.763 0.0508877 1.2938
181 507 5.44932 25128 262.293 0.0524542 1.35801
182 501 5.9 24962 238.724 0.0523688 1.27942
183 499 5.9 27752 266.348 0.058248 1.41299
184 499 5.9 24699 239.345 0.0516607 1.26995
185 496 5.45421 24250 254.657 0.0506854 1.21585
186 505 5.9 24955 252.369 0.052082 1.32413
187 498 5.9 25950 247.565 0.0546681 1.35627
188 495 5.9 26682 251.303 0.0557855 1.22385
189 499 5.9 25591 237.361 0.0533049 1.41645
190 504 5.9 26650 254.205 0.0557097 1.14372
191 507 5.9 27162 259.047 0.0573268 1.27018
