0 502 5.9 24243 102.8 0.0610713 1.39457
1 504 5.9 24477 109.681 0.0563667 0.94455
2 505 5.9 24728 109.357 0.0574808 1.02161
3 499 5.9 16517 39.3084 0.0550239 14.1858
4 505 5.9 22220 176.077 0.0470679 1.11813
5 499 5.9 22704 151.242 0.0485831 1.00062
6 498 5.9 22072 166.845 0.0470077 0.958666
7 496 5.9 17799 130.092 0.0395613 1.05193
8 507 5.9 22848 102.114 0.058088 2.38322
9 503 5.9 23815 135.593 0.0508612 1.05305
10 498 5.9 23269 146.708 0.0502979 1.11083
11 501 5.9 17793 128.906 0.0399811 0.952766
12 505 5.9 22119 113.019 0.0496451 0.911677
13 496 5.9 23454 129.659 0.0507113 1.04724
14 503 5.9 22633 149.696 0.049 1.07894
15 504 5.9 18206 139.19 0.0393964 0.898733
16 498 5.9 21617 110.223 0.0475168 0.978762
17 501 5.9 24102 138.267 0.051502 1.0928
18 503 5.9 23091 133.268 0.0502403 1.05578
19 496 5.9 18149 135.698 0.0399257 0.936572
20 491 5.9 22602 137.039 0.0491495 1.01441
21 497 5.9 23109 75.784 0.0675205 2.91526
22 502 5.9 23320 83.7338 0.0637109 7.19344
23 496 5.9 18236 120.606 0.0397617 0.924102
24 502 5.9 22820 140.448 0.0501705 0.897815
25 499 5.9 23023 100.242 0.0581079 1.27586
26 491 5.9 22730 120.144 0.0521958 0.960346
27 500 5.9 17892 95.4887 0.0434845 1.04972
28 506 5.9 24837 49.8001 0.0927403 3.85762
29 502 5.9 24316 34.1911 0.1 10.2824
30 496 5.9 25139 11.1568 0.1 58.5356
31 503 5.9 16868 4.8418 0.1 56.4556
32 507 5.9 24260 42.0918 0.0857362 12.0574
33 502 5.9 23216 82.1862 0.0606666 0.978982
34 495 5.9 24097 67.2094 0.0669493 7.49714
35 505 5.9 21111 71.7614 0.0602495 4.4696
36 497 5.9 22905 149.419 0.0495848 1.01006
37 502 5.9 22340 160.335 0.0480954 0.914836
38 497 5.9 22911 158.781 0.0490143 0.965141
39 489 5.9 22543 125.7 0.0507349 0.81313
40 507 5.9 22754 146.905 0.0481424 1.08312
41 510 5.9 21921 121.397 0.0522939 1.33123
42 497 5.9 22997 135.462 0.0525935 1.16743
43 496 5.9 23133 110.547 0.0576464 3.17432
44 509 5.9 21962 112.071 0.0480355 1.25807
45 501 5.9 21493 137.98 0.0472152 1.1212
46 500 5.9 22812 143.811 0.0497368 0.817913
47 504 5.9 23374 149.358 0.0514682 0.997582
48 507 5.9 21933 124.403 0.0492118 0.971813
49 499 5.9 21809 155.684 0.0474267 0.91418
50 508 5.9 22450 141.796 0.0480576 1.01286
51 510 5.9 23484 157.64 0.0505328 0.962961
52 510 5.9 23321 131.145 0.0525316 1.08614
53 501 5.9 21085 156.122 0.0448804 1.13128
54 499 5.9 22245 163.794 0.0477766 0.997173
55 504 5.9 22757 141.761 0.0510931 0.989708
56 506 5.9 22410 174.363 0.0477487 0.95627
57 502 5.9 20628 175.892 0.0438773 1.03687
58 497 5.9 22464 191.747 0.0471611 1.05727
59 501 5.9 21754 153.572 0.0471159 0.948058
60 510 5.9 24358 99.2788 0.0630051 1.99644
61 505 5.9 22326 127.96 0.0486735 1.03222
62 501 5.9 23848 98.7942 0.0617833 2.29486
63 500 5.9 20543 106.515 0.0532936 1.11964
64 471 5.9 24635 83.6513 0.0646379 1.13933
65 454 5.9 23111 73.8282 0.0591375 1.11113
66 463 5.9 24811 81.495 0.0650478 1.03967
67 453 5.9 17213 90.4723 0.0439983 1.06103
68 448 5.9 23439 117.842 0.0524876 1.06126
69 462 5.9 23005 114.375 0.0499968 1.02964
70 448 5.9 23184 116.612 0.052239 0.996258
71 460 5.9 17857 95.5379 0.044311 0.941377
72 457 5.9 22630 116.45 0.0494733 1.05245
73 453 5.9 23853 92.0831 0.0616544 1.33102
74 456 5.9 22758 75.2883 0.0662051 2.03253
75 463 5.9 18645 105.47 0.0409516 0.942186
76 460 5.9 21790 71.6696 0.0643262 1.64597
77 460 5.9 22639 105.57 0.0499952 0.964384
78 461 5.9 22965 122.477 0.0494358 0.926302
79 465 5.9 18229 98.8247 0.0432025 1.38481
80 458 5.9 21948 103.01 0.0486994 0.903431
81 450 5.9 22011 92.2515 0.0511679 1.14815
82 454 5.9 21640 110.616 0.0473903 1.01262
83 467 5.9 17954 94.4803 0.0423741 1.0464
84 455 5.9 21400 116.104 0.0483519 0.917156
85 460 5.9 23870 111.607 0.0533358 1.08463
86 465 5.9 22619 88.65 0.0594884 1.18915
87 467 5.9 18632 106.597 0.0402134 1.14704
88 461 5.9 23593 131.378 0.0518368 1.09191
89 465 5.9 23465 121.712 0.050748 1.01654
90 456 5.9 23109 116.796 0.0513775 0.985203
91 461 5.9 17967 77.6337 0.0505817 1.70122
92 456 5.9 24550 81.2519 0.0681342 1.47504
93 454 5.9 24599 54.5607 0.0842917 6.51428
94 454 5.9 25342 76.8578 0.0731462 1.93233
95 450 5.9 17886 97.6563 0.0410853 1.0834
96 461 5.9 26044 106.252 0.0618669 1.00233
97 464 5.9 25253 128.151 0.0540563 1.05405
98 452 5.9 26138 112.714 0.0593303 1.03662
99 453 5.9 24697 104.239 0.0619822 0.853595
100 461 5.9 23675 133.786 0.0502508 1.28519
101 466 5.9 22690 149.564 0.0490355 1.02838
102 453 5.9 23671 157.673 0.0506284 1.08901
103 454 5.9 23894 139.27 0.0517877 0.959826
104 454 5.9 21910 112.795 0.0480768 0.889707
105 454 5.9 23151 136.621 0.050278 1.21789
106 450 5.9 23018 131.554 0.0492706 1.04011
107 454 5.9 25056 136.332 0.0535173 1.0524
108 456 5.9 21029 67.1827 0.0651659 1.92517
109 453 5.9 22320 133.396 0.0470808 1.07487
110 458 5.9 22408 113.834 0.049766 0.973016
111 451 5.9 24546 125.331 0.0525475 1.04526
112 458 5.9 21656 88.2861 0.0499746 1.12959
113 449 5.9 22063 127.525 0.0486503 0.893119
114 455 5.9 22556 108.302 0.0502519 1.00443
115 455 5.9 24442 133.866 0.0519286 1.07508
116 457 5.9 22666 110.28 0.0507969 1.0897
117 469 5.9 23172 127.022 0.0505172 0.944391
118 453 5.9 23047 116.459 0.0512751 1.02786
119 458 5.9 23493 128.711 0.0514647 0.951628
120 456 5.9 23197 122.208 0.0510681 1.10612
121 464 5.9 21787 140.03 0.0474353 1.0084
122 459 5.9 22872 138.761 0.0496901 0.904693
123 464 5.9 22377 129.471 0.0492168 0.987067
124 461 5.9 24729 95.8664 0.0586003 1.00672
125 466 5.9 23964 117.727 0.0524348 0.965872
126 457 5.9 24947 105.633 0.0549302 0.926689
127 459 5.9 23842 100.86 0.0559485 0.971648
128 528 5.9 23604 211.935 0.0491324 1.05786
129 533 5.9 24807 209.049 0.0515573 1.13051
130 513 5.9 24427 212.995 0.0508648 0.979922
131 527 5.9 18178 192.29 0.0399631 1.33462
132 521 5.9 20750 264.404 0.0422347 1.11462
133 525 5.9 22304 242.405 0.0455529 1.12503
134 521 6.7311 21853 269.3 0.0446271 1.14725
135 524 5.9 22626 152.554 0.0565632 1.35182
136 528 5.9 19491 260.965 0.0395479 0.950439
137 516 5.9 21900 239.92 0.0446728 1.03217
138 528 5.9 21506 238.297 0.0436613 1.05458
139 522 5.9 23703 180.179 0.0549806 1.08467
140 527 5.9 20653 265.212 0.0421066 0.879755
141 517 5.9 20964 238.151 0.0427186 0.942765
142 530 5.9 20683 259.722 0.0416239 1.11035
143 521 5.9 24122 190.392 0.0546731 1.05866
144 518 5.9 21039 250.303 0.0427579 1.13498
145 529 5.9 21504 235.844 0.0438651 1.0854
146 532 6.42494 21579 255.36 0.0441116 0.95458
147 531 5.9 24086 184.812 0.0542212 1.06825
148 533 5.9 20849 253.749 0.0423356 1.0379
149 515 5.9 23338 245.857 0.0475257 1.06579
150 521 5.9 21933 253.256 0.0444926 1.06148
151 524 5.9 25029 170.742 0.0588926 1.07443
152 518 5.9 21761 254.362 0.0442068 1.06125
153 531 5.9 22432 269.043 0.0456044 1.00138
154 529 5.9 22452 266.248 0.0456579 1.05763
155 525 5.9 23477 169.084 0.0566973 1.19817
156 532 5.9 24977 257.461 0.0511749 1.02076
157 519 5.9 24701 252.574 0.050452 1.10412
158 522 5.9 25133 248.045 0.051844 0.943648
159 525 5.9 22850 196.511 0.0513179 2.42607
160 520 5.9 25077 274.679 0.0512901 0.983692
161 520 5.9 24511 255.438 0.0501222 1.12383
162 530 5.9 25236 263.167 0.0515807 1.0861
163 532 5.9 25759 274.19 0.0529638 1.05159
164 524 5.9 22512 280.58 0.0455543 1.10642
165 519 4.27506 24964 289.864 0.0455952 1.28104
166 527 5.9 23461 277.087 0.047751 1.15898
167 517 5.9 23459 269.887 0.0479639 1.02746
168 521 4.24636 23681 283.275 0.0443791 1.05163
169 526 5.9 23705 229.651 0.0487545 1.08879
170 517 6.14026 23107 275.288 0.0467926 1.08772
171 532 5.9 24702 279.427 0.0506268 1.01076
172 530 5.9 22220 281.167 0.0450514 1.10005
173 522 5.88582 21911 234.866 0.0450848 1.15142
174 530 5.9 21915 254.845 0.0446798 1.00088
175 522 5.9 24843 248.677 0.051249 1.12825
176 527 5.9 21293 282.992 0.0430913 1.0864
177 528 5.9 22162 245.562 0.0453105 1.21453
178 519 6.01759 21600 261.757 0.0438279 1.11227
179 527 5.9 24305 251.656 0.0498622 1.19215
180 525 5.9 20950 259.256 0.0425816 1.02509
181 524 5.9 22917 256.008 0.0467033 1.23645
182 525 5.9 22116 239.101 0.0451271 1.13639
183 529 5.9 24516 253.408 0.0502284 1.09471
184 526 5.9 21856 265.337 0.0444381 1.22221
185 521 5.9 22214 261.67 0.0455893 1.10927
186 527 5.9 22537 272.799 0.0460945 1.13396
187 526 5.9 22726 268.164 0.0464614 1.13345
188 520 5.9 24869 205.662 0.0520713 1.06962
189 530 5.9 24347 212.807 0.0503101 1.1194
190 533 5.9 24921 213.049 0.0519411 1.10401
191 523 5.9 24306 243.743 0.0504585 1.08965
