0 517 0 459090 0 0 0
1 519 0 472235 0 0 0
2 524 0 476361 0 0 0
3 520 0 472039 0 0 0
4 525 0 473690 0 0 0
5 520 0 413925 0 0 0
6 520 0 428609 0 0 0
7 525 0 430446 0 0 0
8 528 0 470788 0 0 0
9 521 0 461046 0 0 0
10 524 0 410160 0 0 0
11 525 0 467088 0 0 0
12 525 0 450043 0 0 0
13 536 0 473492 0 0 0
14 520 0 416738 0 0 0
15 522 0 410827 0 0 0
16 528 0 419130 0 0 0
17 521 0 400544 0 0 0
18 515 0 475686 0 0 0
19 522 0 428845 0 0 0
20 523 0 411581 0 0 0
21 520 0 451506 0 0 0
22 522 0 440611 0 0 0
23 525 0 475780 0 0 0
24 526 0 409706 0 0 0
25 536 0 457299 0 0 0
26 524 0 439704 0 0 0
27 520 0 452955 0 0 0
28 523 0 447890 0 0 0
29 529 0 468907 0 0 0
30 524 0 444352 0 0 0
31 535 0 446685 0 0 0
32 530 0 474318 0 0 0
33 528 0 461197 0 0 0
34 515 0 477593 0 0 0
35 523 0 458230 0 0 0
36 524 0 471988 0 0 0
37 524 0 430625 0 0 0
38 528 0 467596 0 0 0
39 519 0 446243 0 0 0
40 531 0 474552 0 0 0
41 531 0 408416 0 0 0
42 513 0 412814 0 0 0
43 522 0 446413 0 0 0
44 515 0 404054 0 0 0
45 520 0 465751 0 0 0
46 530 0 447662 0 0 0
47 523 0 469466 0 0 0
48 528 0 442478 0 0 0
49 521 0 473792 0 0 0
50 521 0 459660 0 0 0
51 524 0 426797 0 0 0
52 522 0 478885 0 0 0
53 528 0 427259 0 0 0
54 522 0 462914 0 0 0
55 529 0 457662 0 0 0
56 510 0 407983 0 0 0
57 529 0 445129 0 0 0
58 520 0 450110 0 0 0
59 518 0 411903 0 0 0
60 519 0 452358 0 0 0
61 526 0 448689 0 0 0
62 521 0 475772 0 0 0
63 514 0 425253 0 0 0
64 480 6.03071 27212 241.057 0.0568498 1.10273
65 477 5.9 27538 239.979 0.057013 1.21192
66 489 5.93316 27737 233.562 0.0581416 1.01959
67 479 5.9 29792 249.641 0.0626647 1.14122
68 482 5.9 25694 259.6 0.052973 1.23465
69 485 6.40815 25499 263.806 0.0526193 1.23344
70 484 5.66343 25644 246.485 0.0527006 1.3704
71 482 5.84974 28562 244.651 0.0598027 1.16613
72 481 5.10317 23398 251.006 0.048003 1.20032
73 490 5.20532 25703 211.165 0.0534499 1.08845
74 473 5.6528 23932 221.416 0.0495614 1.06405
75 486 6.19282 28645 250.712 0.0601245 1.06672
76 483 5.9 22661 251.966 0.0468985 1.02233
77 477 5.86441 25049 247.886 0.0518355 1.03049
78 487 5.9 22897 224.615 0.0475925 1.14379
79 475 5.9 28908 268.248 0.0598322 1.20466
80 473 5.62873 23197 262.459 0.0476369 1.13118
81 487 5.99221 24383 225.764 0.0509016 0.978238
82 477 5.95522 22199 234.972 0.0461488 1.01709
83 472 5.9 28560 270.539 0.0589249 1.23369
84 479 4.79051 22835 241.409 0.0468107 1.14098
85 476 5.94135 25388 242.302 0.0525211 1.1896
86 487 5.80948 23480 220.786 0.0489285 1.11589
87 483 6.20715 29290 266.85 0.0610536 1.21358
88 486 5.9 24540 238.478 0.0511455 1.0222
89 471 6.67292 25900 248.708 0.0537388 1.31723
90 479 5.9 25972 242.871 0.0539191 1.20434
91 479 6.15899 29307 248.31 0.0614377 1.24572
92 480 5.9 27838 236.604 0.0583547 1.02891
93 476 5.68268 28501 237.189 0.0591796 1.10229
94 473 5.35674 28020 226.481 0.0584483 1.10908
95 482 5.9 30938 254.321 0.0649402 1.31292
96 480 5.9 28282 220.174 0.0593205 1.12114
97 482 5.9 29397 242.069 0.0615639 1.22466
98 492 5.47474 29609 246.276 0.0617788 1.13989
99 482 5.9 29036 265.857 0.0607434 1.24137
100 494 5.9 25203 217.305 0.0529043 1.30708
101 482 5.25883 26688 246.56 0.0554123 1.27654
102 485 5.52262 26497 261.723 0.0548477 1.24429
103 484 5.9 28186 270.114 0.0589444 1.15657
104 480 5.27249 23861 237.159 0.0494523 1.14007
105 478 5.9 25161 202.555 0.0528399 1.04501
106 484 5.9 23944 229.104 0.049894 1.06072
107 478 5.9 28864 244.109 0.060067 1.22487
108 478 5.9 22931 259.77 0.047453 1.03006
109 494 4.60475 24790 206.782 0.0512536 1.10519
110 478 4.89002 23453 216.064 0.0481415 1.1375
111 479 5.9 27763 219.883 0.0580005 1.19837
112 472 5.9 23908 270.301 0.0491824 1.15015
113 487 5.9 24780 211.553 0.051553 1.25593
114 476 5.9 23355 206.435 0.0489405 0.9663
115 478 5.9 27908 248.867 0.0578668 1.10514
116 477 5.9 24149 248.05 0.049998 1.18229
117 471 4.9219 25301 196.19 0.0523248 1.05064
118 483 5.9 23970 209.267 0.0501068 1.00718
119 480 5.9 28215 245.43 0.0582606 1.41651
120 471 5.18393 25624 253.116 0.0528849 1.05799
121 469 5.13896 25635 238.417 0.0530218 1.08561
122 478 5.9 25385 221.969 0.0526945 1.17001
123 489 5.9 27362 250.818 0.0566677 1.18922
124 469 5.9 26747 229.991 0.0558603 1.06764
125 479 5.95211 27072 233.603 0.0563284 1.17638
126 477 5.9 27661 224.026 0.0578449 1.06886
127 483 5.9 28555 255.744 0.0595672 1.14329
128 517 5.9 25664 260.153 0.0531581 1.12098
129 533 5.72074 26035 267.296 0.0534552 1.2012
130 532 5.8728 26122 258.617 0.0542316 1.1199
131 521 5.9 26332 275.4 0.0546859 1.05152
132 523 5.2355 23630 279.115 0.0483985 1.08208
133 515 5.9 23739 287.28 0.0480218 1.15796
134 527 5.71184 23939 273.6 0.0491328 1.13202
135 529 6.84511 26075 296.602 0.0537648 1.18281
136 523 5.9 21543 288.959 0.0439106 1.17271
137 523 5.9 23628 287.256 0.0483933 1.05058
138 527 5.9 23193 317.961 0.0467149 1.35748
139 534 5.9 26487 286.677 0.0543427 1.1517
140 519 5.9 20949 273.99 0.0428576 1.08841
141 525 5.9 23249 304.522 0.0468725 1.26524
142 521 6.04243 21338 283.147 0.0435684 1.229
143 525 5.9 26627 289.308 0.0546512 1.26874
144 521 5.9 21413 271.657 0.043883 1.11831
145 525 5.9 23558 279.2 0.0480119 1.15679
146 522 6.58586 21916 288.721 0.0447462 1.23446
147 532 5.9 27122 293.614 0.0552147 1.44208
148 518 5.9 21781 276.526 0.0446692 1.09555
149 514 5.9 24801 278.805 0.0501277 1.15865
150 528 6.37592 23715 285.417 0.0486751 1.12205
151 530 5.9 27085 282.75 0.0558533 1.17641
152 518 5.91184 24505 272.441 0.0501678 1.26595
153 514 5.9 24056 261.852 0.0492801 1.10185
154 531 5.9 24404 243.234 0.0507841 1.06515
155 522 5.9 26339 250.655 0.0546509 1.11324
156 529 5.9 26632 240.441 0.0555399 1.06019
157 533 5.9 26222 260.568 0.0540191 1.04308
158 534 5.9 26512 227.981 0.0556108 0.988793
159 527 5.9 27445 239.665 0.0575395 1.05508
160 531 5.9 26627 242.955 0.0552989 1.08431
161 520 5.9 26882 227.177 0.0563362 1.03637
162 534 5.9 27640 245.116 0.0575876 1.03895
163 529 5.9 30517 257.846 0.0638442 1.09385
164 524 5.88351 25295 269.687 0.0520981 1.12278
165 526 6.04203 25281 263.491 0.0524211 0.998894
166 519 6.14128 25604 266.891 0.0529239 1.06216
167 531 5.9 27543 264.839 0.0570862 1.11676
168 524 6.33093 23331 271.583 0.0481541 1.0454
169 525 5.9 24618 246.963 0.0511506 1.16421
170 526 5.68512 24089 262.037 0.0496691 1.10712
171 519 5.9 28399 261.802 0.0591814 1.0645
172 523 6.13216 22076 258.173 0.0454108 1.18735
173 530 5.9 24135 265.384 0.0498423 1.11299
174 521 4.27834 24557 279.012 0.0459076 1.12388
175 524 5.9 27988 257.208 0.0583621 1.17017
176 528 5.9 21391 242.591 0.044163 1.14415
177 536 5.9 24321 265.842 0.0501458 1.15313
178 532 5.9 22117 277.834 0.0453579 1.07217
179 528 5.9 27840 278.505 0.0579085 1.1226
180 519 4.29744 23585 269.4 0.0468254 1.1277
181 533 6.83805 24403 268.374 0.0507601 1.15376
182 515 5.9 23087 270.358 0.0475059 1.15656
183 532 5.9 28489 228.704 0.0594711 1.28111
184 536 5.9 23799 255.224 0.0489995 1.203
185 524 5.99638 24131 250.322 0.0501087 1.08735
186 532 5.71092 24447 266.079 0.0505004 1.05648
187 537 5.9 27227 240.024 0.056668 1.13434
188 523 5.9 25937 270.566 0.0535256 1.0866
189 529 5.9 26441 245.041 0.0550523 1.14347
190 522 5.9 26050 238.927 0.0544153 1.083
191 527 5.9 27720 237.255 0.0580197 1.2254
