0 461 5.06911 27218 217.27 0.0566389 1.02672
1 466 5.9 28449 216.836 0.0598463 1.17624
2 462 6.04321 27661 223.479 0.0580885 1.12038
3 469 5.9 30040 168.279 0.0679809 1.13787
4 477 5.9 23950 209.657 0.050464 1.21129
5 478 5.30199 25553 221.366 0.053278 1.07021
6 461 5.9 24442 218.659 0.0512665 1.15411
7 469 5.9 29339 194.772 0.0628138 1.11843
8 478 5.9 22027 198.696 0.046599 1.20916
9 468 5.9 23505 192.498 0.049451 1.05166
10 474 5.29088 23261 200.539 0.0483806 1.09504
11 465 5.9 28144 193.79 0.0605732 0.996431
12 470 5.9 21564 200.7 0.0454443 1.18928
13 469 5.28926 23611 198.913 0.0495027 1.05299
14 471 5.23316 23025 199.381 0.0480154 1.05659
15 465 5.9 28328 207.305 0.06042 1.17165
16 479 4.81783 21778 214.374 0.0451276 1.11514
17 473 5.76605 24135 207.499 0.0504205 1.19075
18 467 5.9 23005 227.347 0.047642 1.04572
19 471 6.32761 28820 212.129 0.0619206 1.03297
20 475 5.9 22065 226.518 0.0459305 1.13529
21 465 6.05629 23938 225.618 0.0498723 1.12174
22 464 5.9 23456 218.933 0.0487689 1.14205
23 468 5.9 28120 197.16 0.0602153 1.1394
24 478 5.9 23709 234.636 0.0495369 1.21512
25 475 5.9 25615 231.48 0.0534922 1.15398
26 469 6.1324 24682 247.315 0.0514642 1.13788
27 469 5.9 29232 210.348 0.0622225 1.01474
28 473 5.9 26628 247.866 0.0553911 1.1609
29 476 5.9 28170 234.491 0.058834 1.15738
30 465 6.16001 28123 239.406 0.0590691 1.10957
31 470 5.9 27897 175.903 0.0651823 1.0766
32 471 5.33587 27238 257.945 0.0564021 1.08204
33 460 5.02235 27216 245.178 0.0564906 1.32259
34 470 5.23263 28436 276.192 0.0587279 1.23118
35 475 4.92294 28408 279.635 0.0584307 1.179
36 468 5.63003 24529 252.417 0.0510054 1.19133
37 459 4.88597 25314 256.932 0.052366 1.28089
38 473 5.9 24615 267.128 0.051347 1.33347
39 470 5.9 25732 254.86 0.0535617 1.31442
40 469 5.85708 22600 242.617 0.0470996 1.11525
41 465 4.71698 24387 199.588 0.0506053 1.15468
42 471 5.38031 23485 234.303 0.0485526 1.09806
43 473 5.9 26322 219.854 0.0553897 1.16816
44 467 5.9 22012 225.233 0.0458305 1.19539
45 473 4.82951 24155 183.93 0.0507999 1.19458
46 472 5.9 22683 199.575 0.0478229 1.07019
47 467 5.9 26577 219.532 0.0558777 1.09677
48 466 4.60148 22722 190.842 0.0477605 1.11896
49 458 5.9 23780 185.932 0.050538 1.13138
50 466 5.08769 23353 202.442 0.048753 0.986354
51 479 5.9 26778 225.659 0.0560093 1.32824
52 466 5.9 22844 201.122 0.0480512 1.256
53 467 4.58837 24070 169.131 0.0503312 1.15602
54 459 5.9 23681 217.162 0.0491507 1.309
55 473 5.9 26363 204.287 0.0553223 1.36826
56 478 4.89957 24441 214.488 0.0509156 1.17317
57 467 5.9 24676 206.874 0.0520205 1.30021
58 467 5.9 24290 208.159 0.0512711 1.19311
59 468 5.9 25841 210.242 0.0544098 1.34789
60 468 5.52039 27886 235.895 0.0579153 1.15077
61 472 5.18829 26696 201.135 0.0557658 1.20764
62 451 5.9 26953 207.716 0.0567 1.17517
63 472 5.9 26908 199.303 0.0576526 0.987436
64 468 5.9 26740 216.484 0.0561491 1.15469
65 467 5.9 27652 204.904 0.0578078 1.273
66 466 5.9 27925 218.506 0.0584629 1.12024
67 467 5.9 29590 178.504 0.0673511 1.1573
68 473 5.9 23826 263.858 0.0490386 1.19363
69 465 5.9 25081 227.339 0.0519552 1.27756
70 469 5.13095 24302 238.423 0.0503011 1.01139
71 463 5.14643 29130 173.379 0.0627538 1.09577
72 474 5.9 21996 253.875 0.0449375 1.24204
73 462 5.9 24826 215.826 0.0515099 1.03213
74 468 5.00264 24375 217.645 0.0501298 1.04207
75 459 5.9 28265 180.522 0.0607663 1.27294
76 471 4.71834 22458 215.503 0.0462814 1.12227
77 464 5.9 24161 206.743 0.0501404 1.06044
78 464 4.96093 22394 201.488 0.0459978 0.985636
79 465 5.9 27479 180.673 0.0588318 1.24227
80 463 5.9 21753 206.376 0.0456718 1.01772
81 462 5.9 24183 206.089 0.0504489 1.11356
82 458 5.44436 22730 212.426 0.0468663 0.996424
83 474 5.9 28182 173.621 0.0606545 1.22196
84 472 5.9 22650 226.484 0.0468577 1.10918
85 469 5.25237 24531 216.408 0.0506787 1.17514
86 466 5.6057 23607 234.84 0.04874 1.1664
87 475 5.9 28010 176.366 0.0599037 1.12619
88 470 5.9 23729 242.085 0.0491407 1.09263
89 467 5.9 24585 208.766 0.0512011 1.11729
90 457 5.23146 23988 211.615 0.0498525 1.06218
91 467 5.9 28337 164.565 0.0620474 1.24103
92 478 5.9 27226 207.719 0.057347 0.973357
93 473 5.02267 27893 198.299 0.0581462 1.12113
94 473 5.9 27964 206.427 0.0589933 1.03515
95 464 5.9 28698 165.249 0.0650209 1.1512
96 462 5.9 27453 200.418 0.0579673 1.05666
97 467 5.9 26481 196.562 0.0556683 1.17664
98 477 5.9 27483 197.063 0.0582133 1.07842
99 469 5.9 26600 211.517 0.0563069 1.09798
100 454 5.9 24864 237.149 0.0516918 1.18754
101 472 5.16785 24223 234.265 0.0500671 1.09738
102 471 4.97621 25261 225.634 0.0522276 1.0555
103 464 5.9 24042 246.48 0.0500652 1.08315
104 467 5.30029 23224 237.993 0.0478164 1.02839
105 463 5.9 23940 217.874 0.0496116 1.15858
106 463 5.58467 24441 245.202 0.0503522 0.990289
107 473 5.9 24327 214.184 0.0508591 0.974362
108 460 5.9 22661 214.704 0.0476652 0.993338
109 470 5.9 24137 197.474 0.050122 1.12703
110 467 5.76753 22969 251.492 0.0471364 1.05058
111 468 5.9 25176 230.783 0.052192 1.05662
112 473 5.9 22592 228.406 0.0472343 1.01256
113 470 5.9 23707 202.612 0.0492897 1.06258
114 471 5.9 23062 224.964 0.0479036 0.880453
115 470 5.9 24598 202.546 0.0517608 0.937217
116 459 5.78734 23715 257.28 0.0487525 1.1392
117 467 5.9 23722 205.699 0.0494584 1.09928
118 470 5.9 23140 254.724 0.0472392 1.07089
119 471 5.9 24289 221.094 0.0504494 0.979085
120 470 4.98194 24283 262.598 0.0498342 1.09592
121 466 3.96597 25582 252.273 0.0485637 1.07902
122 469 5.23093 25102 279.308 0.0516774 1.08426
123 467 5.9 24765 251.709 0.051265 1.11509
124 473 4.58303 26898 233.691 0.0552951 1.10201
125 473 3.86288 28764 257.319 0.0548523 1.12004
126 473 5.9 26911 235.983 0.0560726 1.04258
127 468 5.16483 26622 254.881 0.0548281 1.14981
128 538 5.9 24680 214.281 0.0514209 1.20046
129 540 5.9 23444 204.882 0.0490883 1.06017
130 529 5.9 24750 202.152 0.0518804 1.14275
131 542 5.9 27133 213.218 0.0575108 0.924314
132 540 5.9 21992 201.643 0.0462263 1.21886
133 537 5.9 21215 205.955 0.0442095 1.07428
134 533 5.9 22188 218.028 0.0464093 1.03229
135 532 5.9 25283 221.959 0.0530047 1.01336
136 535 5.9 20199 218.019 0.042241 1.22343
137 538 5.9 22048 246.356 0.0453604 1.13412
138 535 5.9 20627 220.819 0.0428624 1.10219
139 540 5.9 25979 257.483 0.0540602 1.04534
140 529 5.9 20069 210.686 0.0421578 1.13408
141 542 5.94355 22234 237.186 0.045907 1.04474
142 534 5.9 20575 226.917 0.0425825 1.10058
143 542 5.9 26222 262.938 0.0544195 1.25481
144 530 5.9 19277 218.002 0.0403088 1.0475
145 527 5.79239 22547 236.034 0.0464299 1.22475
146 529 5.9 20197 232.376 0.0416532 1.07397
147 538 5.9 26534 241.006 0.0554442 1.29806
148 545 5.44527 20218 260.324 0.0418174 1.11731
149 548 5.9 21878 234.73 0.0452022 1.26949
150 544 6.35723 20869 259.438 0.0429416 1.18663
151 539 5.9 25770 243.978 0.0537689 1.12927
152 541 5.9 22730 243.561 0.0470578 1.42506
153 537 5.9 21169 260.484 0.0432296 1.25815
154 541 5.9 22529 261.002 0.0464148 1.20421
155 531 5.9 25622 251.152 0.0533282 1.11691
156 534 5.9 24693 250.421 0.0510832 1.20502
157 537 5.9 24158 239.83 0.0502577 1.08203
158 533 5.9 25087 245.721 0.0518228 1.19987
159 535 5.9 27408 233.793 0.0575535 1.0558
160 529 5.9 25580 261.56 0.053034 1.17589
161 537 5.9 25026 225.045 0.0523931 1.15289
162 528 5.9 24852 227.865 0.0522043 1.03846
163 542 5.9 27317 237.102 0.0571306 1.15063
164 536 5.9 21737 253.617 0.0449431 1.29603
165 539 5.9 22147 217.573 0.046292 1.20749
166 530 5.90067 21962 265.003 0.0453406 1.15523
167 545 5.9 24858 213.823 0.0522802 1.0668
168 532 6.29458 20813 275.276 0.0429032 1.23031
169 529 5.9 21261 207.047 0.0443472 1.1452
170 524 5.9 20640 222.712 0.0429441 1.07689
171 538 5.9 24074 199.581 0.0507523 0.982334
172 532 5.9 20549 230.93 0.0426994 1.20946
173 538 5.9 21405 197.375 0.0445624 1.11754
174 533 5.9 21184 231.608 0.0443662 1.03869
175 536 5.9 24013 194.528 0.0505611 1.07709
176 529 5.9 20484 201.396 0.0429712 1.10855
177 535 5.9 21596 193.394 0.0454676 0.92349
178 529 5.9 20470 209.25 0.0426285 1.21977
179 536 5.9 24294 201.682 0.051419 0.984667
180 528 5.9 20725 228.267 0.04331 1.11036
181 540 5.9 21020 188.184 0.0442586 1.23568
182 530 5.9 20274 189.567 0.0424666 1.02354
183 538 5.9 24000 196.087 0.0505996 1.17198
184 531 5.9 22012 187.486 0.0464594 1.22367
185 535 5.9 21849 196.883 0.0457284 1.2051
186 524 5.9 22134 203.097 0.0462004 1.08177
187 534 5.9 24814 183.057 0.0524858 1.29316
188 536 5.9 25135 200.737 0.0527858 1.20097
189 541 5.9 24297 175.595 0.0516003 1.13523
190 536 5.9 24484 171.365 0.0518362 1.08465
191 539 5.9 26781 173.236 0.0575622 1.11093
