0 523 5.99501 28813 317.121 0.0595367 1.23968
1 526 5.9 28530 327.444 0.0588682 1.23395
2 528 6.7317 28950 313.888 0.060408 1.20338
3 524 5.9 32215 340.328 0.0675845 1.51542
4 522 7.26757 27093 361.725 0.0565673 1.26703
5 524 5.9 26334 330.231 0.0542355 1.30614
6 519 6.72091 27250 341.288 0.0566275 1.17986
7 516 5.9 30684 355.648 0.0632202 1.33467
8 529 6.77163 26057 354.501 0.0541543 1.34616
9 526 5.9 28358 327.908 0.0569642 1.33598
10 528 7.15359 26556 341.035 0.0554497 1.26253
11 535 6.98467 31128 352.356 0.0657623 1.35984
12 539 6.6753 25143 323.759 0.0524174 1.24329
13 527 7.02752 26857 320.896 0.056379 1.20202
14 521 6.97104 26802 348.134 0.0556332 1.38471
15 519 6.79204 31345 339.006 0.0657652 1.41115
16 516 6.53762 25964 341.233 0.054286 1.1802
17 529 7.22296 27112 344.625 0.0570284 1.2944
18 527 6.8393 26380 328.879 0.0554656 1.22102
19 527 5.9 32089 367.555 0.0660852 1.46968
20 519 7.17629 26208 377.157 0.0549328 1.29638
21 526 6.60509 26955 304.473 0.0566373 1.22303
22 525 6.96827 26902 332.422 0.0562886 1.36912
23 524 5.9 30713 328.62 0.0641552 1.28922
24 523 6.30337 26862 363.034 0.0555888 1.36136
25 528 5.9 26953 308.465 0.0560272 1.2659
26 518 5.9 27859 322.432 0.0578381 1.33613
27 523 5.9 30378 324.795 0.0635193 1.35164
28 513 6.54434 29630 352.609 0.0617874 1.32247
29 515 6.45305 29107 306.775 0.0610612 1.23749
30 523 6.25878 29992 329.95 0.0626958 1.36464
31 523 5.9 31997 340.436 0.0675054 1.48779
32 519 6.72505 29429 358.626 0.0612633 1.30367
33 524 6.62639 28388 323.567 0.0593695 1.32292
34 528 7.26241 29220 361.239 0.0613532 1.3781
35 519 5.9 29855 336.839 0.062356 1.30107
36 524 6.33698 27053 353.604 0.056352 1.21019
37 524 7.58516 26243 358.753 0.0552126 1.33424
38 524 7.24029 26855 348.796 0.0563619 1.33612
39 522 5.9 28570 334.735 0.0595337 1.32704
40 515 7.46662 26142 381.277 0.0546619 1.22122
41 516 7.69157 26525 346.827 0.055572 1.38784
42 527 8.36643 27013 391.992 0.056838 1.31203
43 517 5.9 29518 354.244 0.0614026 1.36289
44 528 7.86144 26001 351.951 0.0546835 1.18619
45 524 8.39951 26056 391.941 0.0549663 1.17845
46 521 7.6023 26274 370.636 0.0550613 1.35975
47 521 5.9 29010 362.969 0.0600149 1.15694
48 525 5.9 27297 346.217 0.0551016 1.67561
49 516 7.5922 25864 373.705 0.0539671 1.20685
50 513 8.06378 25451 379.457 0.0528334 1.31105
51 527 7.40703 29255 396.732 0.0610815 1.30286
52 518 7.10266 26406 349.022 0.0550632 1.23323
53 526 4.25428 31456 354.334 0.0542826 1.2483
54 527 7.86845 26232 386.7 0.0548845 1.19365
55 524 5.63634 28529 370.162 0.0589642 1.24125
56 517 6.98187 27130 349.165 0.0567958 1.21403
57 531 7.49337 24864 363.821 0.0517928 1.3321
58 519 7.41 25655 368.946 0.0538275 1.18191
59 514 5.9 27339 345.529 0.0565324 1.30071
60 526 5.9 29197 358.902 0.0599543 1.18205
61 526 5.9 27922 360.869 0.0572854 1.16186
62 516 8.7817 28719 389.506 0.0599497 1.28893
63 520 5.9 29729 363.63 0.0621291 1.26732
64 444 4.8798 28964 254.821 0.0603458 1.36892
65 441 6.15856 27333 286.085 0.0566825 1.26938
66 437 5.12406 28608 251.697 0.0597955 1.25592
67 445 5.9 31382 297.317 0.0663663 1.42062
68 445 5.08858 28292 278.875 0.0587146 1.34171
69 446 5.71621 26903 287.517 0.0558197 1.25557
70 441 4.51217 29364 275.878 0.0580446 1.46831
71 445 6.80703 30030 308.806 0.0636436 1.48639
72 440 5.41515 26304 292.989 0.0547528 1.2662
73 451 6.35892 27255 311.782 0.0567581 1.25004
74 441 6.40991 27096 319.197 0.056524 1.41042
75 442 6.17079 30903 289.891 0.0654158 1.44849
76 448 5.23031 25575 282.394 0.0529555 1.32697
77 447 5.9 27114 294.835 0.0559726 1.23297
78 443 6.05276 26554 296.48 0.0551063 1.24833
79 438 5.9 31513 328.594 0.0652176 1.55211
80 446 4.73362 26317 278.071 0.0536016 1.21787
81 441 6.41575 26215 291.822 0.0544585 1.07624
82 454 5.95382 24954 303.106 0.0513816 1.32866
83 442 5.67473 30559 299.388 0.0641888 1.35391
84 441 5.9 25551 298.733 0.0531173 1.21154
85 444 6.47618 26658 321.63 0.0548886 1.17131
86 447 6.23021 26076 307.323 0.0538628 1.4013
87 443 5.9 30493 280.661 0.0640991 1.53952
88 444 5.45105 27478 311.815 0.0567227 1.21198
89 438 6.34988 27383 310.111 0.0564913 1.30968
90 441 6.80786 27588 329.322 0.0571827 1.32089
91 434 6.31683 29669 295.537 0.062288 1.24916
92 444 5.9 29275 296.445 0.0607876 1.2862
93 443 6.17218 27817 301.182 0.057562 1.19249
94 444 5.22257 29080 284.625 0.0598873 1.26971
95 438 5.9 31009 310.517 0.064771 1.32536
96 448 5.11298 29387 255.231 0.0612779 1.22475
97 453 5.76249 28828 279.802 0.0600229 1.27275
98 439 6.1056 29105 292.32 0.0606366 1.29062
99 446 6.09657 30825 295.984 0.0644216 1.32642
100 427 5.87635 28067 291.761 0.0584833 1.2773
101 440 5.84245 26817 290.203 0.055544 1.3221
102 442 5.57229 27689 281.491 0.0575917 1.28444
103 449 5.9 29064 328.368 0.0601892 1.26431
104 448 5.76338 27241 285.002 0.0561408 1.36937
105 438 5.9 28064 305.515 0.0581682 1.31788
106 448 6.24357 26949 308.554 0.056119 1.21215
107 435 5.9 29999 301.283 0.0626092 1.13058
108 440 4.43271 26438 260.78 0.0539341 1.1521
109 446 6.39052 27425 292.478 0.0574024 1.31246
110 446 5.9 27032 303.57 0.0559347 1.30434
111 442 6.40868 30046 310.789 0.0628987 1.41818
112 437 6.17698 26637 279.502 0.0557855 1.23106
113 446 5.73908 27815 266.821 0.0581599 1.26836
114 450 5.31781 27140 262.983 0.0567188 1.35679
115 437 6.00858 30133 296.51 0.0629977 1.3118
116 437 5.82147 26797 288.909 0.0557349 1.31099
117 452 5.93413 27469 267.571 0.0573406 1.4812
118 444 5.9 26995 272.392 0.0565796 1.33292
119 441 5.9 29857 313.043 0.0620879 1.35219
120 445 5.39838 28333 288.358 0.0587093 1.36704
121 440 5.40376 26695 265.222 0.0557281 1.27669
122 443 5.9 27064 277.09 0.0565016 1.35192
123 443 5.9 28693 278.567 0.0599951 1.25757
124 448 5.15685 28858 249.611 0.0602691 1.235
125 449 5.60961 27471 250.777 0.0574402 1.35687
126 442 5.6132 27891 264.734 0.0581942 1.3838
127 440 5.9 29999 281.993 0.0630209 1.37053
128 507 5.43956 26037 313.969 0.0533184 1.15946
129 510 6.08849 24497 339.971 0.050193 1.08837
130 520 5.9 26109 330.872 0.0534455 1.07285
131 506 5.9 26243 323.853 0.0544972 1.24131
132 516 5.9 23922 302.217 0.0483751 1.33649
133 513 6.63953 23440 306.417 0.0486346 1.12396
134 503 6.2302 23985 305.94 0.0493758 1.24567
135 502 6.60493 25864 337.251 0.0536087 1.38358
136 512 5.72423 21903 316.22 0.0447106 1.22231
137 515 5.9 23149 249.107 0.0478655 1.15972
138 511 7.30988 22344 292.18 0.0460052 1.23775
139 500 5.9 26353 325.239 0.0545436 1.33385
140 510 5.83231 22780 318.548 0.0466621 1.27331
141 514 6.76734 22728 278.609 0.0466175 1.19569
142 506 6.65444 21586 284.491 0.0445425 1.12117
143 505 5.9 27584 319.911 0.0571314 1.24568
144 511 5.9 22986 324.193 0.0470642 1.24003
145 506 5.9 23169 247.74 0.0476091 1.36829
146 513 8.13453 22165 302.181 0.0459967 1.09527
147 520 5.57019 27392 304.478 0.0566641 1.25047
148 503 5.9 22528 336.4 0.046341 1.14184
149 506 5.9 24407 261.033 0.0504142 1.2349
150 515 5.9 24839 321.75 0.0502207 1.44223
151 506 5.9 27733 321.597 0.0576716 1.40652
152 520 5.7939 25125 335.648 0.0514615 1.16381
153 509 6.75206 23442 323.349 0.0483341 1.3898
154 515 6.58403 24509 344.622 0.0504875 1.37357
155 516 5.9 26111 325.741 0.0541113 1.38404
156 515 5.9 27539 362.927 0.0561202 1.2982
157 503 5.9 26811 366.307 0.0525144 1.27985
158 512 7.3249 26761 377.393 0.0553122 1.27954
159 504 5.9 29261 354.346 0.0604482 1.63162
160 518 6.61594 26560 353.758 0.0545688 1.21846
161 515 5.9 26222 348.752 0.0538148 1.19648
162 513 5.9 26103 334.885 0.0536707 1.19623
163 504 5.9 29215 371.818 0.0602362 1.35581
164 515 7.11945 25481 333.687 0.0527655 1.26422
165 513 6.03382 24854 332.075 0.0509889 1.35486
166 510 5.9 25915 356.088 0.0527999 1.23741
167 511 5.9 26781 380.861 0.0550274 1.27563
168 508 5.9 24358 323.702 0.0497947 1.23174
169 512 6.68332 24604 319.445 0.0510828 1.14541
170 514 6.86736 24844 346.318 0.0512919 1.30659
171 511 5.9 27642 369.956 0.0574183 1.24329
172 514 5.9 23796 290.363 0.0490776 1.20642
173 508 5.9 24157 288.902 0.049796 1.19117
174 516 5.81509 23630 304.865 0.0486587 1.18133
175 511 5.9 27584 351.281 0.0568474 1.21928
176 505 7.08593 23025 331.29 0.0475446 1.20003
177 505 5.9 24656 291.126 0.0506564 1.27143
178 511 5.9 23584 310.197 0.0483978 1.15935
179 515 5.9 28017 351.187 0.0576755 1.26891
180 510 5.9 23014 317.177 0.047286 1.12649
181 500 5.85871 24642 243.345 0.0511749 1.12572
182 499 6.29134 23512 295.569 0.0484449 1.2334
183 510 5.9 27505 311.859 0.0568878 1.28107
184 500 5.88515 24507 303.916 0.0506253 1.09307
185 510 5.97827 24075 272.757 0.0499074 1.24547
186 508 5.72978 24268 258.033 0.0500845 1.3447
187 511 5.9 26473 330.957 0.0546684 1.31284
188 518 5.19372 26795 281.288 0.0552637 0.973029
189 509 5.70938 25578 273.726 0.0527028 1.19684
190 511 5.9 25895 269.733 0.0534761 1.24685
191 517 5.9 27030 329.646 0.0560682 1.24221
