0 553 0 456296 0 0 0
1 554 0 473711 0 0 0
2 553 0 470980 0 0 0
3 557 0 420090 0 0 0
4 562 0 429636 0 0 0
5 550 0 466715 0 0 0
6 550 0 447999 0 0 0
7 553 0 466388 0 0 0
8 550 0 428151 0 0 0
9 560 0 438486 0 0 0
10 555 0 469318 0 0 0
11 547 0 446043 0 0 0
12 555 0 439274 0 0 0
13 551 0 395417 0 0 0
14 553 0 466951 0 0 0
15 544 0 465941 0 0 0
16 555 0 470488 0 0 0
17 559 0 439644 0 0 0
18 558 0 424536 0 0 0
19 557 0 409921 0 0 0
20 551 0 429989 0 0 0
21 560 0 439165 0 0 0
22 549 0 391908 0 0 0
23 541 0 433481 0 0 0
24 546 0 465699 0 0 0
25 547 0 428536 0 0 0
26 547 0 466243 0 0 0
27 550 0 462715 0 0 0
28 552 0 471416 0 0 0
29 546 0 446787 0 0 0
30 567 0 466106 0 0 0
31 549 0 443567 0 0 0
32 552 0 419333 0 0 0
33 551 0 462754 0 0 0
34 550 0 445311 0 0 0
35 549 0 447646 0 0 0
36 542 0 475333 0 0 0
37 549 0 457667 0 0 0
38 554 0 409158 0 0 0
39 543 0 427824 0 0 0
40 542 0 445063 0 0 0
41 548 0 459041 0 0 0
42 555 0 434909 0 0 0
43 554 0 427219 0 0 0
44 542 0 416692 0 0 0
45 546 0 443967 0 0 0
46 549 0 448515 0 0 0
47 547 0 393911 0 0 0
48 548 0 466280 0 0 0
49 563 0 468271 0 0 0
50 547 0 473370 0 0 0
51 551 0 458090 0 0 0
52 548 0 411198 0 0 0
53 544 0 413166 0 0 0
54 566 0 406696 0 0 0
55 547 0 434260 0 0 0
56 554 0 409381 0 0 0
57 544 0 463493 0 0 0
58 553 0 465005 0 0 0
59 554 0 462942 0 0 0
60 548 0 453881 0 0 0
61 549 0 465434 0 0 0
62 547 0 469774 0 0 0
63 567 0 485664 0 0 0
64 530 5.9 28239 276.748 0.0590155 1.32495
65 530 6.14719 27508 282.845 0.0574314 1.23061
66 526 5.9 28947 292.943 0.0603799 1.36359
67 532 5.9 32418 288.636 0.0689644 1.48892
68 536 5.59778 27554 301.767 0.0576445 1.32606
69 529 5.996 25927 272.762 0.0542739 1.40538
70 542 6.48235 27041 300.096 0.0569004 1.3131
71 534 5.9 30606 268.588 0.065132 1.31557
72 541 6.14878 26936 326.095 0.0565575 1.25546
73 537 5.9 26499 291.648 0.0551916 1.39511
74 528 6.04522 26247 275.542 0.0552187 1.30415
75 541 5.9 31263 292.708 0.0662688 1.36484
76 537 5.9 27036 308.825 0.0566093 1.29949
77 536 5.75604 26324 257.539 0.0553142 1.28086
78 528 5.9 27101 292.417 0.0564154 1.33966
79 537 6.73961 30906 271.929 0.0662133 1.42723
80 542 5.56917 27373 282.169 0.0571447 1.36215
81 528 6.14834 26184 274.398 0.0550207 1.34738
82 535 6.28009 25852 272.21 0.0545253 1.197
83 525 5.9 31057 250.036 0.0661506 1.38045
84 538 5.29172 26128 265.729 0.0546889 1.28757
85 536 6.02903 26495 266.787 0.055723 1.29223
86 532 5.84838 26253 255.467 0.0551756 1.34271
87 532 5.9 31481 267.273 0.0666422 1.48669
88 524 5.89414 27393 295.412 0.0575332 1.35474
89 537 5.9 27006 277.889 0.0566418 1.36001
90 524 5.9 27006 283.781 0.0565079 1.321
91 532 5.9 31507 273.787 0.0667427 1.39668
92 527 5.40712 29256 264.054 0.0613704 1.36782
93 525 5.9 29119 275.635 0.0610991 1.1631
94 536 5.70389 29393 266.667 0.0617456 1.19613
95 533 5.9 34276 296.369 0.0729573 1.38771
96 533 6.14974 29941 287.113 0.0627934 1.27739
97 532 5.96011 28685 291.694 0.0598241 1.24283
98 531 6.24616 29477 295.852 0.0618717 1.27969
99 529 5.9 31108 327.573 0.0654278 1.35551
100 534 6.10999 27750 278.512 0.0586902 1.2612
101 533 6.72389 26640 319.666 0.0561026 1.3649
102 533 6.02132 27480 289.36 0.0575963 1.35059
103 534 5.9 28463 329.435 0.0593422 1.26201
104 535 6.64725 27261 303.24 0.0575311 1.34315
105 535 6.74526 26941 311.754 0.0563931 1.35735
106 541 6.16776 26592 292.978 0.0554774 1.51568
107 528 5.9 29172 320.97 0.0609598 1.3643
108 543 5.46868 27482 308.007 0.0569912 1.21457
109 529 6.12999 26477 289.227 0.0551976 1.3188
110 531 5.86927 26860 298.117 0.0562187 1.32053
111 526 5.9 29339 345.075 0.0612772 1.28209
112 535 5.59589 27918 295.461 0.0582389 1.32645
113 539 6.58682 27518 317.373 0.0579024 1.3391
114 534 5.9 27171 313.573 0.0568062 1.37855
115 531 5.9 28790 331.545 0.0603147 1.33282
116 537 6.785 27463 322.064 0.0579037 1.30451
117 529 5.9 26622 327.893 0.0549202 1.33255
118 532 6.65667 26789 328.574 0.0561843 1.32888
119 543 5.9 28928 340.718 0.0604856 1.23175
120 539 6.53353 27447 316.27 0.057572 1.32267
121 528 6.57582 26158 331.027 0.0547498 1.34325
122 536 6.93568 26702 347.347 0.0559847 1.37457
123 531 5.74395 28245 333.207 0.058781 1.38246
124 533 6.80462 28082 315.034 0.0590007 1.16592
125 532 6.83934 26608 306.14 0.0558574 1.17888
126 534 6.35492 27495 315.268 0.0572788 1.29903
127 538 5.9 29958 357.815 0.0626952 1.33034
128 507 5.9 27500 357.941 0.0566578 1.29808
129 516 5.9 27981 375.821 0.0572671 1.25853
130 500 5.9 27614 352.662 0.0564719 1.37867
131 523 5.9 28934 348.44 0.060114 1.24618
132 512 6.66389 25293 381.092 0.0524506 1.29161
133 501 6.65908 24244 327.299 0.0495108 1.25414
134 515 6.35824 25139 365.694 0.0518244 1.2831
135 508 6.85345 28280 351.529 0.0590758 1.2872
136 517 5.9 24948 391.832 0.0507258 1.35592
137 512 5.9 25834 365.964 0.0534775 1.32968
138 500 6.69637 25180 376.36 0.0523012 1.29462
139 513 5.9 28742 348.452 0.0595559 1.4521
140 522 6.27661 25901 383.749 0.0539607 1.27316
141 507 5.9 24986 353.185 0.0513803 1.27345
142 517 7.13273 25071 376.571 0.0523445 1.19324
143 518 5.9 29223 356.212 0.0608648 1.35345
144 515 5.9 26050 385.28 0.0538499 1.32128
145 514 5.9 25698 352.365 0.0528409 1.38472
146 509 7.51778 25645 359.611 0.0536981 1.42427
147 523 5.9 28862 354.343 0.0600782 1.39568
148 511 3.85105 29119 358.666 0.0522023 1.32695
149 515 6.33323 25942 333.032 0.0542644 1.33325
150 515 5.9 26171 363.575 0.053336 1.36216
151 512 5.9 29601 364.075 0.0618062 1.39462
152 511 6.06393 26531 345.636 0.0554698 1.25125
153 511 7.11306 25769 336.187 0.0539795 1.28889
154 505 6.4947 26058 360.372 0.0543672 1.30881
155 508 5.9 28530 344.753 0.0594148 1.34847
156 512 5.9 28503 338.897 0.0593623 1.35289
157 513 7.26765 27105 358.608 0.0564387 1.3659
158 510 6.96459 27733 359.932 0.0579188 1.29013
159 509 5.9 30211 342.907 0.0632855 1.39973
160 513 5.9 27690 335.827 0.0572956 1.33432
161 511 6.871 28406 369.638 0.0591171 1.41788
162 509 7.03259 28086 376.872 0.0585719 1.35396
163 500 5.9 31089 397.444 0.0649252 1.38867
164 519 6.80177 26993 369.441 0.0562383 1.38094
165 510 5.9 27097 359.473 0.0558429 1.36312
166 502 6.98238 27026 396.959 0.0565101 1.23945
167 508 6.53989 29064 390.048 0.060244 1.30697
168 512 6.85174 26255 374.738 0.0547914 1.29841
169 513 7.42481 26867 388.441 0.0562215 1.31625
170 512 6.85728 27432 375.029 0.057212 1.36716
171 510 5.9 29574 355.063 0.0605191 1.24367
172 517 5.9 28298 398.436 0.0564946 1.28079
173 511 5.9 27758 384.054 0.0542032 1.32739
174 522 7.30958 26553 389.854 0.055154 1.35873
175 510 5.9 30276 404.725 0.06105 1.55827
176 521 7.15461 26336 400.25 0.054584 1.31276
177 506 5.9 28228 397.421 0.0547333 1.27784
178 511 7.66512 26884 426.375 0.0558334 1.28421
179 521 5.9 29449 364.819 0.0598897 1.27898
180 514 7.22657 25636 409.975 0.0532901 1.20378
181 504 8.33042 26236 418.04 0.0546249 1.28435
182 519 7.71307 25839 418.215 0.053601 1.2065
183 512 7.78347 29264 403.032 0.0615234 1.35076
184 521 7.6988 25531 408.617 0.0525373 1.30846
185 518 5.9 25983 409.509 0.0509629 1.20445
186 512 8.44133 26041 432.269 0.054405 1.21827
187 510 5.9 28310 375.008 0.0568968 1.19582
188 517 6.6893 27222 358.003 0.056399 1.23563
189 503 9.0034 26986 432.708 0.056268 1.18526
190 508 7.97244 27307 377.802 0.0567167 1.22355
191 512 5.9 28647 338.32 0.0582248 1.98013
