0 545 0 435837 0 0 0
1 537 0 431838 0 0 0
2 530 0 451466 0 0 0
3 535 0 425903 0 0 0
4 539 0 432647 0 0 0
5 534 0 452174 0 0 0
6 534 0 470917 0 0 0
7 535 0 471659 0 0 0
8 531 0 455429 0 0 0
9 543 0 454261 0 0 0
10 534 0 461442 0 0 0
11 534 0 466430 0 0 0
12 535 0 475161 0 0 0
13 532 0 423957 0 0 0
14 536 0 452178 0 0 0
15 539 0 425178 0 0 0
16 544 0 410461 0 0 0
17 532 0 463360 0 0 0
18 534 0 437586 0 0 0
19 533 0 442010 0 0 0
20 527 0 451873 0 0 0
21 534 0 449371 0 0 0
22 528 0 473990 0 0 0
23 535 0 454037 0 0 0
24 534 0 422261 0 0 0
25 536 0 419176 0 0 0
26 538 0 469507 0 0 0
27 535 0 444296 0 0 0
28 542 0 416286 0 0 0
29 539 0 426838 0 0 0
30 541 0 471394 0 0 0
31 536 0 466779 0 0 0
32 543 0 445110 0 0 0
33 537 0 440799 0 0 0
34 530 0 474082 0 0 0
35 528 0 450935 0 0 0
36 534 0 466017 0 0 0
37 541 0 443231 0 0 0
38 531 0 443795 0 0 0
39 535 0 441180 0 0 0
40 544 0 468823 0 0 0
41 543 0 440734 0 0 0
42 523 0 410373 0 0 0
43 540 0 446521 0 0 0
44 535 0 478167 0 0 0
45 526 0 453581 0 0 0
46 537 0 456733 0 0 0
47 535 0 471538 0 0 0
48 539 0 411977 0 0 0
49 536 0 474679 0 0 0
50 540 0 425094 0 0 0
51 529 0 424007 0 0 0
52 541 0 441195 0 0 0
53 537 0 460253 0 0 0
54 540 0 416217 0 0 0
55 552 0 445229 0 0 0
56 535 0 466899 0 0 0
57 531 0 475346 0 0 0
58 541 0 423130 0 0 0
59 534 0 473232 0 0 0
60 535 0 413451 0 0 0
61 539 0 428722 0 0 0
62 526 0 469999 0 0 0
63 538 0 479862 0 0 0
64 518 5.9 27142 163.054 0.0575792 1.14948
65 501 5.9 27085 167.919 0.0582129 0.963641
66 518 5.9 27208 172.667 0.0575983 1.23488
67 501 5.9 30834 155.852 0.0671509 1.14619
68 504 5.9 25497 197.498 0.0536522 1.24729
69 512 5.9 25012 195.645 0.0524526 1.04442
70 503 5.43866 25502 187.32 0.0536673 1.15067
71 502 5.9 28242 156.799 0.0606765 1.10784
72 497 5.9 23226 186.019 0.0493497 0.970386
73 501 5.9 25301 170.5 0.0537006 0.953135
74 510 5.9 24964 188.529 0.0524449 0.998219
75 504 5.9 29007 162.409 0.0624905 1.12045
76 516 5.9 23616 179.926 0.0504387 0.923682
77 510 5.9 24845 185.965 0.0519761 0.980182
78 514 5.43661 23788 173.38 0.0501951 1.03373
79 504 5.9 29548 169.468 0.0632139 1.07356
80 512 5.9 22828 168.233 0.0489204 1.14847
81 502 5.9 24762 161.255 0.0525047 1.12804
82 501 5.44735 23965 170.323 0.0511477 0.959666
83 519 5.9 29996 172.226 0.0648068 1.1091
84 509 5.9 23769 173.407 0.0510241 1.04009
85 508 5.9 25181 145.658 0.0543699 1.13697
86 508 5.9 24514 155.541 0.0530159 0.96352
87 509 5.9 29587 154.532 0.0646334 1.07454
88 505 5.9 25085 176.594 0.0536002 0.957051
89 520 5.9 25038 146.745 0.0536817 1.04908
90 503 5.27669 25145 161.01 0.0535776 1.1222
91 507 5.9 29191 155.856 0.0632607 1.00762
92 505 5.9 26846 148.909 0.0583384 1.01871
93 505 5.9 26371 137.431 0.0581181 0.988141
94 505 5.9 27324 132.666 0.0606035 1.09783
95 510 5.9 30018 139.153 0.0670599 1.07397
96 508 5.9 27511 150.356 0.060022 1.14146
97 502 5.9 26429 169.287 0.0566145 1.0831
98 514 4.80739 27732 151.167 0.0595674 1.01518
99 505 5.9 28902 158.094 0.0633391 1.08948
100 503 5.9 25765 166.202 0.0554509 0.903918
101 502 4.60321 25466 185.235 0.0536153 1.06525
102 501 5.9 26346 179.595 0.0564082 1.05457
103 514 5.9 27324 187.525 0.0580356 1.23449
104 515 5.9 23940 177.709 0.0513474 0.922122
105 507 5.9 24706 216.079 0.0517527 1.13432
106 496 5.9 25022 189.958 0.0530486 1.19802
107 508 5.9 28523 206.129 0.0602134 1.26559
108 506 5.9 23886 184.679 0.0507719 1.01103
109 496 5.00589 25558 211.204 0.0532387 1.23536
110 504 5.9 23864 208.233 0.0505413 1.00877
111 500 5.9 28951 198.613 0.0617824 1.24347
112 508 5.9 23908 200.399 0.0504072 1.0847
113 515 5.9 24621 196.633 0.0520434 1.07803
114 506 5.33829 24450 197.822 0.0515301 0.9516
115 508 5.9 29589 219.857 0.0626559 1.20464
116 509 5.9 24251 213.219 0.0506736 1.25333
117 497 5.32534 25133 206.071 0.0526076 1.21208
118 513 5.9 24724 216.359 0.0518198 1.11352
119 511 5.9 28383 226.233 0.0597537 1.24751
120 498 5.9 25069 186.613 0.0533512 1.07905
121 501 5.26784 24901 222.335 0.0516454 1.13572
122 509 5.9 24920 195.28 0.0529663 1.00447
123 506 5.9 27420 198.441 0.0584912 1.05464
124 512 5.9 26799 172.722 0.0572485 1.05293
125 504 5.9 26535 180.939 0.0563844 1.11323
126 497 5.9 26183 169.401 0.0553816 1.2119
127 503 5.9 29003 188.861 0.0622872 1.07515
128 464 5.9 26431 260.858 0.0549176 1.14051
129 462 5.9 25381 240.216 0.0525774 1.19065
130 466 5.42951 26617 235.633 0.0554835 1.13122
131 459 5.9 28832 222.354 0.0612199 1.16825
132 458 5.31488 24828 269.761 0.0507257 1.25221
133 456 5.51098 23753 246.285 0.0489777 1.16118
134 468 6.06122 24280 289.454 0.0496417 1.32936
135 463 5.59125 27375 235.594 0.0573124 1.18389
136 455 5.9 23767 270.326 0.0489934 1.20153
137 464 5.93248 24339 267.365 0.0501632 1.14347
138 463 5.63764 24340 293.981 0.0498774 1.24161
139 460 5.9 28461 255.734 0.0588921 1.12441
140 459 5.9 23804 260.939 0.0489939 1.15103
141 462 5.35589 25050 257.035 0.0510101 1.22443
142 470 5.7337 24578 271.934 0.050248 1.06905
143 459 6.48029 28615 270.5 0.0591969 1.21574
144 465 5.03142 23224 261.343 0.047484 1.08959
145 466 5.18775 25434 267.011 0.0517561 1.36716
146 462 5.9 23939 260.206 0.048815 1.17661
147 462 5.9 29057 271.832 0.0603046 1.39185
148 469 4.85911 23959 271.719 0.0489508 1.1887
149 461 5.26315 24898 275.174 0.0510522 1.33364
150 457 5.9 23771 260.941 0.0487839 1.26331
151 467 5.9 27861 255.329 0.0581261 1.32926
152 466 5.9 25429 274.778 0.0526114 1.18948
153 464 5.78559 23966 267.993 0.0490319 1.19034
154 460 5.9 24484 269.809 0.050247 1.26734
155 455 5.9 27345 272.556 0.0569343 1.25333
156 471 5.9 26237 255.865 0.0544753 1.19537
157 462 5.54249 26034 257.398 0.0539605 1.15235
158 455 5.9 26662 273.765 0.0549981 1.2524
159 460 5.9 29307 263.133 0.0613919 1.42346
160 461 4.70254 26987 241.024 0.0556919 1.26512
161 461 5.9 25469 246.511 0.0527447 1.20894
162 464 5.18542 26405 247.236 0.0546849 1.21309
163 460 5.32905 27020 279.977 0.055863 1.17676
164 460 4.8055 24974 258.586 0.0513874 1.15809
165 460 5.49209 24101 264.812 0.0496119 1.12546
166 462 5.9 25033 264.241 0.0516852 1.18478
167 465 5.9 26143 266.728 0.0539606 1.2803
168 461 5.9 24254 275.844 0.0500991 1.16459
169 453 5.9 24127 270.662 0.0497508 1.11439
170 467 5.1328 24470 259.521 0.0502389 1.0687
171 462 5.9 26046 266.661 0.0538996 1.07973
172 461 4.92581 24343 252.713 0.0495662 1.26499
173 453 5.9 24558 261.505 0.0508388 1.15603
174 461 5.68787 24547 276.862 0.0502538 1.1392
175 460 5.9 26628 240.855 0.0555246 1.10169
176 467 5.9 24759 272.597 0.0507366 1.23471
177 462 4.60215 24132 243.031 0.049452 1.15398
178 457 5.9 24448 279.104 0.0500767 1.21678
179 466 5.9 26742 261.212 0.0554433 1.08601
180 465 5.9 24678 299.768 0.0510315 1.08534
181 460 5.9 25013 279.603 0.0517197 1.17122
182 462 5.15516 24667 260.968 0.0508438 1.18688
183 460 5.9 26436 252.76 0.0552777 1.13104
184 458 5.07834 24860 282.632 0.0504835 1.39829
185 452 5.0793 24540 241.201 0.0506653 1.29126
186 459 4.70871 24914 258.372 0.0510371 1.24948
187 461 5.9 26037 241.37 0.0542437 1.22333
188 461 5.9 25984 244.125 0.0539833 1.1973
189 458 5.9 25207 236.704 0.0526505 1.21256
190 471 5.9 25837 246.693 0.0534248 1.30646
191 470 5.9 27858 264.104 0.0579132 1.45073
