0 484 0 473236 0 0 0
1 483 0 403736 0 0 0
2 483 0 436380 0 0 0
3 483 0 419228 0 0 0
4 493 0 467333 0 0 0
5 478 0 453234 0 0 0
6 492 0 448598 0 0 0
7 482 0 452369 0 0 0
8 483 0 445442 0 0 0
9 484 0 417662 0 0 0
10 483 0 428799 0 0 0
11 486 0 483613 0 0 0
12 482 0 415649 0 0 0
13 477 0 468119 0 0 0
14 485 0 471807 0 0 0
15 489 0 475700 0 0 0
16 476 0 469650 0 0 0
17 484 0 434247 0 0 0
18 486 0 460392 0 0 0
19 477 0 466136 0 0 0
20 489 0 478521 0 0 0
21 481 0 427759 0 0 0
22 482 0 463014 0 0 0
23 482 0 456977 0 0 0
24 487 0 429690 0 0 0
25 485 0 414463 0 0 0
26 482 0 450123 0 0 0
27 474 0 471442 0 0 0
28 473 0 437972 0 0 0
29 482 0 422892 0 0 0
30 493 0 464828 0 0 0
31 481 0 426400 0 0 0
32 480 0 454587 0 0 0
33 487 0 469731 0 0 0
34 473 0 425156 0 0 0
35 484 0 419717 0 0 0
36 493 0 492953 0 0 0
37 485 0 412786 0 0 0
38 483 0 439890 0 0 0
39 482 0 472960 0 0 0
40 481 0 439348 0 0 0
41 484 0 434657 0 0 0
42 469 0 463150 0 0 0
43 486 0 465657 0 0 0
44 473 0 437520 0 0 0
45 485 0 464831 0 0 0
46 487 0 471967 0 0 0
47 486 0 484011 0 0 0
48 491 0 464745 0 0 0
49 486 0 458959 0 0 0
50 484 0 431921 0 0 0
51 483 0 466352 0 0 0
52 490 0 454846 0 0 0
53 486 0 423809 0 0 0
54 483 0 408973 0 0 0
55 483 0 427223 0 0 0
56 470 0 458864 0 0 0
57 476 0 470119 0 0 0
58 491 0 464859 0 0 0
59 490 0 431556 0 0 0
60 480 0 450954 0 0 0
61 485 0 408864 0 0 0
62 479 0 475577 0 0 0
63 486 0 437319 0 0 0
64 520 5.9 27763 324.097 0.0575426 1.21498
65 517 5.9 28272 325.457 0.0583335 1.25288
66 523 7.36061 28208 341.484 0.0589207 1.27656
67 526 5.9 31287 310.734 0.0659478 1.26526
68 521 5.9 25041 343.926 0.0515692 1.19582
69 516 6.50198 25797 326.649 0.0537939 1.17137
70 515 6.22423 25196 326.233 0.0520703 1.30437
71 515 6.65262 29225 288.252 0.0619881 1.22622
72 521 5.9 22501 341.901 0.0459204 1.31432
73 515 6.4361 24027 323.992 0.0500042 1.29023
74 516 6.69762 22886 350.75 0.0472043 1.21743
75 511 6.81042 29013 302.704 0.0614162 1.32774
76 513 6.39342 21449 341.744 0.0440553 1.13359
77 515 5.99938 22466 326.044 0.0457459 1.40302
78 509 6.08599 21384 335.961 0.0434199 1.38644
79 514 7.30276 28598 325.902 0.0605869 1.25913
80 518 5.93405 20874 330.786 0.0428091 1.28802
81 512 5.9 22547 324.933 0.0460515 1.20911
82 522 5.9 21195 331.439 0.0420512 1.23261
83 525 5.9 28694 335.275 0.0592758 1.56527
84 519 5.9 20728 339.007 0.0425474 1.20346
85 521 7.0225 23138 329.072 0.0481991 1.24256
86 523 6.20542 21315 327.861 0.0437587 1.2918
87 515 6.87154 28783 322.734 0.0606652 1.32728
88 525 5.9 23837 350.632 0.0490664 1.27359
89 519 5.9 26070 331.537 0.0534044 1.26196
90 521 5.9 25036 346.086 0.0506595 1.57262
91 520 7.30139 29695 331.714 0.0627954 1.30888
92 528 5.35628 26965 322.324 0.0555926 1.20351
93 522 6.13972 27646 313.888 0.0572519 1.36393
94 516 6.8796 26617 345.398 0.0552005 1.29624
95 522 5.9 31429 334.602 0.0655214 1.33718
96 524 6.49051 27464 335.32 0.0570639 1.25888
97 524 5.9 28481 359.385 0.0591058 1.33358
98 519 6.18111 28348 349.488 0.0590027 1.2909
99 522 5.9 28984 388.742 0.0602967 1.23032
100 515 5.9 24781 368.395 0.0508285 1.23707
101 530 5.9 26024 370.334 0.054134 1.32828
102 520 5.9 25029 334.53 0.051913 1.28836
103 523 5.9 26214 351.058 0.0546924 1.27386
104 526 5.9 22215 330.009 0.045503 1.29623
105 522 5.9 24685 319.282 0.0514847 1.23231
106 515 5.9 23303 334.864 0.0480264 1.1412
107 518 5.9 28460 317.435 0.0593946 1.27088
108 525 5.9 22145 363.447 0.0451586 1.1301
109 530 5.9 24498 334.262 0.050897 1.19519
110 526 5.9 23483 343.864 0.0482467 1.14688
111 520 5.9 28552 338.352 0.0596429 1.4039
112 520 5.9 23100 346.344 0.0475291 1.16718
113 524 5.9 24697 327.872 0.0513582 1.23694
114 531 5.9 23897 335.518 0.0495563 1.17961
115 519 5.9 27893 330.161 0.0584238 1.24339
116 517 6.17786 23436 339.812 0.0481417 1.23442
117 520 6.45938 24933 342.533 0.0519245 1.21229
118 517 5.93368 24421 317.846 0.0507756 1.16506
119 531 5.9 27877 358.773 0.0577733 1.37007
120 518 6.35812 25305 361.62 0.0524495 1.23339
121 523 5.9 25781 344.076 0.0537219 1.20776
122 518 5.9 26443 382.264 0.0534534 1.30959
123 521 5.9 26647 331.98 0.0552066 1.26724
124 527 5.9 27554 335.706 0.0569705 1.22859
125 526 5.9 27351 323.282 0.0567292 1.27721
126 519 7.18557 27568 328.332 0.0577264 1.20744
127 525 5.9 29376 329.803 0.0613778 1.33182
128 495 5.9 23628 135.533 0.0509715 1.03808
129 498 5.9 23842 133.986 0.0518498 0.945932
130 502 5.9 23588 134.702 0.0507409 1.06341
131 500 5.9 25181 134.611 0.0551441 1.11624
132 500 5.9 22009 153.94 0.0470025 1.13382
133 506 5.9 21992 132.984 0.0475134 1.13885
134 501 5.9 21379 136.071 0.0464615 1.06659
135 506 5.9 24356 129.781 0.053475 1.04398
136 503 5.9 20042 131.105 0.0435502 1.17765
137 501 5.9 20769 142.717 0.0440558 1.211
138 497 5.9 20285 146.283 0.043186 1.12201
139 507 5.9 23969 141.656 0.0522386 1.07079
140 502 5.9 20940 141.586 0.0452387 1.17971
141 508 5.9 19581 128.75 0.0418274 1.17304
142 502 5.9 19715 148.338 0.0425985 0.906871
143 488 5.9 23419 128.863 0.0513022 0.980472
144 490 5.9 20945 140.544 0.0450538 0.976374
145 495 5.9 20471 142.367 0.043784 1.12155
146 501 5.9 20180 139.029 0.0431235 1.08452
147 495 5.9 22936 113.683 0.0498238 1.04221
148 498 5.9 20477 136.234 0.0443649 1.09101
149 501 5.9 20299 111.974 0.044193 1.09484
150 499 5.9 20587 124.915 0.0440395 1.15913
151 499 5.9 23764 120.806 0.0530056 0.820653
152 503 5.9 22039 135.486 0.0474553 1.12766
153 498 5.9 21632 130.879 0.0466542 1.17611
154 496 5.9 21346 133.466 0.0460735 1.19857
155 494 5.9 24162 120.236 0.0527504 1.10709
156 498 5.9 24712 133.872 0.054087 1.20113
157 500 5.9 23252 129.344 0.0506414 1.00918
158 499 5.9 23755 142.79 0.0512253 1.02479
159 496 5.9 25756 143.917 0.0567236 0.929948
160 500 5.9 24514 128.889 0.0546342 1.0899
161 502 5.9 25658 167.572 0.0550404 1.14305
162 502 5.9 25350 151.367 0.0547775 1.15761
163 494 5.9 28705 195.054 0.0612169 1.08914
164 491 5.9 23100 140.178 0.0494795 1.14851
165 505 5.9 24616 168.82 0.0525847 1.15327
166 502 5.9 23913 161.632 0.0508362 1.35041
167 496 5.9 25935 165.397 0.0558048 1.09806
168 493 5.9 22271 150.523 0.047901 1.1065
169 509 5.9 24178 177.639 0.0515012 1.16236
170 499 5.9 23490 162.446 0.0506339 1.14633
171 500 5.9 26754 186.611 0.0570375 1.18408
172 501 5.9 22211 161.398 0.0477475 1.06007
173 500 5.9 23365 180.453 0.049701 1.30705
174 498 5.9 22396 165.013 0.0480419 1.10071
175 496 5.9 26977 196.975 0.0573038 1.22374
176 512 5.9 21998 158.62 0.0473435 1.17754
177 499 5.9 23961 185.729 0.0510911 1.09749
178 505 5.9 22294 160.998 0.0476929 1.20461
179 496 5.9 27069 203.767 0.057563 1.15558
180 493 5.9 21251 145.391 0.0458715 1.15492
181 493 5.9 23674 181.497 0.0502447 1.14237
182 491 5.9 22876 190.137 0.0481606 1.22724
183 502 5.9 26887 202.611 0.0568034 1.23851
184 499 5.9 22494 151.045 0.0480157 1.09417
185 512 5.9 23386 192.537 0.0491201 1.22106
186 494 5.9 23301 168.043 0.0493082 1.29553
187 500 5.9 25385 191.248 0.0539132 1.19927
188 501 5.9 24087 140.566 0.0522146 1.02783
189 491 5.9 24836 164.959 0.0532801 1.12335
190 504 5.9 25052 172.609 0.0529434 1.34344
191 501 5.9 27698 190.142 0.0591465 1.22007
