0 488 0 422661 0 0 0
1 481 0 466886 0 0 0
2 481 0 451826 0 0 0
3 486 0 458117 0 0 0
4 474 0 471780 0 0 0
5 474 0 467097 0 0 0
6 483 0 481026 0 0 0
7 481 0 434393 0 0 0
8 479 0 422332 0 0 0
9 475 0 480511 0 0 0
10 487 0 422635 0 0 0
11 488 0 455318 0 0 0
12 479 0 479083 0 0 0
13 489 0 476533 0 0 0
14 486 0 438060 0 0 0
15 479 0 422306 0 0 0
16 478 0 474448 0 0 0
17 484 0 478139 0 0 0
18 487 0 426392 0 0 0
19 482 0 455852 0 0 0
20 480 0 449406 0 0 0
21 484 0 447583 0 0 0
22 484 0 419178 0 0 0
23 477 0 447720 0 0 0
24 485 0 476678 0 0 0
25 482 0 426590 0 0 0
26 477 0 478119 0 0 0
27 480 0 472638 0 0 0
28 489 0 477215 0 0 0
29 481 0 407257 0 0 0
30 480 0 454892 0 0 0
31 485 0 451611 0 0 0
32 480 0 481644 0 0 0
33 478 0 481294 0 0 0
34 479 0 443311 0 0 0
35 478 0 447728 0 0 0
36 488 0 477967 0 0 0
37 479 0 440093 0 0 0
38 489 0 490320 0 0 0
39 480 0 463370 0 0 0
40 475 0 479291 0 0 0
41 480 0 478282 0 0 0
42 478 0 427908 0 0 0
43 485 0 442782 0 0 0
44 484 0 467091 0 0 0
45 483 0 459819 0 0 0
46 486 0 454269 0 0 0
47 481 0 453932 0 0 0
48 475 0 442054 0 0 0
49 475 0 461824 0 0 0
50 478 0 464591 0 0 0
51 488 0 471445 0 0 0
52 482 0 424513 0 0 0
53 483 0 470022 0 0 0
54 481 0 406718 0 0 0
55 484 0 477658 0 0 0
56 483 0 454625 0 0 0
57 487 0 464691 0 0 0
58 484 0 476644 0 0 0
59 489 0 406610 0 0 0
60 484 0 466111 0 0 0
61 490 0 474092 0 0 0
62 485 0 446202 0 0 0
63 481 0 470595 0 0 0
64 524 5.9 28537 257.786 0.0603179 1.19998
65 529 5.9 29296 280.253 0.0614657 1.17858
66 521 5.88585 29190 237.272 0.0622395 1.19641
67 523 5.9 32170 320.849 0.0681148 1.34492
68 528 5.12229 27155 256.503 0.057013 1.27438
69 519 5.9 26530 241.316 0.0559455 1.43878
70 543 5.42688 26806 219.976 0.0569116 1.16013
71 534 6.17208 31779 279.514 0.0673978 1.19231
72 528 4.74534 24197 226.721 0.05066 1.19
73 527 5.27602 25431 241.374 0.053411 1.2212
74 520 5.12775 24260 220.396 0.05095 1.26496
75 525 5.9 31607 267.439 0.0671835 1.16804
76 533 4.75383 24137 252.44 0.0501943 1.21416
77 534 5.9 25623 239.798 0.0540119 1.31821
78 534 5.22334 24037 239.704 0.0500633 1.2255
79 519 6.45041 31840 273.413 0.0677221 1.42243
80 532 5.9 24699 243.562 0.0519888 1.27825
81 538 5.98208 25857 256.906 0.0542464 1.26766
82 531 5.9 22891 222.748 0.0484804 1.0578
83 532 5.9 31285 250.342 0.0665508 1.38016
84 529 4.70586 23975 223.541 0.05025 1.26098
85 528 5.9 25674 224.306 0.0542724 1.41627
86 527 5.9 23978 220.847 0.0509369 1.17881
87 530 5.9 31633 246.579 0.067779 1.32754
88 532 5.9 26209 257.876 0.0554703 1.21686
89 524 5.30008 27647 247.227 0.0582692 1.24918
90 530 5.9 26738 249.244 0.0565855 1.26536
91 523 5.9 30967 235.913 0.0661355 1.27636
92 521 5.9 28667 237.316 0.0607653 1.35687
93 532 5.52911 28401 248.079 0.0599553 1.0886
94 515 5.9 28369 234.688 0.0600266 1.42042
95 542 5.9 33489 285.988 0.0709573 1.47811
96 531 5.18895 28939 266.395 0.0605003 1.13088
97 531 5.9 27133 158.33 0.0592876 1.26361
98 528 5.14626 29157 198.839 0.0622333 1.20781
99 534 5.9 25120 144.502 0.0567314 1.05175
100 526 5.43878 27335 248.209 0.0575826 1.39718
101 518 5.9 25253 172.048 0.0542738 1.35026
102 540 5.9 26997 227.047 0.0572492 1.26913
103 523 5.9 25311 159.704 0.0546927 1.21174
104 525 4.90409 25817 235.193 0.0540215 1.3183
105 538 5.9 25392 176.341 0.0551661 0.982148
106 531 5.9 25392 198.575 0.0541696 1.39623
107 531 5.9 25986 149.028 0.0572235 1.16811
108 532 5.9 25440 231.578 0.0536602 1.2519
109 532 5.9 24159 165.453 0.0525675 1.1214
110 529 5.9 26196 223.802 0.0557068 1.22121
111 528 5.9 25611 164.816 0.0557913 1.17676
112 540 5.63817 26194 241.282 0.0551095 1.25638
113 533 5.9 24578 167.804 0.0532996 1.25228
114 529 5.9 25449 202.099 0.0542048 1.26858
115 529 5.9 25790 165.598 0.0558683 1.19661
116 535 5.9 25919 238.474 0.0545167 1.30151
117 536 5.33094 25121 192.543 0.0535005 1.24744
118 524 4.69492 25769 200.391 0.0543272 1.15503
119 528 5.9 25389 158.613 0.0552544 1.27628
120 531 5.9 26811 240.501 0.056878 1.17812
121 529 5.9 25237 188.822 0.0539934 1.22978
122 536 5.36133 26499 224.735 0.0561185 1.16508
123 537 5.9 24911 154.134 0.0546072 1.00982
124 524 5.9 28374 260.012 0.0600688 1.16503
125 524 5.9 25705 157.904 0.0558145 1.17326
126 527 5.74714 27448 200.439 0.0589893 1.14339
127 527 5.9 24324 139.64 0.0551122 1.10361
128 434 5.9 23595 143.99 0.050906 0.949984
129 439 5.9 23766 166.453 0.0498718 1.09308
130 434 5.9 23739 150.133 0.0509284 0.957468
131 432 5.9 25679 162.23 0.05524 1.22807
132 428 5.9 22592 183.91 0.0475831 1.06839
133 428 5.9 21630 173.037 0.0454433 1.00239
134 430 5.9 21908 177.716 0.0459298 1.14131
135 431 5.9 23666 161.275 0.0501848 1.13508
136 427 5.9 20136 169.504 0.0425043 1.08575
137 432 5.9 20225 155.556 0.041777 1.10887
138 439 5.9 19969 150.205 0.0424545 0.969353
139 426 5.9 24063 169.05 0.0504486 1.07982
140 436 5.9 19996 173.342 0.0420344 1.06558
141 436 5.9 20699 153.103 0.0428862 1.11937
142 433 5.9 19914 162.715 0.0408802 1.20707
143 427 5.9 24528 160.571 0.0520424 1.16644
144 437 5.9 20191 160.025 0.042891 1.11406
145 424 5.9 20860 151.555 0.0430854 1.23179
146 431 5.9 20113 155.119 0.0419262 1.00839
147 435 5.9 24493 159.391 0.0520507 1.00096
148 425 5.9 20140 173.18 0.0422609 1.03987
149 429 5.9 21399 136.818 0.0446667 1.33769
150 431 4.85947 21318 158.427 0.0440788 1.22358
151 431 5.9 24434 168.05 0.051861 1.09962
152 438 5.9 23056 180.161 0.0488747 1.0224
153 433 5.9 21955 164.586 0.0460462 1.17805
154 432 5.9 22443 168.511 0.0473185 1.30986
155 436 5.9 23411 161.204 0.0499046 1.0541
156 439 5.9 24748 172.841 0.0529037 0.995776
157 431 5.9 23935 167.53 0.0507634 1.22283
158 428 5.9 24755 170.457 0.0524528 1.02524
159 429 5.9 26405 187.315 0.0557184 1.29449
160 442 5.9 25161 181.462 0.0530454 1.11367
161 435 5.9 26992 171.54 0.0576165 1.08719
162 429 5.9 26785 184.023 0.0566365 1.24954
163 431 5.9 30004 184.597 0.064019 1.13591
164 432 5.9 23947 176.097 0.0509027 1.12218
165 436 5.9 24675 195.527 0.0517675 1.25327
166 437 5.9 24868 185.553 0.0522743 1.25021
167 431 5.9 27642 200.106 0.0579524 1.30966
168 434 5.9 22070 175.548 0.0464108 1.16095
169 430 5.9 24815 171.891 0.0526043 1.12072
170 438 5.9 23048 169.134 0.0492104 1.04979
171 432 5.9 28020 182.339 0.0593551 1.18344
172 429 5.9 20980 168.846 0.0444119 1.0209
173 438 5.9 23802 168.804 0.0499157 1.16286
174 421 5.9 21384 168.242 0.044699 1.20648
175 436 5.9 27730 169.48 0.0591363 1.12281
176 427 5.9 20710 174.117 0.0431243 1.28847
177 437 5.9 24573 185.124 0.0510575 1.22155
178 433 5.9 20972 163.303 0.0440443 1.05372
179 443 5.9 27522 189.142 0.0580866 1.18479
180 436 5.9 21829 168.142 0.0460808 1.18582
181 427 5.9 23522 180.448 0.0489501 1.18784
182 429 5.9 22119 166.998 0.0464881 0.951889
183 427 5.9 28174 185.665 0.0597485 1.17596
184 429 5.9 23489 175.298 0.0497856 1.2671
185 431 4.20878 24087 189.68 0.0498307 1.18563
186 430 5.9 23773 202.787 0.0497565 1.17051
187 427 5.9 26175 186.221 0.0550964 1.17388
188 428 5.9 25743 202.791 0.0539481 1.07383
189 430 4.76173 26608 175.999 0.0557602 1.0861
190 429 5.9 26193 175.319 0.0555179 1.11697
191 434 5.9 27626 187.337 0.0591512 1.03516
