0 462 0 485982 0 0 0
1 462 0 482513 0 0 0
2 457 0 477585 0 0 0
3 470 0 470857 0 0 0
4 475 0 422542 0 0 0
5 463 0 466578 0 0 0
6 458 0 481090 0 0 0
7 468 0 454965 0 0 0
8 467 0 485039 0 0 0
9 457 0 454420 0 0 0
10 456 0 447252 0 0 0
11 469 0 473713 0 0 0
12 468 0 427995 0 0 0
13 453 0 437766 0 0 0
14 466 0 436283 0 0 0
15 461 0 464969 0 0 0
16 458 0 485309 0 0 0
17 464 0 451752 0 0 0
18 464 0 478735 0 0 0
19 467 0 481026 0 0 0
20 456 0 470146 0 0 0
21 465 0 427864 0 0 0
22 466 0 485655 0 0 0
23 465 0 487049 0 0 0
24 469 0 488024 0 0 0
25 463 0 483416 0 0 0
26 470 0 456698 0 0 0
27 465 0 445580 0 0 0
28 457 0 471877 0 0 0
29 472 0 440043 0 0 0
30 465 0 483071 0 0 0
31 469 0 479064 0 0 0
32 461 0 482789 0 0 0
33 458 0 471457 0 0 0
34 459 0 455422 0 0 0
35 466 0 457713 0 0 0
36 464 0 456553 0 0 0
37 468 0 478790 0 0 0
38 457 0 470839 0 0 0
39 463 0 448849 0 0 0
40 456 0 484916 0 0 0
41 476 0 482153 0 0 0
42 476 0 481202 0 0 0
43 461 0 473524 0 0 0
44 457 0 443397 0 0 0
45 462 0 457376 0 0 0
46 464 0 441625 0 0 0
47 470 0 487795 0 0 0
48 462 0 486216 0 0 0
49 463 0 486860 0 0 0
50 469 0 444174 0 0 0
51 458 0 452081 0 0 0
52 467 0 477143 0 0 0
53 460 0 483575 0 0 0
54 464 0 429615 0 0 0
55 457 0 448113 0 0 0
56 469 0 449226 0 0 0
57 466 0 454400 0 0 0
58 456 0 444669 0 0 0
59 460 0 475734 0 0 0
60 468 0 485218 0 0 0
61 464 0 485185 0 0 0
62 474 0 443858 0 0 0
63 461 0 463302 0 0 0
64 498 4.52496 29277 230.109 0.0608092 1.23253
65 498 4.89234 30159 219.175 0.0633537 1.23654
66 488 5.9 29704 222.982 0.0630272 1.07137
67 496 5.9 32862 262.074 0.0696767 1.2196
68 505 4.56314 27532 224.577 0.0573622 1.28313
69 494 4.98477 28249 230.109 0.059321 1.19772
70 504 5.24607 27846 240.336 0.0580506 1.27245
71 506 5.61026 30777 235.199 0.0655354 1.27257
72 487 4.78107 26455 228.976 0.0548951 1.25102
73 500 5.77188 28321 271.792 0.0592877 1.24447
74 495 4.71715 27232 236.359 0.0567991 1.13644
75 492 5.77124 31457 242.9 0.0667007 1.36222
76 501 5.9 25459 219.149 0.0540135 1.16537
77 504 5.32769 27006 222.257 0.0571224 1.20909
78 495 5.9 25597 226.599 0.0542022 1.27148
79 499 5.89534 30353 216.761 0.0649917 1.38193
80 508 4.89344 24807 222.588 0.0516727 1.19936
81 498 5.21926 26653 218.93 0.0562799 1.29444
82 492 5.10832 26603 223.65 0.0562467 1.10362
83 494 5.9 30765 229.312 0.0656814 1.29466
84 502 4.79321 26502 220.177 0.0554409 1.31323
85 495 5.65093 27725 219.763 0.0590217 1.26405
86 494 5.29525 26934 241.618 0.0562504 1.23014
87 497 5.9 30881 218.121 0.0662316 1.41093
88 498 4.80109 26937 221.639 0.056577 1.16658
89 491 5.40725 27107 219.346 0.0572767 1.11378
90 502 5.24053 27620 207.137 0.0582395 1.39004
91 492 5.28798 30595 197.434 0.0654301 1.39402
92 490 5.9 29912 212.525 0.0638199 1.24515
93 496 4.92368 30198 207.271 0.0637929 1.27346
94 498 5.74132 30381 223.862 0.0644002 1.27452
95 494 5.9 32985 226.449 0.0707329 1.50491
96 504 5.9 30056 211.239 0.0641598 1.14579
97 499 4.92424 29206 201.992 0.061515 1.23698
98 493 5.9 29850 192.569 0.0641538 1.2014
99 495 5.9 31955 215.021 0.0680464 1.39337
100 499 5.05292 28353 231.646 0.0595204 1.29063
101 499 4.85735 27194 216.55 0.057192 1.22443
102 497 4.61691 28723 222.654 0.0604397 1.21089
103 491 5.9 28187 204.28 0.0596626 1.31987
104 494 5.9 26870 235.341 0.0565113 1.22786
105 494 4.7723 26662 214.392 0.055859 1.20724
106 503 5.20909 26866 223.648 0.056645 1.23486
107 503 5.9 28813 224.278 0.0610812 1.27444
108 492 6.40083 26139 241.652 0.0552281 1.14696
109 493 4.70134 26520 222.019 0.0556867 1.14318
110 491 5.50078 26183 246.875 0.0547391 1.22485
111 502 5.9 29114 234.356 0.0617798 1.27283
112 488 5.9 26084 224.919 0.055197 1.22359
113 494 5.09073 26108 227.231 0.0549979 1.0853
114 491 5.9 25756 247.335 0.0541382 1.21737
115 489 5.9 29246 256.255 0.0615109 1.296
116 498 5.15341 26811 225.331 0.0562916 1.15751
117 495 5.27402 26959 245.73 0.0566983 1.13374
118 497 5.92712 26649 248.958 0.0560989 1.15902
119 501 5.9 28455 235.353 0.0601081 1.29145
120 503 5.40759 27285 245.404 0.0569987 1.28754
121 503 5.25196 27229 260.215 0.056663 1.31464
122 501 5.9 27080 240.799 0.0570457 1.21304
123 498 5.24503 29362 259.819 0.061167 1.26166
124 496 5.9 29259 236.494 0.0616159 1.19478
125 493 5.48221 29245 242.05 0.0614446 1.20461
126 505 5.87157 29158 255.82 0.0610559 1.26805
127 500 5.9 30302 240.947 0.0641824 1.15922
128 514 5.9 25336 190.885 0.0536718 1.09448
129 514 5.9 25118 201.425 0.0529359 1.12542
130 503 5.9 25256 171.874 0.0544651 1.04361
131 507 5.9 25981 204.486 0.0555665 1.03
132 490 5.9 22277 195.003 0.0468966 1.12909
133 497 5.9 22346 198.633 0.0469684 1.27056
134 492 5.9 22758 193.303 0.0481178 1.15957
135 498 5.9 24908 207.101 0.0525236 1.07458
136 498 5.9 20164 196.452 0.0428616 1.02838
137 502 5.9 22094 218.38 0.0460805 1.10333
138 501 5.9 21373 207.378 0.0445385 1.23795
139 510 5.9 25589 205.397 0.054042 1.13892
140 515 5.9 19852 190.137 0.0417744 1.07117
141 504 5.9 21745 205.962 0.0452978 1.13337
142 507 5.9 20405 189.86 0.0429277 1.00548
143 508 5.9 25720 216.868 0.0539925 1.23058
144 506 5.9 19699 176.288 0.042262 1.2568
145 502 5.9 22142 204.748 0.0465229 1.08689
146 511 5.9 20035 185.682 0.0420173 1.08605
147 506 5.9 25727 218.427 0.0542916 1.15168
148 500 5.9 20455 176.286 0.0433775 1.1475
149 514 5.9 22608 204.772 0.047357 1.27818
150 511 5.9 20792 181.156 0.0442703 1.23678
151 505 5.9 25342 208.466 0.0533253 1.08204
152 503 5.9 22647 183.936 0.04823 1.08724
153 506 5.9 22832 189.205 0.0482942 1.1747
154 509 5.9 22902 187.222 0.0485219 1.1757
155 505 5.9 24819 200.194 0.0524721 1.03712
156 511 5.9 24524 180.376 0.0522068 1.17401
157 509 5.9 24006 185.36 0.0507875 1.03919
158 504 5.9 24736 180.82 0.0523694 1.09121
159 520 5.9 25126 203.845 0.0533311 1.00713
160 527 5.9 25528 171.337 0.0547098 0.960448
161 505 5.9 25837 162.151 0.0557131 1.0349
162 498 5.9 25316 181.461 0.0537581 1.10742
163 504 5.9 28342 195.173 0.0604416 1.11318
164 511 5.9 22552 170.99 0.0486664 1.02776
165 505 5.9 23894 197.782 0.0504041 1.03296
166 515 5.9 23558 163.208 0.0510905 1.06865
167 502 5.9 27399 190.315 0.0581138 1.0952
168 505 5.9 21182 169.859 0.0455419 1.16803
169 508 5.9 23585 192.42 0.0500263 1.16072
170 505 5.9 22068 203.118 0.0464005 1.22033
171 503 5.9 26609 197.756 0.0563723 1.18253
172 509 5.9 20987 195.036 0.0443314 0.990063
173 509 5.9 22684 169.503 0.0487273 0.955891
174 512 5.9 20559 168.904 0.0437126 1.21941
175 495 5.9 26775 211.684 0.0566424 1.0601
176 513 5.9 20576 197.25 0.0432268 1.08722
177 510 5.9 21297 208.533 0.0445183 1.07966
178 494 5.9 20622 180.694 0.0440462 0.957228
179 511 5.9 26664 209.199 0.0559402 1.23789
180 505 5.9 21124 195.232 0.0446446 1.00543
181 506 5.9 22910 202.496 0.0479134 1.0375
182 506 5.9 21234 181.922 0.0452994 1.10478
183 515 5.9 26819 228.921 0.0562904 1.05142
184 502 5.9 22646 192.276 0.0480775 1.08896
185 512 5.42227 23714 216.636 0.0496439 0.998462
186 511 5.9 23491 204.176 0.0494163 1.11016
187 510 5.9 26905 235.432 0.0561209 1.08181
188 498 5.9 24785 157.303 0.0544811 0.900465
189 507 5.9 25691 215.535 0.0539712 1.05772
190 511 5.9 25446 198.866 0.0537606 1.11815
191 504 5.9 28923 200.983 0.0619812 1.00365
