0 475 5.9 28194 210.501 0.058869 1.08132
1 476 4.66186 27465 179.294 0.0578655 0.968801
2 480 4.62237 28012 185.065 0.0587178 1.11738
3 488 7.33393 20537 165.326 0.0501985 1.39904
4 488 4.8286 27263 235.252 0.0564385 1.01489
5 477 5.1038 26330 192.226 0.0549674 1.07239
6 488 4.97872 26795 197.226 0.0561586 0.938057
7 476 5.9 27029 119.544 0.0705779 0.903748
8 484 4.59478 25719 195.698 0.052812 1.19427
9 472 5.3375 27748 199.096 0.0580783 1.10192
10 472 5.9 25552 196.262 0.0537581 1.15897
11 476 5.9 29152 138.772 0.0683022 1.04783
12 484 4.7599 25030 193.588 0.0519205 1.11637
13 489 4.71 27482 182.586 0.0571891 1.27299
14 482 5.40336 25663 177.212 0.0542667 0.92722
15 488 5.9 29759 137.344 0.0689698 0.985467
16 476 4.80133 25310 220.102 0.0520305 1.13017
17 487 5.9 26951 173.253 0.0572797 0.93499
18 480 4.99421 25785 177.531 0.0537973 1.0762
19 482 5.9 30189 143.975 0.0696539 1.00526
20 488 5.9 25702 208.199 0.0534712 1.03791
21 482 5.9 26054 173.229 0.0553975 1.08868
22 489 5.9 25840 175.898 0.0547538 1.04521
23 474 5.9 29717 138.955 0.0690428 1.10891
24 489 5.12257 26764 222.919 0.055635 1.01895
25 476 5.33433 25824 205.286 0.0534753 1.16701
26 475 5.9 26619 207.091 0.0560397 1.06644
27 483 5.9 26278 123.461 0.0671539 1.11375
28 476 4.76106 28806 209.237 0.0596175 1.11587
29 471 5.56342 27478 187.443 0.0578366 0.973914
30 481 5.9 28058 178.474 0.0602432 1.1859
31 484 5.97292 20206 169.238 0.0463675 1.231
32 486 5.9 28311 211.862 0.0594454 1.17142
33 480 5.9 27266 247.938 0.0565994 1.2042
34 472 5.05051 28533 222.564 0.0593852 1.14401
35 482 5.9 25623 221.617 0.0541103 1.13904
36 488 5.41072 26795 235.127 0.0556013 1.21224
37 486 5.93754 25129 268.78 0.0521435 1.07896
38 484 5.61507 27014 270.879 0.0558564 1.12699
39 481 4.54176 25288 235.233 0.0514338 1.10889
40 479 5.95535 25677 235.21 0.0531913 1.13634
41 484 5.45189 24538 221.584 0.0513952 0.94158
42 481 5.53901 25054 227.361 0.0515971 0.965967
43 484 5.9 26294 216.07 0.0547221 1.15191
44 485 5.9 25348 216.467 0.0531218 1.05203
45 486 5.15214 24941 221.158 0.0514478 1.00325
46 482 5.60014 25527 206.714 0.0531968 1.08
47 475 5.9 26558 219.509 0.0556393 1.14715
48 479 5.9 24839 219.507 0.0518423 1.06531
49 485 5.9 25103 200.51 0.0530322 1.0388
50 490 5.89331 25146 222.308 0.0522977 1.04885
51 476 5.9 26411 217.266 0.0552712 1.09197
52 483 5.9 25573 216.379 0.0531726 1.18143
53 480 5.20493 24538 194.165 0.0516691 0.996082
54 483 5.41436 25643 220.857 0.053541 1.06292
55 480 5.9 26146 234.111 0.0543675 0.987962
56 490 5.9 27327 225.811 0.056926 1.35199
57 482 5.9 23997 243.148 0.0497536 1.22097
58 482 5.07676 25732 222.473 0.0537418 1.03995
59 474 5.9 24166 225.405 0.0503613 1.10488
60 475 4.92159 28191 208.879 0.0585733 1.15643
61 478 5.9 25184 218.755 0.0525077 1.00753
62 482 6.01312 27347 226.658 0.0571912 1.08185
63 480 5.9 24506 217.138 0.051405 0.941363
64 557 5.9 29590 141.129 0.0644724 1.15945
65 553 5.9 27895 121.976 0.0613618 1.00278
66 552 5.9 29466 134.163 0.0638665 1.3346
67 563 5.9 29757 111.463 0.0696431 1.37984
68 559 5.9 28023 136.28 0.061543 1.23466
69 564 5.9 26745 126.665 0.058578 1.06345
70 549 5.9 28084 136.283 0.060916 1.2565
71 561 5.9 29546 113.481 0.0668116 0.978783
72 569 5.9 26206 136.948 0.0565674 1.17747
73 562 5.9 27092 129.516 0.0595677 0.957412
74 565 5.9 25911 129.751 0.0570404 1.2598
75 561 5.9 30969 118.853 0.070086 0.966737
76 566 5.9 25390 139.717 0.0552136 1.05769
77 562 5.9 26907 133.362 0.0586747 1.10047
78 567 5.9 25427 135.589 0.0558129 1.01528
79 549 5.9 31145 118.395 0.0706657 1.12318
80 561 5.9 25893 139.286 0.0556509 1.22491
81 569 5.9 26526 123.84 0.0577076 1.07614
82 569 5.9 24988 142.946 0.0539823 1.1272
83 565 5.9 31461 126.004 0.0701066 1.06161
84 572 5.9 25776 147.845 0.0557771 1.16234
85 559 5.9 26626 125.081 0.0587065 1.04934
86 573 5.9 25779 142.539 0.055291 0.986741
87 570 5.9 31076 115.483 0.0703161 1.15522
88 569 5.9 28012 150.673 0.0607469 1.04713
89 561 5.9 26626 121.009 0.0594143 1.08002
90 553 5.9 27287 124.062 0.0599821 1.07417
91 560 5.9 30054 122.437 0.0678423 1.00642
92 571 5.9 29215 134.384 0.0638869 1.12758
93 569 5.9 27944 118.932 0.0618489 1.34913
94 568 5.9 29273 133.985 0.0642549 1.16775
95 558 5.9 30552 107.841 0.07021 1.06733
96 563 5.9 30532 147.31 0.0664653 0.974727
97 560 5.9 28922 138.103 0.0621171 1.10566
98 564 5.9 30392 146.942 0.0660157 1.20973
99 569 5.9 27702 153.187 0.0598472 1.05346
100 564 5.9 28370 165.822 0.0608677 1.19508
101 560 5.9 26010 149.481 0.0563392 1.11533
102 565 5.9 27615 154.954 0.059839 1.03207
103 555 5.9 25696 160.169 0.0549166 1.14267
104 561 5.9 26943 157.477 0.0580291 1.24944
105 559 5.9 25180 132.047 0.0551636 1.15447
106 558 5.9 25736 154.829 0.0548744 1.04951
107 560 5.9 26764 136.785 0.0584172 0.933448
108 574 5.9 26272 149.504 0.056929 1.11761
109 554 5.9 25397 133.545 0.0547495 1.0404
110 573 5.9 26163 145.3 0.0559351 1.1918
111 557 5.9 26932 137.919 0.0586424 1.24264
112 561 5.9 27240 161.75 0.0585292 1.10305
113 563 5.9 25647 139.508 0.0554402 1.22804
114 566 5.9 26358 150.571 0.0565451 1.21814
115 561 5.9 27213 155.433 0.0584783 1.16294
116 561 5.9 26705 144.681 0.0579259 1.22611
117 567 5.9 24604 147.096 0.0529661 1.06465
118 571 5.9 25445 152.266 0.0543242 1.05486
119 566 5.9 25715 157.759 0.0551776 1.14917
120 570 5.9 27638 142.124 0.0603108 0.969146
121 563 5.9 25373 147.514 0.0549029 1.17411
122 562 5.9 27125 156.873 0.0581585 1.22222
123 562 5.9 24761 150.794 0.053207 1.19169
124 564 5.9 29771 148.42 0.0648071 1.12898
125 566 5.9 27883 143.804 0.0601523 1.23438
126 555 5.9 28706 157.31 0.0614232 1.18157
127 568 5.9 27228 161.545 0.0587749 1.1966
128 465 5.9 27200 166.758 0.0575953 1.22214
129 466 5.9 26877 146.377 0.0580439 1.25546
130 471 5.9 27456 164.593 0.0589011 1.0679
131 471 5.9 28136 143.154 0.0626525 1.25235
132 469 5.9 25375 192.637 0.0536193 1.06733
133 468 5.9 24427 162.018 0.0526649 1.18662
134 460 5.9 25257 187.566 0.0534271 1.12304
135 463 5.9 27790 150.929 0.0610996 1.13838
136 482 5.9 24046 190.178 0.051117 1.23897
137 474 5.9 24935 165.887 0.0531263 1.09022
138 462 5.9 24312 175.153 0.0515173 1.18323
139 467 5.9 28475 156.454 0.0619466 1.23936
140 460 5.9 24466 183.182 0.0521255 1.25694
141 470 5.9 24334 148.3 0.0527596 0.933346
142 467 5.9 23379 169.07 0.0498279 0.952149
143 472 5.9 29145 149.891 0.0639331 1.15104
144 465 5.9 24645 194.281 0.0521531 1.32989
145 473 5.9 24993 139.633 0.0552241 0.991106
146 467 5.9 24030 166.655 0.0514353 1.12599
147 463 5.9 28965 150.265 0.063707 1.05932
148 456 5.26613 24659 189.254 0.0517445 1.26665
149 472 5.9 25586 160.745 0.0552545 1.01706
150 459 5.9 24618 156.248 0.0531394 0.974934
151 468 5.9 29470 147.84 0.064797 1.05056
152 460 5.9 25389 178.983 0.0545936 1.10917
153 464 5.9 24833 158.041 0.0535621 1.17769
154 471 5.9 25454 179.93 0.0545549 0.980864
155 470 5.9 27245 143.852 0.0610323 1.02386
156 466 5.9 27958 154.311 0.060691 1.04056
157 472 5.9 27513 146.392 0.0596277 1.06831
158 464 5.9 28255 153.926 0.0616582 1.12166
159 472 5.9 29004 135.898 0.0646854 1.21672
160 459 5.9 28432 161.148 0.0618228 1.14808
161 466 5.9 26878 154.807 0.0579095 1.09589
162 461 5.9 28269 157.049 0.0609564 1.0528
163 459 5.9 26594 136.529 0.0591201 1.09594
164 460 5.9 25750 195.597 0.0548035 1.11931
165 473 5.9 24291 160.939 0.0528119 1.00719
166 475 5.9 25487 176.039 0.0544694 1.14855
167 462 5.9 24492 150.739 0.0527106 1.03609
168 456 5.9 24846 190.701 0.0526811 1.26123
169 476 5.9 23316 141.518 0.0515121 1.09834
170 470 5.9 24879 186.316 0.0526599 1.22662
171 465 5.9 24683 138.789 0.054 1.10898
172 470 5.9 25422 191.521 0.0540729 1.263
173 463 5.9 23707 143.894 0.051472 1.09981
174 465 5.9 24427 175.82 0.0520849 1.02068
175 468 5.9 25140 140.162 0.0545764 1.1578
176 468 8.88392 24346 202.045 0.0531231 1.32876
177 462 5.9 23967 147.197 0.0517315 1.13072
178 463 5.9 24033 178.705 0.0512232 1.12754
179 463 5.9 24957 159.187 0.0536734 1.22959
180 477 5.9 24791 200.339 0.0525821 1.18703
181 461 5.9 23227 170.943 0.0494027 1.10949
182 465 5.9 24159 179.686 0.0514136 1.01532
183 471 5.9 23978 148.919 0.0517874 1.25214
184 454 5.9 25700 204.426 0.0542666 1.21509
185 463 5.9 22640 157.27 0.0486645 1.0369
186 462 5.9 25286 196.296 0.0533838 1.19362
187 473 5.9 22651 150.412 0.0490554 1.05712
188 469 5.9 27541 180.382 0.0584628 1.05151
189 465 5.9 25724 149.026 0.0554074 1.15516
190 465 5.9 27045 160.282 0.0578787 1.11061
191 465 5.9 24129 155.731 0.0517142 1.20757
