0 506 5.9 27060 166.13 0.0589177 1.23648
1 504 5.9 26969 169.473 0.0578831 1.2348
2 505 5.9 26926 159.112 0.0590035 1.25093
3 500 5.9 29219 161.301 0.0644551 1.12231
4 505 5.9 25327 179.537 0.0544756 1.43764
5 508 4.89873 25832 181.244 0.0547225 1.28517
6 501 5.9 25739 172.629 0.0557951 1.22859
7 497 5.9 28451 178.187 0.0618601 1.25124
8 498 5.9 23920 207.508 0.0509122 1.23238
9 500 5.9 25682 181.626 0.0557239 1.18634
10 494 4.85884 24645 186.237 0.0523767 1.23572
11 504 5.9 28633 157.579 0.063428 1.18537
12 508 4.5849 23446 215.827 0.0487626 1.28195
13 501 5.158 24561 206.644 0.0517792 1.31218
14 500 5.80494 23263 208.374 0.0493732 1.22474
15 503 5.9 29799 175.149 0.0646952 1.28358
16 503 5.9 22727 195.11 0.0486684 1.14275
17 494 5.17514 24372 203.683 0.0514252 1.20641
18 500 5.9 23344 200.389 0.0496937 1.29916
19 496 5.9 29165 178.574 0.0638958 1.18187
20 498 5.9 22745 193.721 0.0488168 1.07049
21 505 5.9 24664 178.655 0.0531037 1.23488
22 494 5.9 24443 178.9 0.0524988 1.23596
23 496 5.4881 29523 177.001 0.0641948 1.12782
24 503 5.9 24580 190.519 0.0525156 1.3901
25 496 4.8679 25972 195.973 0.0549766 1.21887
26 498 5.9 25753 191.31 0.0551471 1.21289
27 505 5.9 28275 170.745 0.0615191 1.10414
28 503 5.9 26847 176.831 0.0586217 1.0965
29 511 4.32143 27608 170.724 0.0587115 1.10775
30 496 5.9 27339 167.008 0.0597312 1.18668
31 502 5.9 29153 178.018 0.0636184 1.23822
32 498 5.9 26724 153.679 0.0591212 1.08665
33 498 5.9 25671 159.406 0.0555323 1.16863
34 513 5.9 26492 160.123 0.0579187 1.16835
35 502 5.9 28265 187.714 0.0607134 1.27051
36 500 5.9 25190 176.673 0.054415 1.24455
37 499 5.9 24121 177.096 0.0520286 1.21005
38 500 5.9 25266 169.209 0.054695 1.21537
39 492 5.9 25997 172.873 0.0558311 1.33117
40 495 5.9 23428 184.686 0.0503834 1.18297
41 509 4.22276 25209 186.921 0.0534104 1.14851
42 501 5.9 24311 180.388 0.0526613 1.17819
43 507 5.9 27487 195.577 0.0588938 1.35585
44 504 5.9 22477 185.717 0.0481237 1.15314
45 509 4.47079 23952 184.757 0.0506858 1.34625
46 506 4.29573 23638 176.313 0.0497443 1.33219
47 497 5.9 27073 190.991 0.0582472 1.358
48 505 5.9 22562 197.101 0.0480506 1.17771
49 505 4.48472 23670 183.202 0.0501429 1.25991
50 499 4.65356 23185 199.506 0.0486922 1.27428
51 500 5.9 27261 209.598 0.0583505 1.31213
52 494 5.9 23807 194.774 0.0510924 1.06172
53 496 4.64191 24463 196.895 0.0518358 1.14026
54 497 5.9 23515 175.139 0.0506192 1.20927
55 500 5.9 27010 198.331 0.057774 1.28397
56 505 5.9 25766 208.025 0.0550743 1.147
57 490 4.08301 24370 174.849 0.0514696 1.12838
58 505 5.9 24568 182.308 0.0526869 1.35212
59 494 5.9 26043 186.359 0.0559129 1.28624
60 502 5.9 26307 160.716 0.0572579 1.17632
61 501 5.9 24488 161.9 0.0533492 1.16229
62 499 5.9 25532 160.381 0.0558869 1.10015
63 508 5.9 26859 168.505 0.0585104 1.22374
64 472 5.9 27659 156.444 0.060105 1.11081
65 472 5.9 27285 163.185 0.0587055 1.25455
66 465 5.9 28386 171.319 0.0611471 1.10738
67 476 5.9 30154 186.713 0.0648666 1.33968
68 481 4.82269 27228 195.583 0.057512 1.20485
69 473 5.9 26217 200.612 0.0557335 1.2237
70 467 5.16018 26763 176.007 0.0571488 1.13874
71 488 5.13711 29033 196.805 0.0618059 1.22706
72 474 4.43895 24821 204.426 0.0518759 1.18533
73 466 5.9 26713 213.563 0.0564217 1.35812
74 469 5.73521 26264 203.289 0.0555645 1.13934
75 470 5.9 29807 196.905 0.0641383 1.39504
76 472 4.67428 24450 208.293 0.0511414 1.22235
77 478 5.9 25226 204.148 0.0537678 1.23492
78 475 5.89039 24485 208.544 0.0520882 1.10554
79 478 5.9 29976 214.44 0.0639476 1.4066
80 485 5.1162 23462 226.7 0.0489601 1.28646
81 475 5.74751 25349 209.2 0.053533 1.26208
82 468 5.69943 24398 211.104 0.0517027 1.1056
83 473 5.9 29685 193.112 0.0637641 1.36193
84 476 4.50347 25809 211.259 0.0537502 1.29276
85 474 5.9 26498 193.856 0.0565846 1.27522
86 466 5.55512 25572 194.615 0.0543758 1.18612
87 473 5.9 29826 202.743 0.0636068 1.58927
88 465 5.9 26033 199.571 0.0554685 1.22593
89 471 5.31426 26075 201.762 0.0550874 1.18544
90 477 5.69583 26793 210.684 0.0565792 1.36481
91 466 5.9 28930 182.182 0.0622135 1.17095
92 474 4.62575 28734 186.879 0.0610538 1.17627
93 474 4.6283 27409 172.232 0.0581028 1.11037
94 468 5.15855 28891 190.039 0.0615368 1.15253
95 478 5.9 27862 183.671 0.0598761 1.33833
96 471 5.9 28853 177.047 0.0618803 1.17244
97 477 4.68479 27225 173.259 0.0580862 1.07586
98 475 5.9 28512 181.283 0.0609975 1.28122
99 473 5.9 29283 196.162 0.062856 1.3237
100 465 4.57844 27469 199.418 0.0577345 1.29596
101 470 3.95912 26966 189.949 0.0555584 1.36913
102 476 5.9 27201 191.473 0.0583667 1.1825
103 476 5.9 27763 195.271 0.0592941 1.14086
104 468 5.9 25007 188.695 0.0535021 1.18685
105 467 5.9 24938 195.569 0.0532071 1.09122
106 469 4.70816 26045 200.573 0.0547838 1.31963
107 470 5.9 27865 205.346 0.059382 1.34817
108 472 4.40573 24620 189.616 0.0517903 1.16946
109 476 5.9 24355 178.537 0.0523062 1.33077
110 479 5.9 23772 178.975 0.0509762 1.17913
111 475 5.9 27907 191.019 0.0597314 1.38922
112 464 5.9 23915 202.047 0.0507303 1.09354
113 478 4.71209 24458 169.146 0.0522287 1.17898
114 479 4.73228 24506 183.689 0.0519049 1.14524
115 467 5.9 27988 186.647 0.0603458 1.12413
116 469 5.9 25384 180.627 0.0547463 1.08303
117 469 5.9 26123 188.084 0.0560753 1.32998
118 467 4.68374 25353 179.211 0.0536826 1.2804
119 469 5.9 26476 174.471 0.0568583 1.28885
120 468 5.9 26375 192.004 0.0559866 1.26323
121 475 5.9 24863 167.042 0.0532589 1.22424
122 469 4.47253 26529 173.78 0.0562935 1.22798
123 463 5.9 26605 173.133 0.0571704 1.19093
124 471 5.9 27704 167.804 0.0597041 1.28965
125 472 5.9 27004 165.318 0.0584081 1.08516
126 470 5.9 26876 149.561 0.0583829 1.28836
127 472 5.9 28153 157.336 0.061388 1.38045
128 505 5.9 25514 232.674 0.0537645 1.15447
129 492 5.38536 25030 233.112 0.0521159 1.13172
130 515 5.9 26244 270.643 0.0543356 1.19442
131 502 5.9 27294 256.216 0.0573966 1.12841
132 495 5.63959 24294 263.824 0.050566 1.22215
133 503 5.9 22900 252.04 0.0474447 1.27214
134 495 5.96068 24310 267.923 0.0504281 1.23695
135 504 5.9 25940 267.036 0.0539281 1.2134
136 512 5.9 23099 266.621 0.0479446 1.26095
137 501 5.9 23372 244.894 0.0485562 1.29468
138 503 5.9 23669 255.836 0.0492282 1.26892
139 489 6.12717 26825 267.214 0.055948 1.22114
140 502 5.41249 23310 266.997 0.0479315 1.30909
141 502 6.17158 23874 234.154 0.0501168 1.22161
142 502 5.9 23913 267.011 0.0495972 1.18038
143 505 5.9 27284 255.936 0.0573259 1.25887
144 509 5.51078 22450 279.968 0.0462106 1.18715
145 501 5.87673 24574 258.647 0.0509772 1.35703
146 499 6.05824 23386 273.034 0.0486369 1.10098
147 518 6.37888 27256 266.58 0.0573579 1.24406
148 498 4.97987 23335 235.837 0.048431 1.13615
149 507 5.9 23781 250.899 0.0495116 1.24314
150 513 7.05904 23415 257.69 0.0490072 1.31161
151 505 6.69719 26502 275.727 0.0557104 1.2329
152 501 5.26244 24559 249.29 0.0511716 1.20201
153 505 5.9 22206 229.809 0.0462278 1.16574
154 502 5.9 23870 239.717 0.0497888 1.15294
155 496 5.9 25847 248.956 0.0538926 1.27452
156 509 5.9 25649 223.994 0.0536983 1.14989
157 505 5.9 24653 220.796 0.051594 1.11226
158 503 5.40318 25536 221.671 0.0533891 1.1282
159 510 5.9 26759 246.857 0.0563068 1.26044
160 507 5.9 26577 239.278 0.0556172 1.23597
161 505 5.9 26194 226.636 0.0550147 1.27111
162 504 5.87828 26081 248.819 0.0543629 1.23971
163 511 5.9 28239 246.892 0.0593513 1.32421
164 503 4.35715 25245 254.503 0.0509695 1.15364
165 488 5.9 24111 239.291 0.0503812 1.2708
166 503 5.9 24476 253.097 0.0512145 1.14521
167 500 5.9 27340 227.136 0.0576506 1.19916
168 506 5.9 24330 252.756 0.0507522 1.15047
169 498 5.52326 25205 264.865 0.0525598 1.11191
170 505 5.9 24774 278.544 0.0513119 1.31552
171 489 5.9 27160 251.088 0.0568405 1.37071
172 501 5.9 24103 261.725 0.050151 1.17765
173 504 5.75019 25295 260.51 0.0527969 1.20331
174 505 5.9 24628 265.288 0.0513481 1.23905
175 504 5.9 27490 260.285 0.0577347 1.28171
176 499 6.51351 23688 272.935 0.0493017 1.19179
177 508 5.9 23989 247.091 0.0502606 1.17275
178 507 5.9 24120 281.25 0.0501782 1.29166
179 497 5.9 27255 260.787 0.0571802 1.26211
180 496 6.33786 23754 287.989 0.049323 1.21001
181 498 5.9 24854 269.845 0.0517443 1.22648
182 505 5.9 24265 281.94 0.0502666 1.21003
183 510 5.9 27060 272.637 0.056768 1.20532
184 495 5.9 24513 268.948 0.0510618 1.25264
185 492 5.9 24247 240.176 0.0506871 1.27703
186 508 5.9 24534 272.467 0.0510275 1.13104
187 505 5.9 26601 254.853 0.0554624 1.34467
188 506 5.9 25685 261.294 0.0533645 1.1729
189 505 5.9 25341 254.863 0.0529909 1.08622
190 498 5.9 25761 250.132 0.0539767 1.15822
191 505 5.9 27863 253.305 0.0584582 1.34337
