0 516 5.9 26121 160.476 0.0567066 0.953786
1 515 5.9 27400 157.446 0.0591425 1.06584
2 518 5.9 27042 161.214 0.058362 1.07381
3 525 5.9 24085 113.856 0.0647015 1.88709
4 520 5.9 23408 204.464 0.0491735 0.975744
5 525 5.9 24212 167.685 0.0518781 1.05387
6 521 5.9 24431 194.077 0.051435 1.23586
7 524 5.9 26853 114.36 0.0705714 1.05636
8 521 5.9 24079 173.275 0.0509161 0.895782
9 519 5.9 25266 129.118 0.0538744 0.977703
10 524 5.9 24923 154.218 0.0537301 0.9283
11 521 5.9 26853 113.152 0.0702379 1.11222
12 526 5.9 23732 205.273 0.0493722 1.09821
13 527 5.9 25899 124.393 0.0557087 1.00226
14 527 6.29246 25917 184.833 0.0544437 0.981128
15 514 5.9 27525 114.642 0.0720961 1.27306
16 528 5.9 23925 189.753 0.0502569 0.966358
17 513 5.9 26720 140.053 0.0565825 0.961346
18 522 5.9 26027 169.026 0.0550589 1.04961
19 525 5.9 27376 107.1 0.074494 1.14651
20 525 5.9 24056 165.276 0.0512699 1.00977
21 520 5.9 25735 135.686 0.0547774 0.927798
22 529 5.9 25836 174.076 0.054837 0.902804
23 526 5.9 27604 95.8399 0.0777457 1.0385
24 524 5.9 22898 192.534 0.0483198 1.04826
25 515 5.9 25212 169.165 0.0536692 1.03456
26 514 5.9 25307 187.071 0.0535081 1.05384
27 529 5.9 28628 119.257 0.0682542 1.00664
28 523 5.9 26893 159.417 0.0577302 1.02625
29 520 5.9 28576 142.226 0.0628154 1.06683
30 527 5.9 28137 150.257 0.0612106 1.03335
31 523 5.9 31321 133.164 0.0725937 0.987368
32 519 5.9 27078 163.657 0.0580418 0.998791
33 521 5.9 26277 190.636 0.0555399 0.966946
34 517 5.9 26501 169.14 0.0563653 0.963047
35 532 5.9 25938 184.928 0.0562785 0.893278
36 524 5.9 22758 183.363 0.0480816 1.04361
37 526 5.9 22817 217.642 0.0476486 1.04061
38 523 5.9 23813 217.023 0.0500133 0.904858
39 524 5.9 24052 200.725 0.0505878 1.08549
40 522 5.9 23831 195.621 0.0497881 1.01717
41 529 5.9 23690 199.296 0.049479 1.09321
42 515 5.45586 24101 197.497 0.0503646 0.922369
43 527 5.9 25263 212.68 0.052774 1.07279
44 517 5.9 24192 219.62 0.0505322 1.15427
45 525 5.9 23884 174.235 0.0503501 0.946997
46 525 5.9 24796 196 0.0518454 1.09119
47 520 5.9 25240 219.021 0.0529273 1.05508
48 530 5.9 23788 194.645 0.0502216 1.00877
49 515 5.9 24488 170.89 0.0508783 1.09067
50 526 5.9 24577 193.622 0.0514223 0.892168
51 514 5.9 25231 206.619 0.0534159 0.928129
52 531 5.9 24678 197.222 0.0512798 1.03321
53 524 4.97213 23117 185.598 0.0476615 1.05594
54 535 5.56166 23488 188.159 0.0491553 1.09919
55 527 5.9 24470 215.799 0.0511496 1.02866
56 515 5.9 23576 202.741 0.0495576 1.17938
57 520 5.9 22252 232.164 0.0460594 1.10151
58 522 5.9 23299 198.293 0.0492963 1.10777
59 534 5.9 23036 238.462 0.0475834 1.27593
60 529 5.9 26704 178.001 0.0566451 1.02186
61 520 5.9 24445 177.181 0.0521631 0.869122
62 520 5.9 25703 175.698 0.0546659 0.99139
63 524 5.9 25227 199.488 0.0534382 1.16293
64 552 5.9 27563 253.901 0.0572443 1.02176
65 555 5.9 28042 267.408 0.0579004 1.0374
66 558 5.9 28837 270.079 0.0592223 1.20616
67 561 5.9 32224 191.564 0.070135 1.49156
68 552 5.9 25158 255.822 0.0518232 0.993178
69 546 6.18375 25740 263.041 0.0526485 1.02021
70 553 5.72622 25616 234.282 0.053093 1.01863
71 547 6.32685 30165 206.697 0.0633899 1.07509
72 552 5.9 24721 211.571 0.0515259 0.915758
73 563 5.34479 26350 219.712 0.0546138 0.910772
74 555 5.75352 25876 232.809 0.0530809 1.13275
75 549 5.9 30727 212.493 0.0645926 1.12969
76 549 5.9 24526 227.317 0.0505129 1.03662
77 559 5.3937 26166 229.927 0.0537583 0.97434
78 551 5.78583 26038 206.249 0.0537216 1.0711
79 550 8.10281 30737 236.636 0.0648387 1.06958
80 555 5.54379 24404 222.635 0.0504565 1.0454
81 554 5.9 25631 216.452 0.0530272 1.02263
82 561 5.9 25400 217.141 0.0526376 0.965479
83 549 6.38608 30287 190.951 0.0648564 1.21837
84 545 4.09901 24814 220.77 0.0492624 1.05288
85 554 5.9 26339 247.56 0.053654 1.19438
86 551 6.63158 24598 222.007 0.0509863 1.1213
87 553 6.2429 29949 192.494 0.0639872 1.07024
88 555 5.42084 24840 240.912 0.0512009 1.00334
89 552 5.9 25401 228.171 0.0522787 1.02095
90 552 5.76578 25596 237.997 0.0527447 1.03423
91 553 5.9 30684 202.669 0.0647039 1.06671
92 553 5.06116 28061 242.265 0.0579004 1.1249
93 559 5.9 29176 222.739 0.0610921 0.968032
94 556 5.98743 29299 242.218 0.0605062 1.1826
95 549 5.9 32391 187.944 0.0708967 0.978396
96 541 5.9 28245 232.755 0.058857 1.01264
97 552 5.9 27240 226.342 0.0568503 1.12862
98 546 5.9 28360 213.712 0.0592095 1.18674
99 544 5.9 27625 248.495 0.0577726 1.03279
100 559 5.9 25171 241.111 0.0519309 1.12471
101 549 5.9 23692 238.17 0.048985 1.0074
102 552 5.9 24918 229.312 0.0514658 1.22102
103 540 5.9 24925 254.348 0.051059 1.18216
104 547 5.9 24486 227.464 0.0504828 1.0383
105 550 5.9 25200 202.811 0.0523937 1.10367
106 552 5.04548 24617 207.503 0.0508947 0.950859
107 553 5.9 26586 219.702 0.0553532 1.10931
108 559 5.9 23958 207.51 0.0498132 0.97624
109 548 5.9 25613 185.408 0.0531999 1.11803
110 556 5.1668 24844 203.814 0.0514135 1.03841
111 553 5.9 26923 228.583 0.055772 1.03973
112 550 5.9 24758 230.027 0.0511008 1.03109
113 552 5.9 25808 188.667 0.0538643 0.940157
114 550 5.9 24882 225.676 0.0511789 1.16909
115 555 5.9 26768 224.279 0.0555557 0.956839
116 558 5.9 24846 214.487 0.0514617 1.04524
117 556 5.70208 24559 216.673 0.0506445 1.17429
118 550 5.75941 24998 228.334 0.0515036 1.08383
119 552 5.9 25963 245.815 0.0535243 1.10288
120 549 5.7323 24577 242.939 0.0506848 1.06213
121 546 5.9 23296 255.494 0.047672 1.24935
122 555 5.39701 24283 226.407 0.050019 1.06134
123 548 5.9 24736 245.294 0.0510938 1.02868
124 557 5.67638 27172 274.92 0.0557431 1.15263
125 546 5.9 26763 258.719 0.0550388 1.22267
126 549 6.21411 26683 273.706 0.0549652 1.16256
127 551 5.9 27415 263.163 0.0566 1.05731
128 511 5.9 24299 182.323 0.0516081 0.896497
129 524 5.9 25338 191.88 0.0534043 1.06604
130 520 5.9 24993 183.463 0.0527308 0.991959
131 518 5.9 26962 194.321 0.0579376 0.934009
132 516 5.9 21870 212.295 0.0456264 1.06832
133 518 5.9 23152 213.531 0.0479845 1.11759
134 516 5.9 22809 225.161 0.0469604 1.14043
135 518 5.9 26028 186.524 0.055706 0.975932
136 523 5.9 20635 191.421 0.0428298 0.976999
137 525 5.9 22447 162.098 0.0472662 0.860621
138 518 5.9 22021 175.569 0.0460874 1.09213
139 539 5.9 26239 183.76 0.0551945 1.14865
140 522 5.9 21044 192.197 0.0438625 1.04015
141 516 5.9 21880 138.326 0.0472833 1.06507
142 519 5.9 21340 168.097 0.0447479 0.898037
143 521 5.9 26781 178.712 0.0569797 0.896009
144 523 5.9 21846 196.47 0.0456993 1.08668
145 525 5.9 22210 154.251 0.0470024 1.00167
146 525 5.9 22042 158.341 0.0469314 1.0888
147 521 5.9 26435 181.415 0.0560796 1.05273
148 517 5.9 21179 177.893 0.0447185 1.09146
149 514 5.9 23575 122.585 0.0562508 2.03253
150 518 5.9 22528 124.356 0.0535882 2.50108
151 529 5.9 27115 171.705 0.0583243 1.02378
152 524 5.9 22931 207.831 0.0477004 1.11864
153 518 5.9 23435 175.496 0.0499741 0.934226
154 525 5.9 23540 190.487 0.0491821 1.01284
155 515 5.9 26846 154.549 0.0584148 1.03561
156 520 5.9 25803 179.741 0.0544826 1.07826
157 515 5.9 25919 174.491 0.0549049 1.06921
158 526 5.9 25725 160.969 0.0549343 0.981931
159 530 5.9 27941 169.598 0.0599816 1.14371
160 518 5.9 25208 162.774 0.0540355 0.990967
161 516 5.9 24216 178.523 0.0518906 0.998239
162 528 5.9 24939 162.954 0.0533368 1.03293
163 521 5.9 27056 198.484 0.0573529 1.11692
164 515 5.9 23383 205.217 0.0489068 1.06708
165 517 5.9 22654 202.642 0.0473217 1.02648
166 523 5.9 23383 207.117 0.0488378 1.04579
167 521 5.9 24222 218.898 0.0506382 0.966299
168 524 5.9 22441 204.077 0.0471135 1.06586
169 524 5.9 24021 178.173 0.0502841 0.99736
170 523 5.9 23417 170.897 0.0492461 1.03289
171 521 5.9 24678 196.1 0.0521108 1.03113
172 520 5.9 22287 210.893 0.0463814 0.943198
173 517 5.9 22875 183.916 0.0481738 1.13245
174 517 5.9 22909 179.366 0.0478679 1.07634
175 524 5.9 25217 215.329 0.0528244 1.06607
176 535 5.9 21936 214.53 0.0455138 1.02781
177 515 5.9 23338 157.01 0.0499915 0.914837
178 524 5.9 22820 186.335 0.047654 1.1923
179 516 5.9 25029 216.022 0.052612 1.02828
180 519 5.9 21497 202.686 0.0447813 1.01975
181 520 5.9 23123 226.553 0.0475594 1.07712
182 526 5.9 22718 182.53 0.04765 1.07584
183 517 5.9 25139 222.387 0.0524369 1.03513
184 522 5.9 22225 244.869 0.0457842 1.12391
185 517 5.9 22006 229.871 0.0456347 0.998747
186 509 5.9 23072 258.838 0.0471297 1.21099
187 519 5.9 24060 247.651 0.0496898 1.12511
188 520 5.9 24493 172.255 0.0519957 0.865041
189 515 5.9 23537 196.92 0.0495027 1.00528
190 537 5.9 24560 179.601 0.0519055 1.01565
191 529 5.9 25206 201.658 0.0534008 1.08921
