0 469 5.9 27226 127.138 0.0596023 1.201
1 474 5.9 27460 98.5342 0.069198 1.27111
2 476 5.9 27258 110.085 0.0617086 1.08782
3 477 5.9 31181 77.8221 0.0913095 3.02533
4 475 5.9 24621 127.973 0.0524624 1.14492
5 470 5.9 25451 96.4729 0.0651275 1.21306
6 478 5.9 25212 126.93 0.054974 1.01818
7 469 5.9 30294 119.17 0.0672089 1.20398
8 478 5.9 22572 84.9235 0.0613159 1.82507
9 473 5.9 25021 130.661 0.0546186 1.03727
10 481 5.9 23697 115.1 0.053377 1.04979
11 473 5.9 29459 122.741 0.0639518 0.935634
12 475 5.9 22234 106.177 0.0501907 0.956839
13 480 5.9 24248 100.146 0.0603693 1.02747
14 470 5.9 23306 50.5558 0.0769067 12.0093
15 475 5.9 29481 123.307 0.0659581 1.05928
16 472 5.9 21999 101.516 0.0509208 1.04015
17 470 5.9 24553 99.6951 0.0612753 1.09843
18 480 5.9 23295 84.9447 0.0632136 1.53187
19 476 5.9 29380 119.16 0.0661636 1.17563
20 476 5.9 21876 87.0863 0.058176 1.23435
21 475 5.9 24111 114.232 0.0536709 1.13895
22 479 5.9 23527 111.745 0.0515728 0.976882
23 473 5.9 28860 105.913 0.0664953 0.878646
24 478 5.9 23383 126.277 0.0500614 1.0731
25 478 5.9 25255 113.547 0.0558525 1.01984
26 475 5.9 24562 117.69 0.0530655 0.918423
27 468 5.9 29595 104.597 0.0680783 0.974803
28 466 5.9 26155 107.112 0.0573703 1.08678
29 480 5.9 27728 81.9084 0.0765853 1.46965
30 475 5.9 28237 115.572 0.0626942 1.16804
31 476 5.9 30410 87.2551 0.0826219 1.34676
32 475 5.9 26020 110.332 0.0569112 1.02865
33 481 5.9 25544 134.102 0.0547889 1.0612
34 470 5.9 26753 130.863 0.0566051 1.07424
35 477 5.9 25113 140.712 0.0546943 1.1566
36 471 5.9 24361 126.601 0.0535289 1.05295
37 486 5.9 23385 138.578 0.0502213 1.23714
38 469 5.9 23910 130.75 0.0520988 0.997222
39 481 5.9 23797 132.146 0.0521416 1.09742
40 474 5.9 22196 94.8917 0.0524454 0.873941
41 471 5.9 23987 124.156 0.0510871 0.960897
42 476 5.9 23488 104.166 0.0552562 0.815778
43 466 5.9 24363 125.121 0.0531471 1.02528
44 473 5.9 22192 109.306 0.0482423 1.03458
45 477 5.9 23460 119.16 0.0522482 1.03909
46 478 5.9 23112 119.221 0.0511968 1.08903
47 473 5.9 25217 130.421 0.0530527 1.19198
48 480 5.9 22227 97.2016 0.0528705 0.918722
49 474 5.9 23222 122.724 0.0510871 0.974198
50 469 5.9 23808 115.651 0.0523997 1.41331
51 477 5.9 25331 139.75 0.0530865 1.09452
52 477 5.9 23504 124.187 0.0506836 1.048
53 478 5.9 23916 117.114 0.0532419 0.914812
54 471 5.9 24021 136.963 0.0508605 1.11062
55 468 5.9 24712 133.6 0.0537527 1.06891
56 478 5.9 24646 122.489 0.05449 1.02222
57 477 5.9 23885 141.683 0.051985 1.03841
58 465 5.9 24937 139.83 0.0546131 1.11994
59 467 5.9 24427 144.366 0.0527905 1.01877
60 467 5.9 26462 129.344 0.0562625 1.04445
61 476 5.9 25333 146.936 0.0546656 1.07536
62 469 5.9 25979 134.786 0.0569861 1.10168
63 475 5.9 25000 153.802 0.0536646 1.17271
64 514 4.81513 28580 193.525 0.0603835 1.3112
65 522 5.9 29184 197.382 0.0622039 1.17986
66 516 4.80393 29550 187.991 0.0627245 1.23643
67 519 5.46361 32200 227.691 0.0685565 1.29699
68 525 5.02385 26345 228.069 0.0551875 1.17749
69 514 4.75425 28313 207.533 0.0596759 1.05488
70 510 4.95026 26912 189.09 0.0567714 1.18914
71 515 6.40411 31083 232.579 0.0663444 1.09472
72 508 5.52687 25392 235.658 0.0529687 1.18854
73 511 5.9 26209 233.995 0.0546669 1.04438
74 517 5.9 26202 206.509 0.0555736 1.22578
75 516 3.97436 32319 226.999 0.0657097 1.24293
76 520 5.9 24923 240.764 0.0520144 1.12758
77 503 5.47202 26085 207.651 0.0548529 1.01023
78 509 5.9 24989 215.586 0.0523227 1.05004
79 507 5.61183 30550 221.904 0.0646349 1.26544
80 508 5.9 24242 224.896 0.0508634 1.13029
81 517 5.37269 26224 210.436 0.0546948 1.10348
82 509 5.55777 24950 212.734 0.0520913 1.13732
83 513 5.9 30527 212.148 0.0649978 1.24668
84 512 5.9 25150 219.333 0.0529419 1.18171
85 503 6.24435 26696 239.046 0.0561969 1.11401
86 507 5.74821 26132 231.387 0.0544623 1.24245
87 517 5.9 30693 214.174 0.0655057 1.11173
88 518 5.3898 26481 234.351 0.0549565 1.21199
89 521 5.79071 27324 231.918 0.0570516 1.20939
90 514 5.9 26813 220.233 0.0562665 1.21943
91 515 5.9 30130 205.089 0.064323 1.11546
92 511 5.27958 28791 216.673 0.0604537 1.13774
93 524 5.9 29004 194.295 0.0617828 1.1292
94 516 5.9 29122 205.484 0.0612136 1.16058
95 515 5.9 31975 201.164 0.0683994 1.31877
96 510 5.29514 28608 221.563 0.0599557 1.21491
97 519 3.92785 27109 225.625 0.054089 1.17563
98 517 4.02958 29061 234.899 0.058456 1.17322
99 517 4.5591 27425 221.621 0.0571935 1.16354
100 506 5.3079 27984 243.539 0.0582632 1.2398
101 512 5.43033 25562 242.57 0.0532567 1.16475
102 516 5.47601 27173 253.881 0.0566951 1.06815
103 514 5.9 25225 249.92 0.0525497 1.12932
104 510 5.9 26216 240.674 0.0549603 1.10979
105 521 5.52032 25314 236.952 0.0529684 1.13457
106 514 5.36122 26570 241.73 0.0555359 1.17573
107 519 5.9 25771 229.93 0.0540835 1.14785
108 511 5.43424 25984 247.62 0.0541796 1.07346
109 501 5.63694 26126 250.517 0.0543216 1.16157
110 512 5.9 25364 265.928 0.0523115 1.28042
111 526 5.9 26691 239.219 0.0558839 1.24594
112 521 5.9 25537 212.753 0.0539924 1.14105
113 512 5.9 25393 232.047 0.0532373 1.22064
114 516 5.8588 26338 264.301 0.0545995 1.23729
115 517 5.9 26403 250.284 0.0551913 1.21645
116 519 5.96605 26841 274.832 0.0555812 1.23766
117 529 5.69932 25935 248.807 0.0542665 1.14449
118 522 5.27854 26532 246.552 0.0550493 1.25769
119 524 5.9 26012 256.868 0.0543697 1.17659
120 510 5.50816 27150 241.549 0.0566332 1.3293
121 525 5.9 25421 237.26 0.0531682 1.17221
122 519 5.9 26531 250.283 0.0555349 1.20846
123 504 5.9 25556 201.785 0.0541844 1.12047
124 525 4.5519 27960 212.359 0.0583927 1.09962
125 515 5.75561 25984 229.008 0.0543119 1.2246
126 525 5.17081 27533 224.714 0.0574585 1.33541
127 515 5.11311 25317 178.225 0.0538485 1.18587
128 517 5.9 25597 141.382 0.0554176 0.973489
129 508 5.9 26548 148.268 0.0575395 0.951426
130 524 5.9 26771 157.25 0.056751 1.13032
131 516 5.9 28463 132.903 0.064521 1.09223
132 500 5.9 22246 147.258 0.0485937 1.06249
133 502 5.9 23101 137.043 0.0488912 0.983532
134 511 5.9 23772 143.048 0.0516506 0.976896
135 512 5.9 26404 119.18 0.0610401 0.862381
136 508 5.9 22241 142.816 0.0478271 1.03567
137 508 5.9 23657 118.784 0.0518835 0.951759
138 504 5.9 22584 107.516 0.0541726 1.10841
139 516 5.9 25747 112.523 0.059019 1.01486
140 518 5.9 21216 122.259 0.0450388 1.21342
141 513 5.9 22793 104.576 0.0542863 1.12327
142 502 5.9 23185 116.762 0.0503911 0.918671
143 513 5.9 26144 120.325 0.0584452 0.92706
144 513 5.9 21806 123.932 0.0483529 0.879692
145 515 5.9 22974 97.0667 0.0568356 1.18515
146 508 5.9 21850 111.344 0.0506635 1.12458
147 512 5.9 26157 106.303 0.0590777 1.03854
148 510 5.9 22153 123.383 0.0470917 1.20602
149 504 5.9 23316 112.58 0.0510315 0.987483
150 513 5.9 22927 117.839 0.0505746 0.869167
151 504 5.9 25871 104.85 0.0592207 1.0145
152 509 5.9 23353 145.406 0.0495859 1.05388
153 515 5.9 23955 122.538 0.0514476 1.06083
154 510 5.9 23535 130.63 0.0506484 1.23989
155 517 5.9 25802 98.95 0.0637335 0.860025
156 512 5.9 25133 135.749 0.0530966 0.942265
157 524 5.9 25679 119.542 0.0552213 1.04024
158 515 5.9 26142 117.543 0.0571716 1.03427
159 508 5.9 26115 69.5548 0.0815618 2.84059
160 515 5.9 26329 145.664 0.0563084 0.993296
161 513 5.9 25227 161.211 0.0537747 1.04272
162 509 5.9 26099 152.916 0.0562791 1.03413
163 525 5.9 25741 161.73 0.0557547 1.00099
164 512 5.9 23763 140.606 0.0512857 1.14815
165 508 5.9 24257 160.584 0.0513876 0.976084
166 514 5.9 23615 162.337 0.0498811 1.09225
167 524 5.9 26221 177.346 0.0554686 1.03993
168 512 5.9 22756 134.353 0.0493951 1.02147
169 515 5.9 24366 163.272 0.051715 1.12114
170 508 5.9 24153 159.325 0.0511358 1.16414
171 521 5.9 26446 187.791 0.0559047 1.03907
172 507 5.9 23055 126.81 0.0508211 0.91421
173 513 5.9 24758 119.142 0.0540868 0.885205
174 516 5.9 24764 153.7 0.052925 0.924244
175 513 5.9 26870 182.01 0.056497 1.14326
176 515 5.9 22857 141.881 0.049473 1.0458
177 520 5.9 24552 137.113 0.051764 1.06587
178 513 5.9 24246 143.563 0.052395 1.07676
179 512 5.9 27497 183.095 0.0582743 1.07084
180 513 5.9 23618 160.085 0.0498853 1.09208
181 515 5.9 24424 148.193 0.051283 0.940968
182 510 5.9 23752 153.493 0.0509696 1.03043
183 501 5.9 25936 190.297 0.054399 1.16881
184 506 5.9 23837 183.05 0.0499304 1.03088
185 512 5.9 24610 208.891 0.0511179 1.07134
186 509 5.9 24861 173.849 0.0529715 1.10517
187 505 5.9 25563 172.401 0.0541872 1.15452
188 510 5.9 26103 162.396 0.0555126 1.21503
189 520 5.9 25791 202.315 0.0540841 1.07325
190 516 5.9 25955 179.578 0.0550622 1.01669
191 520 5.9 27139 175.51 0.0585382 0.981346
