0 474 5.9 23067 197.434 0.0489646 1.39976
1 487 5.9 23311 178.957 0.0497941 1.25815
2 483 5.9 23789 192.362 0.0505559 1.25134
3 472 5.9 25662 193.16 0.0556155 1.22103
4 483 4.27288 21863 203.952 0.0451366 1.45708
5 490 5.9 20543 198.846 0.0437689 1.27739
6 481 5.63202 21298 209.383 0.0451967 1.34978
7 483 4.51506 24463 198.613 0.0515813 1.46961
8 486 5.9 19521 200.225 0.0419993 1.1627
9 479 5.9 19410 192.523 0.041427 1.33041
10 490 5.9 19398 202.793 0.0412187 1.32862
11 480 4.33401 23994 192.267 0.0500898 1.44337
12 483 5.9 19584 208.876 0.0416207 1.19139
13 479 5.9 18326 182.39 0.0392534 1.21767
14 488 5.9 18857 205.468 0.0403306 1.16076
15 485 5.9 22534 181.074 0.0486531 1.33103
16 476 5.9 19291 210.194 0.0410911 1.13106
17 481 5.9 17773 186.077 0.0379912 1.20174
18 481 4.70306 18694 194.901 0.0392294 1.20086
19 488 5.9 22711 178.935 0.0492094 1.34081
20 492 5.9 18954 193.923 0.0404449 1.1872
21 480 5.9 17762 184.622 0.0375847 1.35615
22 479 5.9 18718 193.36 0.0400363 1.16193
23 485 5.9 22926 166.491 0.0499617 1.15995
24 482 5.9 20032 199.643 0.0425927 1.39814
25 479 5.9 20907 179.425 0.0447284 1.21249
26 481 5.9 20274 189.292 0.0432885 1.31397
27 480 5.9 24051 182.422 0.0518451 1.34275
28 480 5.9 24003 179.56 0.0511818 1.29251
29 475 5.9 24942 158.576 0.0541856 1.29117
30 485 5.9 24387 170.022 0.0520625 1.44505
31 478 5.9 27281 158.297 0.0595324 1.49315
32 488 5.9 23485 166.254 0.0503655 1.30187
33 482 5.9 23865 161.442 0.0515912 1.21034
34 485 5.9 23208 156.753 0.0499695 1.38354
35 471 5.9 24828 174.043 0.0533791 1.3701
36 480 5.9 20465 189.518 0.0436838 1.26533
37 484 5.9 20960 180.511 0.0447684 1.50512
38 483 5.9 20620 196.311 0.0441836 1.26443
39 467 5.9 23601 194.738 0.0502235 1.48191
40 486 5.9 20056 200.322 0.0425414 1.28382
41 487 5.9 20548 184.682 0.0440353 1.21995
42 484 4.97576 20804 200.855 0.0437377 1.40665
43 471 5.9 23405 181.909 0.0505941 1.18712
44 481 5.9 20381 209.874 0.0430917 1.25624
45 475 5.9 20834 204.912 0.0446631 1.29837
46 482 5.9 20833 205.34 0.0445438 1.20869
47 476 5.9 23500 186.761 0.0505614 1.33594
48 480 5.9 20439 209.461 0.043396 1.14642
49 477 5.9 21500 195.382 0.0462053 1.23572
50 486 5.9 19666 196.251 0.0422547 1.14269
51 476 5.9 23721 196.785 0.0509473 1.33825
52 490 5.9 20711 212.045 0.0442166 1.22265
53 488 5.9 21125 205.795 0.0453259 1.23768
54 475 5.9 20852 201.912 0.0448317 1.27265
55 472 5.9 23467 206.686 0.0500822 1.33803
56 490 5.9 21766 210.234 0.0463994 1.42209
57 482 5.9 21023 208.241 0.0450954 1.30207
58 477 5.9 21480 215.194 0.0459307 1.39253
59 489 5.9 23315 209.22 0.0498401 1.27167
60 475 5.9 23425 176.306 0.0502949 1.09292
61 483 5.9 22799 183.55 0.0486638 1.19522
62 485 5.9 23525 195.688 0.0503614 1.25635
63 484 5.9 24281 196.56 0.0518405 1.33246
64 524 5.9 26151 209.84 0.0551264 1.07316
65 528 5.9 26572 172.535 0.0575334 1.18489
66 515 5.9 26536 181.713 0.0569858 1.04686
67 528 5.9 27643 130.754 0.0668077 0.931001
68 516 5.9 24851 233.312 0.051907 1.00593
69 526 5.43357 24969 181.046 0.0539151 1.14072
70 523 5.9 24518 205.287 0.0518531 0.966081
71 519 5.9 28368 155.529 0.0621449 1.04645
72 527 5.9 24093 207.1 0.0506491 1.00791
73 530 5.9 24289 181.179 0.0514678 1.11141
74 527 5.5546 24287 198.914 0.0510017 0.993019
75 533 5.9 27973 152.636 0.0587167 2.18578
76 522 5.9 24543 185.495 0.052124 1.0779
77 519 5.9 23966 200.21 0.0502252 1.16363
78 521 5.9 24591 216.715 0.051276 1.05764
79 524 5.9 28239 167.617 0.0609731 1.12585
80 514 5.9 24483 205.28 0.0513205 1.06763
81 525 5.9 23649 186.948 0.0497829 1.07573
82 513 5.9 23960 209.477 0.0499553 0.983143
83 519 5.9 27960 168.61 0.0601388 1.0347
84 518 5.9 23467 203.573 0.0490432 0.995764
85 514 5.9 24461 182.766 0.0523228 1.15122
86 527 5.9 23201 216.214 0.0482434 1.24191
87 528 5.9 29033 181.185 0.0631254 0.984487
88 515 5.9 23991 238.069 0.0496675 1.2693
89 512 5.9 24776 204.214 0.0520741 1.24384
90 521 5.9 25172 233.498 0.0518101 1.2363
91 528 5.9 29405 180.842 0.0631978 1.06106
92 516 5.9 25043 203.182 0.0526606 1.11206
93 532 5.9 26793 201.741 0.0563802 1.13772
94 515 5.9 27037 211.142 0.0569996 1.04072
95 519 5.9 26958 175.721 0.0612457 1.18755
96 517 5.9 26695 206.262 0.0565141 1.09379
97 525 5.9 26905 227.821 0.0566421 1.14244
98 524 5.9 27766 212.61 0.0584003 1.17858
99 535 5.9 27183 240.484 0.0571297 1.01242
100 520 5.9 24954 223.38 0.0522573 1.08555
101 517 5.9 24396 200.15 0.0520006 0.991755
102 512 5.9 25106 221.303 0.0528868 1.03051
103 512 5.9 25335 234.25 0.0528177 1.08613
104 521 5.9 24873 215.475 0.0519489 1.14143
105 527 5.9 24502 187.18 0.0516311 0.977924
106 515 5.9 23981 214.29 0.0501968 1.0445
107 513 5.9 26356 211.702 0.0555822 0.970956
108 526 5.9 24711 198.664 0.0523162 1.0184
109 521 5.9 24329 185.965 0.0511872 1.07356
110 536 5.9 24518 213.02 0.0511489 1.03368
111 507 5.9 25545 230.346 0.0532181 1.00462
112 528 5.9 25191 194.254 0.0533174 1.09025
113 537 5.9 24499 167.99 0.0519976 0.986759
114 512 5.9 24716 207.828 0.0520652 1.02606
115 511 5.9 25954 202.604 0.0545458 1.14433
116 528 5.9 25076 216.733 0.0524625 1.18084
117 527 5.9 23829 186.043 0.0502424 1.27683
118 518 5.9 24437 213.639 0.0510668 1.0877
119 524 5.9 26104 207.057 0.0549366 1.01786
120 521 5.9 24429 225.985 0.0508644 1.2539
121 523 5.9 24231 207.079 0.0510559 1.27092
122 532 5.9 24811 207.697 0.0522932 1.21489
123 526 5.9 24793 193.342 0.0526901 1.11024
124 529 5.9 25978 207.291 0.0548316 1.22073
125 529 5.9 25185 179.943 0.0537574 1.13466
126 526 5.9 25437 178.553 0.0544138 1.07863
127 531 5.9 26474 195.106 0.0567874 1.00023
128 468 5.9 24669 165.248 0.0527958 1.12846
129 473 5.9 25620 163.326 0.0547771 1.22769
130 465 5.9 25114 156.885 0.0533988 1.24423
131 475 5.9 27398 161.907 0.0593044 1.10111
132 463 5.9 22731 169.92 0.0479761 1.22761
133 472 5.9 23052 173.903 0.0486892 1.36702
134 469 5.9 23039 171.569 0.0489247 1.22067
135 467 5.9 26364 172.433 0.056523 1.2164
136 463 5.9 22449 167.509 0.047581 1.11167
137 462 5.9 22979 170.627 0.0487948 1.26619
138 467 5.9 22991 174.479 0.0486243 1.3308
139 468 5.9 25968 168.343 0.0555159 1.04869
140 471 5.9 22892 157.168 0.0486541 1.20144
141 466 5.9 22350 169.257 0.0471319 1.24351
142 459 5.9 22456 171.819 0.0476106 1.11048
143 465 5.9 26706 176.403 0.0565695 1.32729
144 461 5.9 23100 158.991 0.0487945 0.968772
145 464 5.9 23159 175.782 0.0491034 1.25881
146 465 5.9 23272 170.551 0.0492658 1.25423
147 467 5.9 26249 176.965 0.0558167 1.28681
148 458 5.9 22315 173.906 0.047081 1.18005
149 470 5.9 23954 162.46 0.0507878 1.08513
150 458 5.9 23367 165.948 0.0495458 1.12892
151 460 5.9 27032 165.932 0.0572649 1.14525
152 465 5.9 23559 192.925 0.0495536 1.2263
153 465 5.9 23460 182.492 0.0493447 1.26558
154 460 5.9 23619 183.229 0.0495707 1.22844
155 465 5.9 27159 161.662 0.0576524 1.15028
156 470 5.9 25858 179.262 0.0546191 1.32086
157 464 5.9 25717 172.103 0.0546275 1.49798
158 460 5.9 26095 172.044 0.0556085 1.3871
159 473 5.9 28535 174.106 0.0612293 1.13863
160 466 5.9 26161 184.516 0.0556028 1.25698
161 461 5.9 26149 179.969 0.0552583 1.32901
162 463 5.9 26500 182.372 0.0561483 1.33087
163 466 5.9 28800 191.448 0.0613028 1.17481
164 462 5.9 24209 182.157 0.051567 1.14839
165 470 5.9 24881 191.155 0.0527772 1.31566
166 466 5.9 25233 188.945 0.0534063 1.50762
167 467 5.9 25821 193.344 0.0547496 1.42346
168 470 5.9 23354 184.51 0.0492071 1.14522
169 465 5.9 24818 162.584 0.0529153 1.25604
170 461 5.9 24663 166.389 0.0527852 1.3843
171 455 5.9 26625 181.479 0.0565299 1.23337
172 462 5.9 23648 168.128 0.0499814 1.32079
173 470 5.9 24139 168.589 0.051022 1.28472
174 459 5.9 23111 171.389 0.0486992 1.17871
175 458 5.9 26428 170.208 0.0565963 1.34622
176 471 5.9 23096 159.844 0.048978 1.21829
177 461 5.9 24460 147.219 0.052669 1.11671
178 464 5.9 23500 156.53 0.05062 1.14593
179 459 5.9 25746 161.069 0.0553849 1.11359
180 462 5.9 23234 161.145 0.0493309 1.08363
181 474 5.9 23848 164.735 0.0510663 1.11962
182 456 5.9 23633 161.28 0.0505539 1.17255
183 463 5.9 26453 156.666 0.0561487 1.3014
184 463 5.9 23199 155.723 0.0491024 1.49415
185 470 5.9 23272 159.299 0.0496801 1.15532
186 463 5.9 23563 158.468 0.0503774 1.39435
187 465 5.9 25901 177.494 0.0551279 1.21828
188 474 5.9 25182 144.482 0.054277 1.00419
189 460 5.9 26045 152.879 0.0559896 1.30594
190 461 5.9 25455 145.115 0.054931 1.20431
191 472 5.9 27076 162.512 0.0582715 1.11091
