0 467 5.9 25066 193.058 0.0530817 1.05792
1 472 5.9 26403 194.839 0.0555624 1.21366
2 468 4.47059 26190 183.156 0.0547464 1.05482
3 468 5.9 29451 197.791 0.0629786 1.17229
4 468 5.9 24917 205.448 0.05266 1.17458
5 474 5.9 24982 199.57 0.0526661 1.10751
6 478 5.9 24450 177.052 0.051531 1.4685
7 462 5.9 28721 182.939 0.0611778 1.2671
8 460 4.14036 24517 198.538 0.0507527 1.31959
9 480 5.9 25756 183.476 0.0545908 1.28445
10 468 5.9 24707 213.374 0.0516755 1.39712
11 463 5.9 29557 189.882 0.0630634 1.2692
12 474 5.9 23414 213.99 0.0490178 1.2862
13 472 5.9 25662 183.677 0.0541942 1.29126
14 464 5.9 24286 187.284 0.0510426 1.34363
15 473 5.9 30143 199.029 0.0640785 1.47985
16 472 5.9 23603 196.616 0.0499126 1.18443
17 468 5.9 25884 192.138 0.0545776 1.25228
18 465 5.9 24355 208.06 0.0506513 1.16458
19 463 5.9 30552 186.863 0.0653731 1.22545
20 467 5.9 24321 218.012 0.0511991 1.20977
21 476 5.9 25363 195.9 0.0536281 1.26757
22 468 4.65375 25834 205.196 0.0540753 1.21177
23 468 5.9 30498 202.187 0.0652073 1.21897
24 460 4.6489 25557 234.531 0.0530411 1.15847
25 466 5.9 25079 207.027 0.0529099 1.22665
26 475 5.02601 26177 220.637 0.054579 1.26533
27 474 4.75465 29283 199.581 0.0619804 1.20123
28 459 5.9 27103 216.556 0.0575203 1.18249
29 467 4.84129 27680 211.64 0.0580096 1.18156
30 471 5.42927 27809 239.332 0.0581748 1.23892
31 462 5.9 30919 198.07 0.0667627 1.34153
32 463 5.9 26332 205.988 0.0559386 1.16931
33 472 5.199 25867 255.543 0.0537215 1.19959
34 469 5.21271 26611 263.69 0.055164 1.24806
35 474 4.94212 25557 256.784 0.0529179 1.2473
36 467 5.9 25512 249.491 0.0532746 1.26326
37 464 4.83515 24095 244.216 0.0499688 1.23981
38 466 4.82227 25252 256.134 0.0522189 1.28439
39 478 5.9 24576 248.668 0.0513297 1.32335
40 472 4.64987 24943 222.827 0.0519361 1.21168
41 470 4.87658 24044 244.199 0.0494203 1.24807
42 464 5.9 24394 243.207 0.0507668 1.33963
43 469 5.9 25315 279.748 0.0528581 1.31547
44 474 5.9 23976 216.993 0.0503558 1.29789
45 474 4.14081 23925 213.551 0.0495966 1.12039
46 464 5.9 24190 228.964 0.0505961 1.21614
47 465 5.9 24758 231.075 0.0517467 1.32413
48 455 4.38294 24744 225.941 0.0510157 1.43858
49 461 4.32688 24312 219.572 0.050249 1.42143
50 471 3.8895 23773 186.698 0.0494239 1.21563
51 467 5.9 24535 233.717 0.0514463 1.26945
52 469 5.9 24397 208.776 0.0513878 1.38225
53 459 5.9 22997 192.8 0.048465 1.31131
54 470 5.9 24223 215.391 0.0513828 1.14818
55 470 5.9 24098 206.962 0.0507404 1.31287
56 467 5.9 25365 199.706 0.0534047 1.26122
57 472 5.9 22278 214.182 0.0465219 1.31655
58 470 5.9 23699 222.354 0.0496467 1.23271
59 467 5.9 22693 207.48 0.0476286 1.33054
60 465 5.9 25464 219.329 0.0533994 1.05177
61 464 4.49625 23674 201.541 0.0492502 1.17984
62 470 5.9 24797 213.438 0.0520677 1.14511
63 467 5.9 23624 228.423 0.0495927 1.20528
64 510 5.9 25122 131.817 0.053262 0.883509
65 508 5.9 24196 133.27 0.0527329 0.947569
66 509 5.9 25228 142.095 0.0539128 1.08395
67 501 5.9 23572 88.0131 0.0644747 0.963373
68 513 5.9 24280 160.67 0.0512249 1.12728
69 506 5.9 23244 133.797 0.050609 0.997414
70 499 5.9 23636 140.815 0.050897 0.957891
71 503 5.9 25637 103.507 0.0611244 1.07789
72 513 5.9 22348 131.207 0.0486656 0.966066
73 517 5.9 24336 155.507 0.0517983 1.08453
74 512 5.9 23265 153.864 0.050127 1.00916
75 506 5.9 27218 129.34 0.0595297 1.17532
76 511 5.9 22799 149.118 0.0476188 1.04327
77 515 5.9 24340 145.715 0.0511919 1.02913
78 503 5.9 23334 148.723 0.0498949 0.892892
79 505 5.9 27833 130.068 0.0627492 1.30715
80 503 5.9 22664 156.679 0.0482618 1.0679
81 513 5.9 23894 155.756 0.0506659 1.0948
82 522 5.9 22640 157.889 0.0479045 1.05922
83 507 5.9 27103 113.046 0.0638745 1.15036
84 510 5.9 21917 159.254 0.0461322 1.13344
85 510 5.9 22918 140.403 0.0483379 1.12714
86 504 5.9 22359 135.179 0.0485746 0.9004
87 511 5.9 25661 95.4854 0.0636258 1.53393
88 494 5.9 23483 176.817 0.0495093 1.12767
89 506 5.9 22187 130.196 0.0492652 0.944143
90 506 5.9 23221 153.302 0.0500482 0.963012
91 506 5.9 25194 80.3739 0.0668304 4.33254
92 521 5.9 24258 156.574 0.0519178 1.04582
93 512 5.9 23603 131.589 0.0499698 0.962441
94 507 5.9 24148 148.527 0.0518137 1.13496
95 516 5.9 22782 74.4596 0.0696581 1.02037
96 518 5.9 24767 151.159 0.0534053 1.12341
97 505 5.9 22842 158.046 0.0486686 1.04289
98 502 5.9 23804 153.634 0.0515075 0.989854
99 508 5.9 23178 146.684 0.05115 0.953072
100 501 5.9 23643 174.837 0.0505202 1.05395
101 522 5.22505 21752 200.833 0.04499 1.13267
102 512 5.40483 22990 196.818 0.0476927 1.1586
103 508 5.9 22171 180.38 0.0466592 0.938047
104 506 5.9 22674 174.558 0.0476931 1.07976
105 504 5.9 21906 174.601 0.0462115 1.18793
106 515 5.9 21908 162.071 0.0468773 1.05674
107 510 5.9 23020 172.034 0.048997 1.06878
108 510 5.9 22454 159.973 0.0475306 1.03575
109 510 5.9 22007 150.593 0.0472117 1.0665
110 514 5.9 22379 165.886 0.0468475 1.13584
111 517 5.9 22989 164.84 0.0489905 1.04715
112 518 5.9 22963 142.732 0.0495294 0.954561
113 505 5.9 22197 152.725 0.047178 1.05132
114 512 5.9 22304 157.463 0.0471905 0.922309
115 507 5.9 22946 157.091 0.0492461 0.850199
116 510 5.9 22618 147.991 0.0472268 1.07454
117 515 5.9 21428 142.574 0.0459869 1.03025
118 504 5.9 22090 152.09 0.0471965 0.950728
119 502 5.9 22479 153.065 0.0484689 1.07134
120 502 5.9 23249 146.801 0.049363 1.19548
121 514 5.9 21466 156.939 0.0454594 1.22071
122 507 5.9 22412 150.56 0.0478271 1.03306
123 519 5.9 21603 149.328 0.0457313 1.07824
124 506 5.9 24328 122.337 0.0517369 1.0399
125 516 5.9 21772 119.843 0.0459856 1.09179
126 508 5.9 22962 122.723 0.048745 1.10064
127 507 5.9 22427 118.827 0.050102 0.983286
128 500 5.9 23415 178.526 0.0496151 1.064
129 496 5.9 21437 122.708 0.0470214 0.976484
130 491 5.9 22093 140.249 0.047767 1.06381
131 509 5.9 20828 12.2172 0.1 42.9821
132 500 5.9 21260 156.697 0.0453523 1.06392
133 504 5.9 19720 66.9514 0.0542077 7.35663
134 519 5.9 19938 88.9435 0.0529853 2.22314
135 499 5.9 20907 0 9.53674e-08 7.16212e+305
136 496 5.9 19431 112.931 0.0453305 1.03761
137 499 5.9 19814 82.8401 0.0534977 1.69176
138 490 5.9 19996 108.33 0.046349 1.01243
139 501 5.9 21927 0 9.53674e-08 6.09388e+305
140 493 5.9 19919 133.548 0.0432436 0.870313
141 498 5.9 20825 118.1 0.0485085 1.01362
142 493 5.9 20447 135.98 0.0459008 0.9739
143 510 5.9 22995 20.9512 0.1 30.8974
144 495 5.9 20307 137.004 0.0432098 1.03981
145 495 5.9 21522 136.681 0.0458015 0.984688
146 501 5.9 20636 107.511 0.0512431 1.38721
147 503 5.9 22749 0 9.53674e-08 5.65312e+305
148 504 5.9 19848 129.935 0.0436774 0.894003
149 502 5.9 20785 106.664 0.0497994 1.03997
150 497 5.9 21250 137.766 0.0460864 0.967063
151 500 5.9 22164 29.6693 0.0951773 20.2592
152 501 5.9 21874 146.357 0.0469949 1.07033
153 504 5.9 20130 103.38 0.0463319 0.86887
154 505 5.9 21054 136.809 0.0456758 1.06203
155 496 5.9 21375 0 9.53674e-08 inf
156 511 5.9 22617 117.073 0.0504572 0.900621
157 494 5.9 20690 93.9151 0.0477914 1.07127
158 504 5.9 21335 111.921 0.0462246 1.10421
159 494 5.9 19689 0 9.53674e-08 5.99231e+305
160 503 5.9 21992 122.295 0.0470067 1.13325
161 505 5.9 21243 124.212 0.0467712 1.03578
162 512 5.9 21628 124.943 0.0460277 1.03153
163 504 5.9 20945 85.7247 0.0520284 0.964588
164 503 5.9 22195 152.663 0.0474024 0.927861
165 513 5.9 21306 162.017 0.0457489 0.981677
166 501 5.9 21449 154.114 0.0455531 1.05731
167 498 5.9 21006 154.295 0.0449709 0.925418
168 502 5.9 20975 140.712 0.0450362 0.956152
169 505 5.9 20945 135.124 0.04512 0.970223
170 488 5.9 21477 152.527 0.045063 0.968776
171 511 5.9 22595 156.773 0.0483163 0.97988
172 501 5.9 20231 134.885 0.043769 0.951609
173 502 5.9 20759 145.088 0.0446408 0.885557
174 513 5.9 20644 152.479 0.0438927 1.00574
175 504 5.9 22557 140.686 0.0494145 1.02102
176 496 5.9 20008 144.874 0.0424561 0.927648
177 498 5.9 21164 148.221 0.0450768 1.10539
178 499 5.9 20918 150.282 0.0444994 1.00472
179 500 5.9 23307 161.783 0.0486499 1.06479
180 495 5.9 19926 131.964 0.0430887 1.02895
181 499 5.9 20604 123.553 0.046777 0.984113
182 496 5.9 20677 147.009 0.0445037 0.947128
183 493 5.9 22708 151.232 0.0481941 0.924317
184 497 5.9 21932 178.894 0.0456066 1.1504
185 494 5.9 20429 171.464 0.0433201 1.00719
186 507 5.9 21445 169.088 0.0455306 0.976143
187 492 5.9 21495 139.483 0.0467606 1.0499
188 501 5.9 23041 151.694 0.0495384 0.969963
189 509 5.9 22155 170.784 0.0471027 1.10824
190 498 5.9 22208 158.141 0.0475205 1.089
191 501 5.9 23537 156.111 0.0507645 1.10462
