0 546 5.9 26744 204.936 0.0569146 1.27758
1 547 5.9 28219 192.097 0.0604147 1.1811
2 547 5.9 27903 189.131 0.0596744 1.26031
3 558 5.9 31596 211.367 0.0683413 1.25002
4 556 5.9 24435 200.292 0.052124 1.20599
5 555 5.32651 25697 206.852 0.0542874 1.13851
6 554 5.66796 25456 185.679 0.0546497 1.18549
7 543 5.9 30157 219.276 0.0645075 1.30654
8 546 5.9 24551 190.086 0.0528292 1.19673
9 542 5.9 25668 191.84 0.0550963 1.2549
10 546 4.75451 25205 181.419 0.0531215 1.38452
11 551 5.9 29800 199.09 0.0645632 1.12406
12 552 5.9 24251 178.517 0.0519789 1.29197
13 552 5.9 23897 187.35 0.0514349 1.0889
14 548 5.02093 23743 183.866 0.0503468 1.21862
15 557 5.9 29970 210.393 0.0644572 1.31533
16 541 5.9 24500 178.698 0.0527962 1.12615
17 554 5.32075 24994 200.183 0.0530282 1.15431
18 550 5.19325 24265 183.903 0.0518565 1.06978
19 551 5.9 30375 207.392 0.0654035 1.23548
20 553 5.9 24744 200.877 0.0530297 1.1598
21 558 5.9 25901 202.467 0.0551517 1.28261
22 552 5.9 25673 181.168 0.055197 1.2667
23 543 5.9 30881 189.181 0.067205 1.09489
24 552 5.9 24141 168.921 0.0525673 1.17583
25 546 5.9 25788 200.729 0.0547063 1.29391
26 548 5.9 25445 174.051 0.0549644 1.2447
27 547 5.9 29960 199.112 0.0645093 1.44249
28 553 5.9 27174 179.438 0.0587765 1.12633
29 546 5.0429 28628 194.866 0.0606373 1.24703
30 546 5.9 28190 165.12 0.0612692 1.33521
31 554 5.9 31970 211.537 0.0691498 1.36858
32 552 5.9 27162 213.777 0.0577274 1.14552
33 546 5.9 25348 151.713 0.0547222 1.2773
34 551 5.9 26051 162.126 0.0569005 1.0883
35 556 5.9 24460 155.019 0.0535386 1.11682
36 554 5.9 24963 182.477 0.0537734 1.14043
37 553 5.9 23644 179.278 0.0507025 1.26049
38 564 5.9 24258 183.035 0.0521924 1.29141
39 543 5.9 23605 157.636 0.0512345 1.26878
40 542 5.26944 25257 196.48 0.0535689 1.25474
41 547 5.9 23564 153.521 0.0511939 1.29461
42 544 5.9 23829 172.446 0.05152 1.24536
43 545 5.9 24049 153.026 0.0523797 1.25278
44 558 5.9 24645 180.595 0.0526764 1.16307
45 535 5.9 23207 175.755 0.0499616 1.23483
46 548 5.9 24527 179.362 0.0527945 1.2001
47 540 5.9 24095 172.55 0.0519805 1.10831
48 534 5.9 24756 181.194 0.0531701 1.35021
49 543 5.9 23130 178.234 0.0496885 1.26059
50 555 5.9 24030 195.871 0.0513809 1.18949
51 559 5.9 23961 168.26 0.0521302 1.04984
52 546 5.9 24434 201.645 0.0524512 1.11361
53 555 5.9 22884 167.16 0.0497797 1.1263
54 555 5.9 24011 181.393 0.0515619 1.14872
55 545 5.9 23779 182.872 0.0506865 1.30705
56 551 5.9 24627 196.77 0.0525672 1.21231
57 551 5.9 22587 177.573 0.0484691 1.11049
58 544 5.9 22625 182.083 0.0485789 1.11504
59 547 5.9 22722 167.003 0.048669 1.14802
60 558 5.9 26453 228.412 0.0559239 1.12988
61 544 5.9 24451 180.947 0.0524044 1.2516
62 546 5.9 25897 187.645 0.0558374 1.14537
63 538 5.9 23804 175.541 0.051501 1.16971
64 514 5.9 26361 136.587 0.058605 1.06901
65 517 5.9 26853 137.418 0.0592275 1.016
66 505 5.9 27002 132.451 0.0592564 1.18581
67 521 5.9 30341 144.607 0.0685661 1.15503
68 523 5.9 25965 156.029 0.0561718 1.13844
69 514 5.9 25962 142.423 0.0565248 1.07743
70 514 5.9 26054 144.26 0.0569205 1.04166
71 507 5.9 29647 146.193 0.0653314 1.14281
72 512 5.9 24951 151.079 0.0542492 1.11989
73 511 5.9 26927 139.148 0.0596454 1.11457
74 514 5.9 25917 137.29 0.0572928 1.0776
75 522 5.9 30273 148.088 0.0672957 1.12362
76 520 5.9 24426 131.055 0.05424 1.18885
77 515 5.9 24912 138.875 0.0544768 1.12315
78 514 5.9 24732 134.663 0.0543868 0.98189
79 519 5.9 29474 135.755 0.0652092 1.22188
80 507 5.9 24166 139.398 0.0528815 1.0301
81 519 5.9 24505 147.697 0.0533972 1.0301
82 511 5.9 22845 135.645 0.0504642 1.11397
83 509 5.9 29507 150.09 0.0645387 1.32115
84 518 5.9 23701 150.349 0.0513665 1.17102
85 523 5.9 25521 142.146 0.0561841 0.979864
86 521 5.9 24165 132.66 0.0529327 1.00737
87 503 5.9 29737 137.381 0.0656673 1.24534
88 519 5.9 24511 137.711 0.0543543 1.08325
89 508 5.9 25505 129.487 0.0553491 1.22044
90 522 5.9 24708 120.1 0.054997 1.16194
91 516 5.9 29358 126.1 0.0662621 1.06142
92 523 5.9 25664 122.891 0.0576229 1.07478
93 518 5.9 27244 128.009 0.0594966 1.08608
94 515 5.9 26241 116.887 0.0590891 0.949799
95 511 5.9 30836 127.725 0.0692896 1.3306
96 513 5.9 26028 138.07 0.0575288 1.02252
97 510 5.9 23541 101.864 0.0522794 0.948846
98 518 5.9 25213 123.49 0.0559764 1.15552
99 518 5.9 22492 100.309 0.0517431 1.05618
100 521 5.9 24773 143.38 0.0541472 1.14773
101 510 5.9 23262 127.412 0.0509975 1.07413
102 516 5.9 24537 143.247 0.0534328 1.00423
103 515 5.9 22016 108.027 0.0487974 1.06816
104 507 5.9 24782 149.023 0.0540792 1.17001
105 511 5.9 23307 117.779 0.0514897 1.04744
106 516 5.9 23445 129.539 0.0520089 0.907394
107 511 5.9 22650 117.14 0.0504433 0.986106
108 517 5.9 24291 139.111 0.0537458 1.00951
109 510 5.9 22570 123.84 0.0497797 1.14489
110 510 5.9 24538 136.71 0.0541339 1.16923
111 521 5.9 21699 121.834 0.0484751 1.0304
112 518 5.9 24896 152.541 0.0542157 1.26688
113 522 5.9 23503 133.88 0.0521158 1.04371
114 525 5.9 24259 133.605 0.0544475 1.1073
115 508 5.9 21803 111.446 0.0492217 1.10201
116 519 5.9 24821 141.37 0.0553476 1.13417
117 516 5.9 23368 128.072 0.0520637 1.15622
118 519 5.9 24466 139.451 0.0539335 1.12762
119 522 5.9 21854 108.26 0.0489363 1.25352
120 508 5.9 25363 164.996 0.055107 1.14245
121 522 5.9 22568 115.655 0.0502795 1.03173
122 523 5.9 23640 134.148 0.0526842 1.27727
123 520 5.9 21520 105.759 0.0491628 0.969896
124 520 5.9 26030 145.598 0.0579497 1.09818
125 524 5.9 23809 111.054 0.0535269 1.03616
126 516 5.9 24474 117.485 0.0560536 0.958445
127 508 5.9 20921 96.4657 0.0481044 1.00792
128 508 5.9 25896 210.576 0.0544077 1.05781
129 510 5.9 27521 208.276 0.0579903 1.11126
130 508 5.24637 26867 219.252 0.0558716 1.10577
131 508 5.9 29712 228.792 0.0627926 1.28885
132 504 5.00647 23869 251.304 0.0487945 1.27073
133 506 5.74981 25144 233.917 0.0519538 1.29598
134 511 5.24368 24845 232.352 0.0510619 1.22692
135 502 5.9 28122 215.177 0.0591422 1.14229
136 504 5.9 22814 252.464 0.0468968 1.17548
137 510 5.57465 24602 234.577 0.0507641 1.21022
138 517 5.81568 23863 228.823 0.0495878 1.07166
139 512 5.9 27955 268.724 0.0578981 1.2848
140 511 5.72628 23269 246.919 0.048082 1.08737
141 517 5.87041 23343 253.623 0.0479252 1.20545
142 516 5.9 22787 221.676 0.0471425 1.11842
143 509 5.9 27432 251.055 0.0569687 1.25065
144 513 5.9 23798 250.94 0.0491975 1.12947
145 505 5.9 23828 234.165 0.0493068 1.12668
146 510 5.9 23656 248.657 0.04849 1.13463
147 509 5.9 27456 235.018 0.0573089 1.21668
148 508 5.15633 23336 260.303 0.0477561 1.15918
149 515 5.9 25420 231.058 0.0528013 1.2101
150 510 5.9 24651 241.693 0.0510137 1.17785
151 513 6.31001 28700 255.989 0.0601373 1.17485
152 512 5.9 24602 258.087 0.0508592 1.14243
153 508 5.9 25316 233.618 0.0526275 1.18733
154 517 6.12731 24602 251.112 0.050804 1.21306
155 508 6.23813 28305 242.918 0.0594566 1.26522
156 515 4.95586 27762 241.016 0.0574058 1.2987
157 510 5.55035 27656 239.259 0.057805 1.1287
158 508 5.67472 28007 251.224 0.0583339 1.13559
159 511 5.9 29752 247.579 0.0624572 1.41974
160 517 5.9 27317 234.022 0.0569286 1.25701
161 500 5.9 27542 255.262 0.0572779 1.25477
162 510 5.9 27159 220.029 0.0568562 1.24335
163 513 5.9 28635 252.163 0.0598127 1.20218
164 502 4.90456 25068 231.103 0.0517412 1.1934
165 512 5.9 25785 238.01 0.0538588 1.10274
166 507 5.9 25373 228.219 0.0527557 1.19524
167 507 5.9 26399 229.971 0.0551246 1.13808
168 505 5.9 24688 250.756 0.0510894 1.23098
169 512 5.10882 25882 232.642 0.0536191 1.22963
170 509 5.9 25792 254.603 0.0534142 1.23992
171 506 5.9 27903 256.412 0.0579902 1.05171
172 506 5.16277 24712 250.241 0.0507979 1.21115
173 506 5.9 25127 233.814 0.0519603 1.11466
174 510 5.9 24520 250.702 0.0505085 1.24382
175 510 5.9 27664 279.143 0.0571431 1.1271
176 506 5.62688 23806 256.637 0.0490905 1.19927
177 516 5.9 25729 228.5 0.0532893 1.11416
178 502 5.51887 24604 252.365 0.0507028 1.04704
179 505 5.9 27758 262.93 0.0576186 1.02868
180 506 5.74278 24052 266.127 0.0491792 1.30448
181 506 5.13942 25631 231.092 0.0530007 1.23406
182 509 5.4022 24414 232.542 0.0504157 1.22781
183 511 4.85988 28108 253.321 0.0575216 1.30919
184 499 5.9 24221 220.524 0.0504595 1.08156
185 516 5.9 24843 224.493 0.0516588 1.14236
186 509 5.9 25102 240.116 0.0520243 1.11075
187 506 5.9 26770 260.563 0.0553725 1.10387
188 516 5.9 26852 220.618 0.056177 1.1376
189 508 5.9 26913 214.297 0.0562271 1.29842
190 513 5.25826 26625 222.807 0.055522 1.15118
191 506 5.9 28270 286.245 0.0587403 1.22693
