0 536 5.45406 27427 217.859 0.0572926 1.276
1 532 5.9 27986 208.423 0.0594807 1.12578
2 533 5.38003 27991 200.252 0.0592525 1.07899
3 529 5.9 31201 189.134 0.068439 1.03384
4 525 5.68855 25235 233.178 0.0526285 1.24544
5 527 5.9 25968 218.732 0.0546148 1.10929
6 534 5.14379 25755 206.969 0.0539791 1.15506
7 530 5.9 30275 194.408 0.065356 1.10541
8 532 4.8772 22713 200.031 0.0471832 1.18436
9 535 5.9 24854 188.674 0.0527915 1.16997
10 527 5.9 22800 173.086 0.0490009 1.04189
11 528 5.9 29943 201.283 0.0640787 1.08813
12 538 5.9 22293 222.258 0.0461123 1.14621
13 535 5.9 24831 211.822 0.0512736 1.09093
14 527 5.57882 22552 178.601 0.0475642 0.999572
15 533 5.9 30116 211.155 0.063621 1.13482
16 532 5.9 21995 189.416 0.0465061 0.997571
17 527 5.9 24685 196.602 0.0518329 1.23588
18 533 5.19584 22748 181.71 0.0475645 1.19687
19 525 5.9 30069 184.38 0.0643625 1.33092
20 535 5.9 22068 206.473 0.0460653 1.04629
21 531 5.46341 24916 199.105 0.0519639 0.999207
22 540 5.31835 23469 176.814 0.0495954 1.02499
23 528 5.9 29800 181.79 0.0635556 1.2248
24 527 5.9 24318 206.327 0.0512312 1.14774
25 524 6.30347 25613 207.545 0.0538137 1.22958
26 536 5.85933 25458 203.325 0.0533879 1.18278
27 532 5.9 30131 167.944 0.0648576 1.24674
28 528 5.9 26094 191.16 0.0550063 1.17127
29 529 5.9 27799 171.912 0.0596168 1.0678
30 538 5.9 27759 175.739 0.0593525 1.10296
31 535 5.9 31984 181.705 0.068826 1.043
32 536 5.9 26274 209.965 0.0551406 1.25367
33 535 5.9 25638 167.241 0.0546065 1.25261
34 535 5.9 26525 195.588 0.0564846 1.06216
35 534 5.9 23363 187.775 0.0493685 1.3464
36 522 5.51785 24764 222.111 0.0517848 1.10614
37 525 5.9 23524 191.942 0.0498859 1.21805
38 539 5.9 24326 207.685 0.0511841 1.16546
39 536 5.9 22671 196.01 0.0477761 1.16754
40 533 5.9 23202 205.733 0.0488178 1.13524
41 525 5.9 23423 193.337 0.0496001 1.18698
42 547 5.81309 23278 214.378 0.0491764 1.03052
43 536 5.9 23409 193.054 0.0496574 1.18998
44 532 5.9 22355 200.321 0.0472722 1.12494
45 534 3.86898 24331 180.885 0.0496751 1.04156
46 526 5.9 22770 200.67 0.0478881 1.06713
47 528 5.9 23807 189.178 0.0506882 1.16926
48 537 5.9 23020 214.089 0.0488546 1.05388
49 533 5.90484 23060 200.478 0.0483977 1.0962
50 530 5.47883 23604 186.938 0.0502388 0.910784
51 524 5.9 24074 218.154 0.0502442 1.18601
52 539 5.9 23063 218.532 0.0486857 1.12847
53 526 5.9 23169 181.953 0.0499276 0.909741
54 533 5.9 23047 204.834 0.0487647 1.00115
55 528 5.9 23721 190.497 0.0504406 1.15006
56 526 5.9 24913 221.454 0.0527013 1.08943
57 526 5.9 24088 227.369 0.050669 1.19617
58 539 5.3658 24593 230.855 0.0514222 1.11088
59 538 5.9 24130 218.469 0.0509738 1.12907
60 541 5.9 27601 213.935 0.0581884 1.28478
61 525 5.7439 26052 202.731 0.0550981 1.21737
62 525 5.33094 26309 192.418 0.0559926 1.07686
63 528 5.9 25433 216.332 0.0539693 1.18171
64 560 5.48276 28793 248.399 0.0598692 1.01861
65 551 5.9 29646 230.158 0.0617747 1.10728
66 545 6.20101 29783 247.401 0.062413 0.969412
67 547 5.9 32343 217.76 0.0690282 1.13605
68 556 5.43714 23978 254.874 0.0491516 1.124
69 558 5.87222 26690 207.926 0.0558095 1.03148
70 556 6.15063 24599 227.067 0.0510284 0.999406
71 560 5.9 31018 219.522 0.065001 1.08956
72 559 5.25487 22474 192.515 0.0468242 0.937872
73 547 6.13547 24797 185.554 0.0520172 0.926411
74 557 5.9 24342 198.809 0.0506981 1.01516
75 551 5.9 29869 210.03 0.0629996 0.954354
76 555 5.9 22087 180.148 0.0465438 1.13542
77 539 6.54479 23907 193.099 0.0494588 1.0339
78 549 6.13289 22732 195.576 0.0476526 0.99394
79 547 5.9 28998 208.4 0.0611763 1.03541
80 555 5.9 21215 199.631 0.0443923 0.994195
81 555 5.79756 24101 194.836 0.0498766 0.963297
82 555 5.9 22807 212.417 0.0474374 0.99736
83 551 5.9 29025 215.511 0.061067 1.05457
84 561 5.87531 22198 207.673 0.0462561 1.14561
85 550 5.9 23569 184.912 0.0497226 1.00987
86 546 5.78234 23156 216.126 0.0478496 1.12611
87 536 6.71881 28954 230.471 0.0608566 1.095
88 555 5.9 22792 249.887 0.0472292 1.10137
89 553 6.52874 24882 227.347 0.0523543 1.06619
90 543 5.9 23809 241.56 0.0490085 1.1
91 552 5.9 29354 226.493 0.0619523 1.06727
92 553 6.43912 27053 272.455 0.0561723 1.01625
93 557 5.9 27851 245.707 0.0582047 1.01729
94 545 6.44878 27758 236.493 0.0584106 1.10194
95 544 5.9 30479 234.848 0.0644773 1.13284
96 556 5.9 27014 266.966 0.0556791 1.14306
97 554 6.5949 26227 256.56 0.0544881 1.20106
98 550 5.9 27792 254.612 0.0577546 1.13808
99 547 5.9 26993 241.736 0.056772 1.02867
100 559 6.75601 24158 268.5 0.0502572 1.10392
101 542 6.4826 23417 232.298 0.0489509 1.04828
102 555 6.27373 24290 254.797 0.0506133 1.21907
103 550 5.9 25054 219.406 0.0528648 1.01104
104 555 6.09855 22586 237.272 0.0471948 1.07894
105 548 5.9 23177 207.854 0.0486268 1.00978
106 563 6.60028 23614 242.355 0.0491986 1.01377
107 558 5.9 25515 205.455 0.0538408 1.07729
108 549 5.9 22536 208.286 0.0471892 1.05402
109 558 6.45218 23527 198.727 0.0495007 1.02725
110 549 5.9 23209 231.98 0.0480645 1.04432
111 543 5.9 26409 205.781 0.0557308 1.08116
112 557 5.9 23133 193.662 0.0488171 1.06464
113 547 5.9 23465 185.65 0.0488345 1.02082
114 553 5.9 24156 222.257 0.0506702 0.921542
115 550 5.9 25874 218.193 0.0543743 1.04723
116 568 5.9 23722 225.464 0.0491594 1.05554
117 556 5.9 24180 171.803 0.0510007 0.897013
118 563 6.11805 24451 214.614 0.0508333 0.998432
119 555 5.9 25591 218.706 0.0532716 0.99677
120 557 6.16823 24592 248.59 0.0510346 1.13542
121 550 5.49597 24331 201.857 0.0505288 1.15379
122 551 5.79141 25296 239.257 0.0524593 1.03178
123 559 5.9 25158 217.441 0.0527132 0.982401
124 555 5.34562 28499 242.026 0.0591832 1.11012
125 550 5.92362 28075 227.767 0.058807 1.04462
126 555 5.59499 28986 241.676 0.0602145 1.16049
127 553 5.9 26953 239.587 0.0560716 1.1001
128 541 5.77132 25407 246.444 0.052322 1.19598
129 553 5.9 27302 239.942 0.0566174 1.13917
130 545 5.9 26167 228.222 0.054136 1.12827
131 543 5.9 29826 232.532 0.0624471 1.1347
132 552 5.9 23632 238.8 0.0485521 1.12638
133 540 5.9 24588 230.382 0.0507841 1.10062
134 551 5.9 25218 258.022 0.0518253 1.11271
135 539 5.9 28434 216.787 0.0591587 1.29505
136 546 5.9 23763 218.13 0.0490718 1.02523
137 547 5.9 25166 176.784 0.0530692 0.893091
138 551 5.9 24424 190.779 0.05086 1.02857
139 547 5.9 28293 215.142 0.0593515 0.985661
140 542 5.9 22965 212.022 0.0478624 0.959251
141 537 5.9 24957 203.372 0.0518786 0.955204
142 544 5.9 24871 201.919 0.0518704 0.98971
143 540 5.9 28253 226.213 0.0587292 1.04301
144 547 5.9 23771 212.717 0.04923 1.06986
145 549 5.9 25227 193.942 0.0528753 1.06279
146 535 5.9 24138 186.244 0.0505432 0.950548
147 552 5.9 28452 207.709 0.0594841 1.09082
148 536 5.9 23765 186.946 0.0499858 1.05583
149 544 5.9 25012 187.883 0.0526351 0.887729
150 536 5.9 25085 216.398 0.0519787 1.07566
151 551 5.9 28682 216.133 0.0600326 1.01338
152 532 5.9 24765 211.596 0.0515693 0.980563
153 533 5.9 25151 209.433 0.0524864 1.05988
154 540 6.82659 24553 209.97 0.0514707 1.08315
155 548 5.9 27950 202.065 0.0588807 1.00106
156 536 5.9 26557 213.505 0.0555097 1.039
157 535 5.9 27551 220.895 0.0568748 1.18805
158 552 5.9 28000 211.438 0.058477 1.10658
159 544 5.9 29729 244.291 0.0619733 1.00966
160 541 5.9 27214 204.411 0.0572954 0.99438
161 544 5.9 26530 216.974 0.0554781 1.0418
162 547 5.9 27659 219.106 0.0579484 0.92724
163 538 5.9 27425 242.468 0.0570082 1.07577
164 545 5.9 25025 221.096 0.0520446 1.03783
165 543 5.9 24600 246.443 0.0506797 1.09869
166 543 5.9 24583 207.056 0.0517479 0.960235
167 551 5.9 25581 208.422 0.0534984 1.13429
168 543 5.9 24237 195.718 0.0507366 0.951579
169 545 5.9 24385 192.266 0.0511571 1.07222
170 539 5.9 25023 213.805 0.0524018 0.996046
171 536 5.9 25547 207.751 0.0539032 1.04371
172 541 5.9 24965 213.716 0.0517653 0.976484
173 540 5.9 25295 195.351 0.0528698 0.957664
174 544 5.9 25312 196.478 0.053002 1.11318
175 551 5.9 25746 218.793 0.0540847 1.04703
176 540 5.9 24379 207.781 0.0508175 1.00826
177 546 5.9 24673 196.825 0.0515495 0.904537
178 544 5.9 25092 212.218 0.0519592 0.993384
179 556 5.9 25855 220.124 0.0539184 1.11245
180 538 5.9 24417 207.206 0.0506526 1.04086
181 540 5.9 24664 200.968 0.0513792 0.943754
182 549 5.9 24405 201.434 0.0507616 0.950297
183 536 5.9 25500 243.956 0.0525516 1.06665
184 543 5.9 23878 269.844 0.0487795 1.09045
185 532 5.9 23858 242.632 0.0494394 1.10256
186 559 5.9 24167 266.919 0.0494985 1.13673
187 539 5.9 25342 239.56 0.0523146 1.11798
188 545 5.9 22011 258.439 0.0451701 1.03816
189 542 5.9 24655 246.34 0.0512402 0.952841
190 549 6.47695 20808 253.147 0.0429205 1.03468
191 534 5.9 27320 276.438 0.0565048 1.06173
