0 503 0 454650 0 0 0
1 487 0 475435 0 0 0
2 508 0 450872 0 0 0
3 500 0 455014 0 0 0
4 504 0 452112 0 0 0
5 497 0 457881 0 0 0
6 502 0 473527 0 0 0
7 512 0 424574 0 0 0
8 496 0 474231 0 0 0
9 488 0 459644 0 0 0
10 492 0 447362 0 0 0
11 498 0 447795 0 0 0
12 499 0 463938 0 0 0
13 504 0 436542 0 0 0
14 499 0 470425 0 0 0
15 503 0 411137 0 0 0
16 503 0 433753 0 0 0
17 504 0 477308 0 0 0
18 518 0 488859 0 0 0
19 508 0 471928 0 0 0
20 501 0 450450 0 0 0
21 509 0 469249 0 0 0
22 512 0 448532 0 0 0
23 503 0 447254 0 0 0
24 496 0 415213 0 0 0
25 493 0 447341 0 0 0
26 510 0 478470 0 0 0
27 507 0 450487 0 0 0
28 501 0 422897 0 0 0
29 506 0 429338 0 0 0
30 507 0 449649 0 0 0
31 510 0 459947 0 0 0
32 515 0 422963 0 0 0
33 515 0 394976 0 0 0
34 494 0 419127 0 0 0
35 499 0 420369 0 0 0
36 501 0 408140 0 0 0
37 511 0 475577 0 0 0
38 507 0 448638 0 0 0
39 504 0 477506 0 0 0
40 506 0 469923 0 0 0
41 508 0 472442 0 0 0
42 504 0 434355 0 0 0
43 503 0 423775 0 0 0
44 503 0 473752 0 0 0
45 507 0 475425 0 0 0
46 505 0 433415 0 0 0
47 518 0 490949 0 0 0
48 503 0 464407 0 0 0
49 500 0 469317 0 0 0
50 505 0 416031 0 0 0
51 507 0 400809 0 0 0
52 508 0 408591 0 0 0
53 503 0 469011 0 0 0
54 504 0 473331 0 0 0
55 507 0 447327 0 0 0
56 494 0 439825 0 0 0
57 507 0 474624 0 0 0
58 500 0 431266 0 0 0
59 513 0 412569 0 0 0
60 500 0 466709 0 0 0
61 496 0 470252 0 0 0
62 498 0 438471 0 0 0
63 499 0 456977 0 0 0
64 484 4.93347 28697 260.463 0.0596946 1.2538
65 481 5.03635 26858 259.439 0.0555167 1.26229
66 488 5.9 28103 262.895 0.0586305 1.32165
67 481 6.1718 29605 263.891 0.0623369 1.30075
68 497 5.9 26911 290.299 0.0558137 1.38656
69 490 5.38337 25442 260.601 0.0526803 1.24668
70 491 5.86903 26834 280.679 0.055806 1.35798
71 481 5.9 28695 278.784 0.0600983 1.4013
72 485 5.9 25988 301.932 0.054109 1.30125
73 492 5.65201 26066 274.825 0.0541062 1.24067
74 482 5.85832 26243 282.71 0.0547688 1.35903
75 487 5.51077 30033 256.992 0.0630909 1.48162
76 484 5.9 26380 282.682 0.0549633 1.36382
77 493 5.9 26336 247.557 0.0550813 1.38226
78 480 5.9 26522 264.826 0.055195 1.38524
79 485 5.76471 30157 262.587 0.0633219 1.41512
80 487 5.9 26520 262.121 0.0551937 1.30363
81 484 5.9 26113 265.926 0.0544124 1.37675
82 492 5.32686 25350 259.126 0.0526844 1.35164
83 488 6.23405 30307 260.411 0.0642183 1.3955
84 488 5.9 25126 270.534 0.0524294 1.40456
85 491 4.79417 26486 256.424 0.0538715 1.3391
86 488 5.08185 26131 269.042 0.0540865 1.38687
87 491 5.72066 30205 248.984 0.0635869 1.48455
88 488 4.41375 26736 251.406 0.0554743 1.28867
89 485 5.9 25790 241.667 0.0541385 1.27612
90 474 5.42257 26895 260.279 0.0562038 1.46509
91 498 5.32781 29127 248.585 0.0608509 1.50065
92 487 4.15804 29339 228.668 0.061131 1.56366
93 491 5.9 27474 229.309 0.0574483 1.42179
94 486 4.60652 28737 221.48 0.0600851 1.43968
95 488 5.61891 31077 247.398 0.065702 1.3873
96 491 5.9 29633 245.979 0.0620618 1.57462
97 487 5.9 27379 242.999 0.057368 1.3742
98 482 5.9 29240 238.321 0.0616934 1.31322
99 490 5.9 30448 244.128 0.064289 1.47654
100 485 4.82048 27113 244.129 0.0566299 1.29608
101 480 5.9 24768 268.544 0.0515462 1.23251
102 488 5.30046 26703 265.064 0.055466 1.44615
103 494 5.9 27555 283.444 0.0575111 1.33484
104 490 5.9 25780 265.992 0.0538062 1.20784
105 485 5.65475 25590 276.416 0.0531339 1.26772
106 482 5.9 25340 271.241 0.0528408 1.41209
107 497 5.9 28271 284.552 0.0587537 1.46821
108 500 5.9 26264 266.898 0.054775 1.2724
109 482 5.9 25522 284.722 0.0530412 1.34523
110 491 5.9 25988 284.023 0.0542224 1.38485
111 484 5.9 28598 284.58 0.059533 1.37122
112 481 5.9 26592 274.882 0.0554847 1.19353
113 487 5.91724 26256 279.861 0.0546226 1.41041
114 493 5.15571 26078 263.016 0.0535853 1.40231
115 485 5.9 27989 275.878 0.0583694 1.35264
116 487 5.81357 26067 295.632 0.0540504 1.31224
117 491 5.9 25078 284.192 0.0521038 1.31788
118 500 5.29386 26655 287.029 0.0548326 1.48775
119 481 5.69746 27909 308.292 0.0580124 1.34725
120 482 5.91357 26499 309.944 0.0551261 1.23985
121 488 5.22644 25145 278.222 0.0516195 1.44865
122 479 5.61697 25846 275.86 0.053669 1.35598
123 489 4.01085 28142 299.004 0.0567143 1.34161
124 483 5.9 28460 283.545 0.0592502 1.244
125 497 5.9 27350 274.051 0.0569319 1.14861
126 484 6.58546 27704 289.685 0.0579328 1.3409
127 480 5.9 29667 291.334 0.0617512 1.28183
128 547 5.9 25706 276.678 0.0533031 1.13445
129 536 5.76826 25082 293.795 0.0513633 1.2582
130 531 5.9 25711 271.052 0.0532715 1.17035
131 538 6.12965 27018 288.615 0.0560377 1.26899
132 538 5.50461 24376 299.36 0.0499884 1.25008
133 536 5.1375 23212 280.366 0.0472222 1.27248
134 535 5.37223 24990 296.745 0.051314 1.31078
135 540 5.9 25502 306.733 0.0522966 1.3049
136 542 5.9 21682 282.323 0.044749 1.09578
137 534 5.9 23221 283.93 0.047337 1.24369
138 537 5.4462 22702 294.724 0.046132 1.14125
139 543 5.9 26704 257.525 0.0551529 1.25393
140 543 5.9 22030 261.9 0.0452622 1.24715
141 532 5.66336 22638 283.562 0.0461976 1.23799
142 536 5.9 21565 267.6 0.0440147 1.23446
143 534 6.25633 27105 302.661 0.0559479 1.29598
144 529 5.9 23056 291.41 0.0473212 1.31604
145 535 5.21587 23091 262.771 0.0472039 1.19966
146 528 5.9 22440 282.598 0.0460336 1.14315
147 551 5.98453 27083 300.961 0.055796 1.38233
148 531 5.9 22139 273.048 0.0455935 1.20563
149 536 5.61371 24803 285.485 0.0510646 1.30067
150 536 5.9 23965 287.945 0.0492256 1.21557
151 538 5.9 27234 280.124 0.0566141 1.28501
152 532 5.9 24708 255.982 0.0511639 1.31344
153 541 5.9 24458 295.395 0.0502672 1.23371
154 535 5.9 24574 262.858 0.0508227 1.21532
155 536 5.9 26257 274.817 0.054048 1.32954
156 541 5.9 27030 234.91 0.0564661 1.32404
157 537 5.9 24964 252.614 0.0516434 1.23444
158 538 5.03058 26633 248.366 0.0549066 1.24822
159 531 5.9 27434 286.629 0.0568618 1.25963
160 530 5.9 26899 226.324 0.0563918 1.23424
161 547 5.9 27053 263.228 0.0562499 1.26444
162 548 4.9061 27437 253.043 0.0567679 1.32938
163 534 5.9 28848 253.396 0.0604213 1.29532
164 538 5.9 25124 271.172 0.0521666 1.19689
165 540 5.40033 25955 287.993 0.0539942 1.25664
166 539 5.92172 26184 290.781 0.0542908 1.3344
167 532 5.9 26020 275.075 0.0539209 1.4162
168 531 5.9 23816 290.572 0.049363 1.16919
169 538 5.10047 25330 274.7 0.0520322 1.33612
170 538 5.9 24808 274.082 0.0512798 1.25335
171 541 5.9 26733 272.631 0.0552507 1.42007
172 535 5.9 23102 282.727 0.0475941 1.26122
173 535 5.54178 23916 262.345 0.0494634 1.13388
174 533 5.26 22806 263.381 0.0468428 1.23088
175 529 5.9 26121 281.924 0.0541114 1.33962
176 531 5.9 22913 268.332 0.0470328 1.1631
177 540 5.89476 24379 277.435 0.0500884 1.26263
178 545 5.27965 22975 291.729 0.0469499 1.14267
179 536 5.9 26126 278.22 0.0541891 1.23331
180 542 5.9 22462 304.229 0.0456691 1.33106
181 534 5.9 24220 262.493 0.0498279 1.24585
182 545 5.29902 23248 270.092 0.0475204 1.2268
183 544 5.9 25500 281.573 0.0526699 1.25278
184 532 5.9 24299 307.872 0.0500619 1.15118
185 535 5.49207 23446 269.455 0.0483157 1.16472
186 544 5.9 24833 297.661 0.0510157 1.32176
187 538 5.9 24314 254.907 0.0501234 1.34276
188 539 5.9 25851 265.763 0.0533329 1.21641
189 537 5.47679 25769 247.022 0.0534701 1.18447
190 531 5.9 25885 270.334 0.0533173 1.37544
191 528 5.9 26455 275.667 0.0547517 1.35911
