0 444 0 468226 0 0 0
1 441 0 471674 0 0 0
2 427 0 472817 0 0 0
3 436 0 456841 0 0 0
4 443 0 457719 0 0 0
5 443 0 483636 0 0 0
6 447 0 481277 0 0 0
7 441 0 468960 0 0 0
8 434 0 469348 0 0 0
9 444 0 442647 0 0 0
10 439 0 479464 0 0 0
11 441 0 480790 0 0 0
12 439 0 469507 0 0 0
13 439 0 473491 0 0 0
14 437 0 452357 0 0 0
15 447 0 479189 0 0 0
16 440 0 444741 0 0 0
17 450 0 465956 0 0 0
18 443 0 483839 0 0 0
19 444 0 417569 0 0 0
20 439 0 478359 0 0 0
21 432 0 465194 0 0 0
22 442 0 468378 0 0 0
23 449 0 445601 0 0 0
24 440 0 482752 0 0 0
25 442 0 419817 0 0 0
26 435 0 475195 0 0 0
27 440 0 448257 0 0 0
28 441 0 416550 0 0 0
29 436 0 476027 0 0 0
30 440 0 464437 0 0 0
31 452 0 441730 0 0 0
32 435 0 472856 0 0 0
33 451 0 476224 0 0 0
34 440 0 469547 0 0 0
35 445 0 462618 0 0 0
36 443 0 460680 0 0 0
37 444 0 460819 0 0 0
38 437 0 483044 0 0 0
39 440 0 460294 0 0 0
40 448 0 471576 0 0 0
41 447 0 432988 0 0 0
42 446 0 456474 0 0 0
43 441 0 461628 0 0 0
44 446 0 435415 0 0 0
45 435 0 474845 0 0 0
46 444 0 433227 0 0 0
47 443 0 453205 0 0 0
48 440 0 443925 0 0 0
49 443 0 446688 0 0 0
50 438 0 476408 0 0 0
51 441 0 453011 0 0 0
52 446 0 443431 0 0 0
53 444 0 463021 0 0 0
54 437 0 451343 0 0 0
55 442 0 425649 0 0 0
56 439 0 438624 0 0 0
57 455 0 447232 0 0 0
58 438 0 460378 0 0 0
59 441 0 483691 0 0 0
60 431 0 484408 0 0 0
61 444 0 473786 0 0 0
62 448 0 479070 0 0 0
63 451 0 421031 0 0 0
64 541 5.9 29303 268.426 0.0611324 1.23499
65 553 5.9 29512 257.544 0.0616397 1.18154
66 557 5.39682 30218 259.755 0.062878 1.27934
67 550 5.9 33077 268.978 0.0697817 1.32508
68 549 5.9 25401 268.692 0.0529105 1.26522
69 540 5.9 26132 275.449 0.0539575 1.38623
70 547 4.96047 26198 254.799 0.0542308 1.13864
71 554 5.9 30874 253.027 0.0651044 1.28126
72 554 5.53829 23463 276.668 0.0482337 1.20498
73 540 5.33296 24509 263.989 0.0505755 1.24042
74 549 5.32115 24620 266.799 0.0505237 1.46362
75 550 5.9 30019 264.403 0.062816 1.12853
76 552 4.90942 23566 255.803 0.0486032 1.22795
77 549 5.61219 23023 255.763 0.0476847 1.23117
78 557 5.97653 22400 254.812 0.0466503 1.11513
79 545 5.9 29348 276.948 0.0613215 1.3429
80 536 5.9 22817 278.064 0.0472416 1.1986
81 545 5.51357 23400 252.967 0.0486826 1.11185
82 543 5.94318 22329 272.138 0.0462427 1.22848
83 553 5.9 29874 266.366 0.0628633 1.23562
84 550 5.68209 23626 272.97 0.049099 1.20724
85 549 5.64466 24185 257.197 0.0503946 1.14461
86 544 5.18129 23794 243.18 0.049393 1.26387
87 542 5.9 29927 263.159 0.0628012 1.26508
88 551 5.55092 25346 264.844 0.0525673 1.25505
89 541 5.69386 25708 228.006 0.0540054 1.19438
90 561 6.23559 25455 247.736 0.0534186 1.13007
91 545 5.9 30685 243.23 0.0646766 1.4316
92 555 5.2227 29539 228.576 0.061994 1.19191
93 545 6.06051 29085 241.773 0.0611748 1.15356
94 543 6.0291 29284 241.489 0.0617796 1.09783
95 549 5.9 33079 252.947 0.0701306 1.29779
96 547 5.9 29789 227.229 0.0629449 1.2195
97 540 5.97529 29861 232.008 0.0629494 1.31548
98 558 5.34829 30886 228.407 0.0649266 1.33352
99 559 5.9 31908 283.84 0.0669255 1.27883
100 540 5.9 27000 250.273 0.0567009 1.23252
101 549 6.09956 27317 272.12 0.0569378 1.38977
102 549 5.59036 28244 255.906 0.059016 1.27937
103 547 5.9 28963 271.525 0.0607134 1.15484
104 551 5.70691 24645 260.491 0.0511999 1.2463
105 548 4.13541 29390 282.836 0.0550636 1.34819
106 550 6.09226 26582 285.879 0.0554225 1.29804
107 546 5.9 29577 316.824 0.0613401 1.34783
108 556 5.94335 24646 271.361 0.0512129 1.19386
109 560 5.9 26944 304.049 0.0561008 1.36405
110 537 5.9 25173 276.312 0.0523974 1.17827
111 551 5.9 30908 309.486 0.0645769 1.28034
112 543 5.81796 25060 277.933 0.0520627 1.23848
113 556 5.51279 26898 282.707 0.0560607 1.23397
114 538 5.9 25747 279.426 0.0533931 1.44323
115 550 5.9 30770 314.992 0.0644289 1.22205
116 553 5.9 25640 275.314 0.0532746 1.20956
117 556 5.9 27298 296.15 0.056691 1.28352
118 540 5.9 25927 285.063 0.0538135 1.30603
119 554 5.9 30060 295.202 0.0627927 1.30885
120 549 5.9 26543 286.146 0.055124 1.24912
121 547 5.12088 27315 278.506 0.0565587 1.24357
122 541 5.56533 27571 277.58 0.0573618 1.25303
123 548 5.9 29094 296.001 0.060776 1.19365
124 557 5.9 29500 271.863 0.06141 1.36665
125 559 6.37222 30137 305.858 0.0629664 1.23801
126 549 5.75892 30266 280.778 0.0630287 1.3039
127 553 5.9 32512 314.026 0.0678359 1.42746
128 431 5.9 25566 166.7 0.0545455 1.14065
129 428 5.9 24854 152.023 0.0534 1.19628
130 428 5.9 24761 158.887 0.0524857 1.13142
131 430 5.9 28709 150.172 0.0631719 1.17955
132 429 5.9 21087 172.082 0.0446781 1.17268
133 431 5.9 21048 163.632 0.0444773 1.19737
134 428 5.9 21232 159.928 0.0454337 1.10577
135 425 5.9 25611 160.56 0.0550667 1.21835
136 425 5.9 21061 185.799 0.0442247 1.26362
137 428 5.9 21404 188.392 0.0450047 1.12616
138 430 5.9 20981 183.417 0.0443342 1.10268
139 432 5.9 26026 171.671 0.055401 1.44451
140 425 5.9 20288 174.906 0.0429669 1.22258
141 432 5.9 20688 176.19 0.0435195 1.14945
142 428 5.9 20446 180.137 0.0428844 1.26151
143 421 5.9 25792 172.69 0.0554305 1.21642
144 423 5.9 20543 177.378 0.0435 1.14417
145 438 5.9 20824 169.386 0.0436009 1.26893
146 436 5.9 19377 179.263 0.0402529 1.359
147 432 5.9 26553 166.608 0.0569504 1.25265
148 427 5.9 20469 183.776 0.0430173 1.14026
149 431 5.9 20985 183.354 0.0439345 1.1107
150 432 5.9 20226 174.17 0.0424824 1.01683
151 432 5.9 25859 171.237 0.0552295 1.33255
152 430 5.9 21550 178.527 0.0454744 1.14004
153 429 5.9 21281 171.622 0.0447871 1.20679
154 442 5.9 20936 181.598 0.0439672 1.19848
155 430 5.9 25256 159.545 0.0540448 1.28012
156 429 5.9 24872 168.03 0.0528777 1.26641
157 422 5.9 24510 173.218 0.0519579 1.1917
158 431 5.9 25319 167.077 0.0537078 1.35449
159 434 5.9 26488 156.119 0.057869 1.36132
160 433 5.9 25203 166.546 0.0538213 1.18084
161 424 5.9 24959 164.922 0.0532053 1.24454
162 424 5.9 25372 161.569 0.0543141 1.23224
163 427 5.9 27800 180.37 0.0593577 1.3512
164 430 5.9 21765 185.142 0.045844 1.14435
165 424 5.9 24133 192.965 0.0505872 1.54676
166 434 5.9 22514 196.981 0.0473384 1.1913
167 430 5.9 27061 184.797 0.0576466 1.44967
168 427 5.9 21716 182.725 0.0457436 1.2632
169 429 5.9 23580 185.737 0.0496429 1.21472
170 426 5.9 22382 195.972 0.0468545 1.11845
171 428 5.9 27813 191.703 0.0594386 1.32531
172 422 5.9 21962 182.279 0.0461897 1.33456
173 431 5.9 23698 190.884 0.0498863 1.33585
174 433 5.9 23312 183.105 0.0492748 1.24064
175 428 5.9 28137 211.282 0.0594064 1.43575
176 431 5.9 22192 182.12 0.0469929 1.29238
177 432 5.9 23747 194.053 0.0502594 1.21651
178 422 5.9 22601 195.429 0.0475531 1.19479
179 432 5.9 27388 197.531 0.0581613 1.34002
180 437 5.9 22307 192.51 0.0468093 1.31851
181 430 5.9 23625 212.113 0.0497787 1.16082
182 428 5.9 22468 196.081 0.0472598 1.2146
183 425 5.9 26486 188.632 0.0564742 1.268
184 426 5.9 21928 191.137 0.0459589 1.26935
185 427 5.9 24062 216.343 0.0501241 1.27571
186 433 5.9 23233 184.791 0.0489526 1.23417
187 431 5.9 26863 197.643 0.0572306 1.10903
188 440 5.9 25716 166.559 0.055043 1.21008
189 425 5.9 25746 187.393 0.0543556 1.20582
190 426 4.51645 25877 191.079 0.0537214 1.28129
191 435 5.9 28411 202.058 0.0604431 1.39058
