0 593 6.16179 24845 388.341 0.0504679 1.22428
1 587 7.07237 24432 367.076 0.0502654 1.21793
2 593 7.78751 24830 394.745 0.0508076 1.27417
3 609 5.9 29042 376.238 0.0593882 1.4391
4 587 5.21639 24941 365.353 0.0507361 1.28031
5 595 6.59393 24257 377.552 0.0490094 1.23631
6 597 5.9 25499 366.772 0.0508147 1.3197
7 591 5.9 27230 350.189 0.0564919 1.16351
8 592 5.9 24026 372.927 0.0490309 1.12489
9 595 8.5454 25075 437.069 0.0522727 1.2105
10 589 7.16063 24529 393.809 0.0506674 1.2758
11 589 7.6135 27910 370.035 0.0587939 1.08515
12 589 5.9 23081 363.751 0.0466877 1.12883
13 595 7.74063 25260 387.729 0.0523877 1.25983
14 598 7.23582 24430 383.762 0.0505698 1.16202
15 589 5.9 29814 394.839 0.0598975 1.27368
16 594 5.9 23571 379.345 0.0478944 1.0924
17 585 5.9 25673 331.196 0.0524873 1.36341
18 590 7.66392 23777 378.964 0.0490676 1.31188
19 593 7.82625 29274 383.805 0.0618086 1.3102
20 593 5.61505 23862 340.239 0.0491427 1.20996
21 591 7.20935 24404 357.513 0.050627 1.21395
22 596 5.41795 24215 337.796 0.0467492 1.18768
23 597 7.39748 28516 365.583 0.0598478 1.29061
24 580 5.9 24643 317.221 0.0509426 1.21202
25 591 5.9 25305 371.68 0.0494881 1.34215
26 606 5.9 25555 339.881 0.051515 1.30278
27 585 5.9 27137 364.661 0.0551261 1.4365
28 581 5.9 26160 318.443 0.0542861 1.14318
29 587 8.25071 25162 364.08 0.0523023 1.2681
30 594 5.9 27131 355.169 0.0544371 1.26311
31 596 5.9 30474 422.605 0.0600997 2.14329
32 591 5.9 25468 294.158 0.0526741 1.18847
33 596 6.05427 25232 278.098 0.0526717 1.21549
34 590 5.9 24968 255.554 0.0522183 1.17563
35 586 5.9 26641 293.682 0.0557554 1.13883
36 584 5.55916 25128 306.171 0.0518416 1.18828
37 591 5.9 23642 268.167 0.0489831 1.32282
38 582 5.9 24417 253.512 0.0512774 1.24223
39 597 5.9 25433 289.116 0.0527919 1.3332
40 586 5.9 23650 309.229 0.0489465 1.10638
41 591 5.9 24165 256.791 0.0505013 1.14023
42 601 6.05999 23747 295.095 0.0492943 1.1836
43 591 5.9 26008 314.339 0.0538215 1.33782
44 598 6.36844 22675 296.753 0.0467606 1.17333
45 586 5.9 23988 252.265 0.0502433 1.10804
46 584 6.21175 24068 317.228 0.0496525 1.31635
47 587 5.9 25728 295.324 0.0535984 1.18894
48 595 6.8039 23681 345.342 0.0491745 1.156
49 587 5.9 23679 282.903 0.049233 1.13742
50 584 6.00521 23404 322.018 0.048207 1.18796
51 592 5.9 25898 301.45 0.0537962 1.17898
52 591 5.9 24157 348.152 0.0491839 1.10947
53 590 5.54765 23452 277.796 0.0486817 1.17227
54 595 6.55045 23688 326.908 0.0489466 1.22575
55 587 5.9 24772 282.847 0.0516785 1.2608
56 591 5.9 25777 368.246 0.0522962 1.26655
57 590 5.82201 22439 306.247 0.0463837 1.28987
58 588 5.9 24142 338.106 0.0495687 1.2402
59 599 5.9 23610 278.563 0.0491395 1.11964
60 579 6.23957 25101 353.995 0.0517146 1.16697
61 599 4.60581 25960 342.95 0.0493389 1.15839
62 586 5.9 25996 351.873 0.0520927 1.06529
63 593 5.9 25594 311.921 0.0530754 1.27114
64 523 5.9 26052 208.889 0.0549859 1.13967
65 514 5.06047 25327 213.505 0.0527954 1.16913
66 520 4.88617 26357 211.983 0.0550024 1.10833
67 516 5.9 28485 226.799 0.0604892 1.1428
68 518 5.9 25041 205.121 0.0531153 1.24254
69 526 5.35685 25139 223.711 0.0525377 1.07972
70 517 4.33389 25347 196.797 0.052784 1.1906
71 513 5.9 28430 233.218 0.0600011 1.28752
72 520 5.9 22647 228.091 0.0473281 1.14504
73 519 5.24786 24963 204.237 0.0526741 1.16737
74 521 5.9 23821 222.454 0.0499582 1.14683
75 517 5.9 28851 248.549 0.0604955 1.33989
76 524 4.6087 21505 214.821 0.0446991 1.12485
77 519 4.213 24905 209.598 0.0513182 1.24813
78 523 5.9 22693 221.466 0.0475817 1.0901
79 521 5.9 28283 230.86 0.0593823 1.3841
80 526 5.9 21407 211.983 0.0451159 1.13097
81 520 5.9 24346 236.419 0.0507217 1.25364
82 528 5.33839 22202 236.312 0.045795 1.26813
83 522 5.9 27585 252.404 0.0575287 1.21648
84 528 5.9 22477 224.381 0.0468902 1.22117
85 507 5.68046 24199 243.511 0.0503967 1.10858
86 508 5.9 22939 238.558 0.0475394 1.22912
87 519 5.9 28055 229.019 0.0592912 1.10984
88 524 4.76845 25070 240.394 0.0517156 1.34517
89 517 5.9 24369 230.068 0.0509295 1.13373
90 519 4.93156 24609 229.361 0.051122 1.07934
91 523 5.9 27477 249.166 0.0577939 1.22113
92 524 5.9 26911 232.338 0.0563758 1.15731
93 517 5.9 25670 239.062 0.0537013 1.07865
94 519 5.9 26226 230.086 0.0547525 1.07075
95 520 5.9 30115 269.182 0.0629986 1.3376
96 523 5.07226 27592 238.827 0.0571802 1.09228
97 515 5.27137 27309 241.562 0.056846 1.29023
98 517 5.11416 27568 244.952 0.0574511 1.06974
99 525 5.9 28884 260.775 0.060575 1.29007
100 518 5.9 25507 240.522 0.0533574 1.15263
101 516 4.31458 24674 204.962 0.051192 1.24822
102 516 4.6472 25323 225.289 0.0525225 1.26856
103 515 5.9 26603 230.284 0.0557599 1.30416
104 520 5.22623 23306 231.427 0.0481556 1.19775
105 517 4.711 25369 225.676 0.052581 1.40149
106 516 4.76346 24101 245.097 0.049842 1.20515
107 522 5.9 28016 233.933 0.059042 1.31148
108 518 5.9 21829 223.519 0.0454455 1.18701
109 530 4.49005 24951 200.108 0.0521691 1.27658
110 525 5.9 23134 239.049 0.0482613 1.26301
111 515 5.9 27533 220.538 0.0584145 1.25165
112 513 4.95371 22499 230.683 0.0465209 1.11916
113 508 5.9 24250 199.244 0.0515748 1.11427
114 521 5.9 23180 243.609 0.0484294 1.24883
115 529 5.9 27525 221.738 0.0580321 1.28107
116 520 4.73289 23165 205.39 0.0481942 1.17827
117 520 5.28806 25000 198.664 0.0525908 1.22005
118 523 5.9 24119 224.79 0.0505047 1.37429
119 517 5.9 27942 211.481 0.0592135 1.26869
120 522 4.77743 25392 224.163 0.0525786 1.38402
121 524 4.37536 25664 206.267 0.0536666 1.1777
122 517 4.59291 25574 209.002 0.0534461 1.2513
123 517 5.9 26363 197.011 0.0560295 1.1871
124 523 5.9 26251 202.2 0.0554682 1.13332
125 525 5.9 25410 197.981 0.0536315 1.15628
126 520 5.9 26212 212.827 0.0552735 1.09096
127 530 5.9 27016 200.67 0.0572339 1.43574
128 478 5.9 24163 231.351 0.050359 1.15564
129 481 5.9 23506 236.051 0.0486916 1.19874
130 485 5.3136 24482 234.043 0.0509944 1.1341
131 482 5.9 25589 252.496 0.0537471 1.15395
132 479 4.69059 19024 149.326 0.041299 1.14345
133 470 5.9 21869 245.858 0.0450551 1.19379
134 481 5.9 23119 228.703 0.0483726 1.04677
135 477 5.9 24920 277.402 0.0515795 1.12479
136 482 5.9 20897 216.257 0.0433559 1.21416
137 481 5.4534 22956 271.199 0.0473048 1.1295
138 483 5.9 22534 263.454 0.0464725 1.15491
139 487 5.49161 25679 265.705 0.0530833 1.32425
140 488 5.9 20633 243.192 0.0429356 1.07967
141 475 5.9 22460 242.022 0.0465806 1.21786
142 477 5.66462 21905 264.462 0.0453011 1.0636
143 484 5.9 26523 261.928 0.055286 1.25016
144 477 5.9 21359 255.443 0.0443017 1.07784
145 470 5.9 23078 239.417 0.0479918 1.1816
146 479 5.9 21821 237.642 0.0452959 1.13224
147 491 5.9 26343 241.357 0.0550957 1.18304
148 477 5.9 21276 221.78 0.0445641 1.11161
149 473 5.9 23936 221.607 0.0501303 1.21313
150 473 5.54139 23301 241.842 0.048191 1.25711
151 481 5.9 26550 228.115 0.0557989 1.18483
152 488 5.9 23417 230.577 0.0489322 1.08514
153 481 5.9 23197 220.305 0.0485154 1.18254
154 478 5.9 23684 227.772 0.0497098 1.07011
155 482 5.9 25516 220.664 0.0535701 1.26617
156 477 5.9 25557 207.662 0.0541166 1.04981
157 486 5.9 24150 213.097 0.0504768 1.09169
158 471 5.9 25038 210.977 0.0524098 1.21499
159 484 5.9 26471 233.423 0.0553619 1.33467
160 479 5.9 24937 184.469 0.0528742 1.17033
161 482 5.9 24490 189.385 0.051651 1.12677
162 481 5.9 25226 223.984 0.0526152 1.20045
163 471 5.9 27961 206.8 0.0591982 1.27632
164 485 5.9 24403 214.307 0.0513198 1.18542
165 484 5.9 23919 200.539 0.0502987 1.07119
166 481 5.9 24195 203.128 0.0511721 1.06985
167 481 5.9 25850 198.317 0.0547276 1.15194
168 478 5.27419 22797 237.248 0.0470829 1.27243
169 483 5.9 24444 220.052 0.0510837 1.22743
170 481 5.9 23957 234.585 0.0501898 1.20176
171 482 5.9 27036 220.207 0.0567652 1.2359
172 480 5.9 21273 218.162 0.0442032 1.14117
173 478 5.9 23853 220.751 0.0500349 1.20612
174 489 5.9 22497 236.577 0.0468959 1.17194
175 481 5.9 26809 225.334 0.0565415 1.15201
176 477 5.9 21014 231.894 0.0435687 1.212
177 483 5.9 24006 245.543 0.0497169 1.15957
178 477 4.81753 22530 246.499 0.0464906 1.15251
179 482 5.9 26381 223.146 0.0554211 1.19182
180 475 5.9 21960 264.3 0.0452933 1.10274
181 481 5.9 23962 253.156 0.049713 1.20963
182 489 5.9 23001 252.887 0.0475356 1.09804
183 479 5.9 26674 249.967 0.0555786 1.2157
184 481 5.9 23267 241.916 0.0482627 1.0412
185 480 4.59634 23289 256.84 0.0474494 1.04891
186 484 5.12203 23597 264.413 0.0483742 1.10404
187 471 5.9 25663 271.064 0.0530737 1.13447
188 478 5.9 24920 232.636 0.052163 1.07481
189 481 5.9 25309 275.736 0.0521631 1.2731
190 486 5.26017 25102 254.296 0.0518342 1.16212
191 486 5.9 27718 262.964 0.057757 1.16102
