0 493 5.9 27533 222.062 0.0573525 1.08583
1 496 5.9 27778 232.817 0.0574564 1.04009
2 496 5.9 28203 254.302 0.0577363 1.23418
3 482 5.9 28374 154.479 0.0684975 0.991958
4 496 5.3526 24990 236.186 0.0513225 1.04055
5 498 5.20278 26634 223.481 0.05491 1.09036
6 497 5.9 26309 223.523 0.0547115 1.01085
7 480 5.9 29360 179.027 0.0630872 0.986422
8 494 5.06093 23509 225.617 0.0481406 1.10413
9 498 5.17829 26175 220.366 0.0539318 0.970026
10 492 5.37823 24999 204.859 0.0514831 1.15269
11 498 6.43796 29257 178.998 0.0630011 1.02743
12 487 5.9 23355 206.704 0.0486164 0.970235
13 486 5.9 24771 195.014 0.0519039 0.905072
14 488 6.08112 24449 201.19 0.0502163 0.9157
15 490 5.9 29476 164.694 0.064312 1.11128
16 495 5.9 23469 194.539 0.0487625 1.03029
17 502 5.9 24520 186.573 0.0511869 0.991133
18 495 5.9 24524 173.208 0.0510149 0.978401
19 489 5.9 29305 151.192 0.0647046 1.08285
20 485 5.9 23344 191.997 0.0484754 1.07549
21 496 5.9 25170 196.724 0.0517715 1.07207
22 496 5.9 24606 181.898 0.0512567 1.03065
23 492 5.9 29566 171.819 0.0629749 1.11736
24 492 5.9 24164 189.744 0.0507445 1.05328
25 488 5.9 25990 192.772 0.0542983 1.02143
26 487 5.9 25641 194.156 0.0532595 1.12201
27 499 5.9 29427 122.686 0.0725966 2.12457
28 489 5.9 26827 205.524 0.0558082 1.0847
29 493 5.9 27814 185.519 0.0584483 1.04562
30 491 5.9 27827 192.179 0.0584197 1.02128
31 494 5.9 30705 148.696 0.0684534 0.916589
32 494 5.9 26683 208.575 0.0552383 1.19518
33 490 5.9 25848 236.596 0.0534357 1.15851
34 497 4.8991 27237 226.475 0.0561057 1.09962
35 484 5.9 26369 218.494 0.0555217 0.918642
36 489 4.91908 24688 195.091 0.0511958 0.980382
37 498 5.30971 24332 236.562 0.0502391 1.0121
38 484 5.9 24900 217.396 0.0517986 1.03235
39 480 5.9 25518 252.152 0.0522364 1.19906
40 486 5.9 24053 198.21 0.0499577 1.11154
41 487 5.9 25062 224.593 0.051923 1.0824
42 485 5.19467 24577 231.023 0.0503689 0.972626
43 490 5.9 26622 230.315 0.0552695 1.10355
44 501 5.56747 23600 198.437 0.0489282 0.958131
45 488 5.9 24474 216.159 0.0508463 1.15061
46 482 5.9 24660 210.608 0.0510728 1.00241
47 487 5.9 26447 211.507 0.0553238 1.04079
48 483 5.9 23596 197.152 0.0497451 1.00407
49 496 5.9 24465 213.174 0.0508204 1.10996
50 499 5.9 24538 226.568 0.0505286 0.975248
51 490 5.9 26636 225.141 0.0551847 0.980055
52 489 5.53512 23994 236.09 0.0490697 1.07424
53 492 5.9 24705 217.264 0.0511805 1.06094
54 493 5.9 24765 224.064 0.050774 1.0299
55 496 5.9 26308 234.703 0.0545562 1.02783
56 494 5.9 24537 241.877 0.0506903 1.03779
57 493 5.00224 24031 234.848 0.0493932 1.19505
58 489 5.9 24798 252.188 0.051405 0.950488
59 495 5.9 24955 233.768 0.0518124 1.10453
60 501 5.9 27458 246.003 0.056863 1.09898
61 493 5.8334 25965 246.688 0.0537227 1.11176
62 495 5.32155 26544 226.929 0.055255 1.0363
63 492 5.9 26577 242.243 0.0555474 1.01004
64 490 5.9 29499 264.965 0.0606164 1.14979
65 482 5.9 30127 211.834 0.0629032 0.982513
66 480 5.954 30427 229.102 0.0626319 1.27619
67 494 5.9 32606 166.552 0.0728829 1.23945
68 485 4.57301 26526 267.46 0.0531249 1.15412
69 487 6.11653 27041 223.514 0.0561242 1.16464
70 489 6.05393 26209 238.549 0.0542831 1.05966
71 482 5.9 31028 187.143 0.065539 1.18856
72 491 6.04514 25955 279.901 0.0528406 1.01329
73 494 5.9 28173 226.791 0.0584164 1.04427
74 477 5.88639 27762 259.833 0.0565953 1.17394
75 500 5.9 30710 188.024 0.0671054 0.98319
76 485 5.43496 26537 241.617 0.0543595 1.07882
77 478 6.93981 27252 258.011 0.0563665 1.06981
78 484 5.9 26383 236.953 0.05473 0.989172
79 479 5.9 30817 200.159 0.0671928 1.18048
80 481 5.74631 25059 255.794 0.0515041 0.93771
81 479 6.32478 26639 256.831 0.055 1.07394
82 477 5.9 26357 249.445 0.0540782 1.11848
83 490 5.9 30827 177.964 0.0687703 1.09614
84 485 5.9512 25621 263.889 0.0523791 1.08276
85 485 5.92083 27788 227.489 0.057341 1.06567
86 474 6.13863 27477 240.699 0.0564802 1.02298
87 487 6.55761 30766 195.34 0.0665805 1.02223
88 483 5.59203 25665 270.906 0.0522098 1.14307
89 475 5.9 26928 272.916 0.0545773 1.23661
90 484 5.9 26507 278.08 0.0537374 1.02265
91 486 6.40635 30577 177.222 0.0678539 0.901881
92 491 5.34158 28985 270.844 0.0594689 1.05784
93 488 5.9 29697 240.138 0.0614711 1.04437
94 484 6.51841 30278 270.679 0.062344 1.17153
95 474 5.9 31130 173.441 0.0730099 0.993083
96 491 6.65361 28380 280.032 0.0585508 1.14899
97 487 6.43748 26424 255.031 0.0548071 1.10088
98 490 5.48967 28177 260.366 0.0579807 1.1345
99 480 5.9 28910 233.081 0.0609145 1.04006
100 482 6.4983 25885 273.932 0.053209 1.10004
101 482 5.9 24933 287.665 0.05102 1.03909
102 477 6.07697 26064 279.448 0.0536849 1.09078
103 487 5.9 26374 269.802 0.05408 1.17764
104 484 5.9 25863 263.073 0.0530035 1.13903
105 477 5.63369 24986 264.311 0.0512281 1.08022
106 484 5.85406 25994 266.889 0.0532391 1.07448
107 484 5.9 27060 294.934 0.0557022 1.06074
108 494 5.94674 26119 260.199 0.0537188 0.971132
109 481 5.9 25900 264.191 0.0531369 1.1129
110 482 6.17596 25559 243.869 0.0529588 0.903458
111 480 5.9 27602 259.29 0.0572986 1.11328
112 487 6.3649 25728 237.975 0.0535673 0.972618
113 486 5.21203 25184 229.161 0.0517965 1.04744
114 482 5.9 25714 261.28 0.0524777 1.08224
115 475 5.9 27470 257.533 0.0570167 1.09453
116 488 6.73759 26515 265.768 0.0546724 1.01573
117 486 5.90021 25294 262.736 0.0521952 1.10711
118 492 5.9 25359 265.003 0.0523754 0.9437
119 492 5.9 26692 273.673 0.0549732 1.14819
120 484 7.3423 25987 283.506 0.0531857 1.21427
121 486 5.69265 24317 276.92 0.0496029 1.10135
122 489 6.0061 25774 286.093 0.0526435 1.15565
123 488 5.9 26756 264.744 0.0550469 1.13507
124 488 6.15521 28909 265.545 0.0593905 1.09314
125 478 7.25518 27115 269.273 0.0559789 1.24072
126 483 5.58772 27563 241.742 0.0570893 0.971457
127 484 5.9 29066 237.054 0.0606601 0.99724
128 516 5.9 27153 190.704 0.0571653 0.979461
129 520 5.9 27225 144.66 0.0582568 1.06624
130 523 5.9 28398 182.803 0.0597353 0.995743
131 523 5.9 20833 100.585 0.0560282 1.18308
132 516 5.9 23606 212.7 0.0487203 1.12503
133 523 5.9 23392 148.755 0.0504794 0.904519
134 512 5.9 23815 196.86 0.049653 0.969689
135 507 5.9 23384 90.3415 0.0693955 1.20014
136 518 5.9 22665 173.075 0.0468472 1.09518
137 510 5.9 23388 152.799 0.0489812 0.894057
138 521 5.9 22652 174.187 0.0477243 1.09816
139 513 5.9 23673 92.8852 0.068449 1.20208
140 517 5.9 22620 195.618 0.0467153 1.15355
141 516 5.9 24018 147.923 0.0501902 1.02811
142 517 5.9 22976 184.707 0.047768 0.988543
143 515 5.9 24299 90.3358 0.0721344 0.996853
144 513 5.9 21694 182.906 0.0451142 1.06855
145 524 5.9 23794 150.769 0.0499549 1.02277
146 512 5.9 21803 173.619 0.045594 0.946112
147 524 5.9 23910 87.942 0.0720799 1.15256
148 519 5.9 23124 176.722 0.0483924 0.937013
149 523 5.9 22205 152.398 0.0463539 1.06847
150 519 5.9 21963 175.292 0.0460521 0.92637
151 517 5.9 24685 96.4015 0.0682408 1.06051
152 518 5.9 24128 211.715 0.0496733 1.18862
153 514 5.9 22900 157.631 0.0486679 0.969969
154 521 5.9 23427 193.513 0.0491539 0.845196
155 513 5.9 24311 90.0625 0.0677657 1.10617
156 509 5.9 27925 199.053 0.0582342 1.07187
157 513 5.9 27588 157.022 0.0585519 0.978365
158 514 5.9 28821 193.854 0.0604996 0.901329
159 516 5.9 28086 103.486 0.0684111 1.02444
160 509 5.9 28472 214.157 0.0590006 1.06471
161 515 5.9 27362 230.459 0.0563681 1.17185
162 511 5.9 27737 215.562 0.0576995 1.03845
163 518 5.9 29453 212.322 0.0619028 1.01468
164 514 5.9 23914 239.72 0.0491471 0.975781
165 515 5.9 23697 238.144 0.049171 0.921308
166 507 5.9 24310 237.035 0.0503314 1.0231
167 525 5.9 27911 224.954 0.057994 1.04323
168 528 5.9 25168 202.271 0.0520303 0.897538
169 516 5.9 24833 213.409 0.0515898 1.06131
170 521 5.9 25120 228.498 0.0515821 1.07925
171 508 5.9 27156 235.692 0.0560608 1.08307
172 514 5.9 23815 151.568 0.0523802 1.20708
173 519 5.9 25827 198.166 0.0533012 1.13548
174 511 5.9 25789 214.274 0.0532754 0.988947
175 515 5.9 27863 240.409 0.0575237 1.13981
176 521 5.9 23413 200.85 0.0488243 0.99578
177 517 5.9 25311 186.239 0.0528832 0.962099
178 518 5.9 25403 227.035 0.0520145 1.04895
179 519 5.9 27793 240.965 0.0576514 1.0042
180 531 5.9 23709 196.473 0.0491885 0.917785
181 520 5.9 25494 217.99 0.0527024 1.07334
182 520 5.9 24269 205.215 0.0507036 0.955935
183 525 5.9 27202 231.308 0.0563297 1.04384
184 520 5.9 23770 202.332 0.0498182 0.876355
185 518 5.43747 24791 226.56 0.0515779 0.968635
186 526 5.9 24663 248.589 0.0507115 0.996263
187 519 5.9 27433 246.406 0.0566183 1.10608
188 522 5.9 28142 211.252 0.0591078 0.878828
189 516 5.9 27169 219.868 0.056456 1.0855
190 515 5.9 27706 217.665 0.0577291 0.960311
191 513 5.9 29472 240.247 0.0616414 0.983748
