0 529 0 473929 0 0 0
1 532 0 413130 0 0 0
2 528 0 407135 0 0 0
3 525 0 466647 0 0 0
4 526 0 451007 0 0 0
5 538 0 450611 0 0 0
6 527 0 419590 0 0 0
7 529 0 421742 0 0 0
8 536 0 410831 0 0 0
9 533 0 460527 0 0 0
10 533 0 456897 0 0 0
11 528 0 448836 0 0 0
12 538 0 436088 0 0 0
13 539 0 456434 0 0 0
14 533 0 433611 0 0 0
15 541 0 464372 0 0 0
16 540 0 410396 0 0 0
17 529 0 438755 0 0 0
18 536 0 416236 0 0 0
19 531 0 451438 0 0 0
20 530 0 430201 0 0 0
21 539 0 468364 0 0 0
22 520 0 467404 0 0 0
23 531 0 438929 0 0 0
24 534 0 426828 0 0 0
25 540 0 463283 0 0 0
26 538 0 446952 0 0 0
27 529 0 396457 0 0 0
28 520 0 457922 0 0 0
29 532 0 452916 0 0 0
30 531 0 413295 0 0 0
31 539 0 438148 0 0 0
32 547 0 481789 0 0 0
33 525 0 441996 0 0 0
34 527 0 463875 0 0 0
35 529 0 401617 0 0 0
36 547 0 465970 0 0 0
37 538 0 459693 0 0 0
38 532 0 453861 0 0 0
39 530 0 412478 0 0 0
40 539 0 407368 0 0 0
41 529 0 432607 0 0 0
42 535 0 465940 0 0 0
43 530 0 453627 0 0 0
44 531 0 433520 0 0 0
45 533 0 472791 0 0 0
46 538 0 474813 0 0 0
47 531 0 412424 0 0 0
48 531 0 456317 0 0 0
49 532 0 463464 0 0 0
50 535 0 435973 0 0 0
51 528 0 457678 0 0 0
52 526 0 471288 0 0 0
53 525 0 419453 0 0 0
54 532 0 402578 0 0 0
55 535 0 413523 0 0 0
56 541 0 395844 0 0 0
57 530 0 435722 0 0 0
58 531 0 471468 0 0 0
59 530 0 460088 0 0 0
60 541 0 397917 0 0 0
61 531 0 446986 0 0 0
62 526 0 472797 0 0 0
63 528 0 462928 0 0 0
64 565 6.77736 31728 299.656 0.0662208 1.1251
65 562 6.84553 31343 279.675 0.0658678 1.07228
66 571 5.9 32251 282.977 0.0674384 0.966306
67 560 5.9 36109 280.724 0.0757643 1.1945
68 562 5.9 29334 336.563 0.0597746 1.29257
69 571 5.9 29424 315.126 0.058732 1.23552
70 561 7.61097 28021 303.781 0.0584268 1.24411
71 568 5.9 33669 277.834 0.0701998 1.30773
72 565 5.9 27478 335.075 0.0559456 1.24482
73 571 7.51649 27870 286.714 0.0577036 1.20756
74 562 5.9 28725 305.992 0.0572932 1.22694
75 572 7.55068 32623 267.891 0.069137 1.38485
76 573 6.58604 27699 333.681 0.057177 1.2311
77 572 7.74824 27075 306.216 0.0559558 1.15642
78 576 7.17312 26538 306.474 0.0545332 1.26992
79 562 6.424 32920 272.078 0.0696185 1.14569
80 558 6.41446 26129 316.318 0.0537706 1.26931
81 572 6.87239 26715 294.578 0.054817 1.22167
82 583 5.9 27079 300.913 0.0552388 1.17223
83 576 5.9 33219 273.731 0.0695106 1.24652
84 562 6.39131 27425 310.374 0.0570111 1.35257
85 565 5.9 28181 306.363 0.0567909 1.32415
86 572 5.9 29524 338.351 0.0573135 1.57467
87 562 5.9 33016 262.251 0.0694761 1.22745
88 564 6.33319 28591 323.163 0.0592968 1.19414
89 564 5.9 27646 298.593 0.0556458 1.21787
90 572 6.64741 27391 294.181 0.0569634 1.30547
91 564 5.9 33859 276.883 0.0706028 1.4765
92 569 5.9 31757 308.867 0.0656537 1.32676
93 565 6.81331 31086 278.835 0.0650704 1.20436
94 565 5.9 32026 290.313 0.0662294 1.10483
95 573 5.9 34964 266.162 0.0739486 1.42577
96 571 5.9 31494 292.178 0.0656653 1.23168
97 569 6.55439 29590 299.222 0.0618261 1.1981
98 566 6.37984 30888 310.138 0.0645623 1.18489
99 562 5.9 32054 288.217 0.0670415 1.39038
100 565 7.12408 29299 342.006 0.0615384 1.2124
101 579 5.9 28504 330.473 0.0589278 1.36736
102 574 5.9 29074 306.651 0.0603725 1.31719
103 565 6.42654 29109 304.246 0.0607033 1.26761
104 575 5.9 28212 333.516 0.0579488 1.18953
105 570 5.9 27325 310.633 0.0565888 1.27776
106 568 5.9 28419 311.88 0.0588779 1.23827
107 564 5.9 30749 332.322 0.0640202 1.28547
108 569 5.9 27630 319.919 0.0568127 1.18564
109 570 5.9 27978 307.735 0.0576626 1.39846
110 577 5.9 27454 327.743 0.0560839 1.16246
111 562 5.9 32241 349.907 0.0671244 1.24243
112 564 5.9 27547 328.837 0.0562821 1.30874
113 576 3.84702 32938 306.477 0.0563005 1.21824
114 565 5.9 27977 340.361 0.0558495 1.32742
115 560 5.9 32471 325.319 0.0674562 1.33373
116 577 5.9 28599 332.362 0.0578839 1.25102
117 564 5.9 28294 300.566 0.0581625 1.39348
118 559 7.24003 27384 326.424 0.056831 1.14729
119 576 6.56494 30518 343.64 0.0632699 1.29491
120 555 5.9 30320 361.422 0.0604836 1.26955
121 569 7.2276 27860 340.748 0.0580459 1.20753
122 562 7.6562 28224 351.238 0.0586911 1.19731
123 558 5.9 30330 334.761 0.0628143 1.2457
124 565 4.46332 33120 297.359 0.0661614 0.966179
125 564 5.9 30774 321.899 0.0636833 1.14622
126 571 9.02177 30409 360.648 0.0633395 1.16428
127 561 5.9 32176 329.473 0.067154 1.24313
128 501 5.9 25286 117.228 0.055895 1.24501
129 498 5.9 23514 95.356 0.0511837 1.20638
130 489 5.9 26187 122.119 0.0561265 1.18417
131 502 5.9 26591 108.018 0.0586553 1.12835
132 491 5.9 21466 100.783 0.0478304 0.990892
133 503 5.9 23810 115.629 0.0507331 1.26703
134 505 5.9 24094 105.275 0.0522842 1.14892
135 499 5.9 25113 110.669 0.0532792 1.52163
136 499 5.9 21367 108.738 0.0467039 1.06891
137 492 5.9 23811 110.883 0.05004 1.1165
138 500 5.9 23251 115.224 0.0509459 1.07807
139 493 5.9 25970 107.088 0.056354 1.17161
140 493 5.9 19947 105.122 0.0425346 0.997222
141 511 5.9 21168 105.372 0.0453078 1.12586
142 498 5.9 21013 105.003 0.0448102 1.06923
143 497 5.9 25527 122.208 0.0550162 1.10733
144 504 5.9 20241 113.118 0.0447326 0.917236
145 505 5.9 21788 110.995 0.0462407 0.999701
146 498 5.9 20754 93.6928 0.0454167 1.01024
147 500 5.9 25585 105.324 0.0561328 0.909618
148 492 5.9 20111 106.515 0.0433398 1.10338
149 496 5.9 23648 115.826 0.0500173 1.06412
150 495 5.9 22133 105.013 0.047108 1.25561
151 492 5.9 25362 105.532 0.0553218 1.01703
152 497 5.9 22933 118.351 0.0499354 0.915076
153 503 5.9 23013 110.447 0.0491909 1.07009
154 502 5.9 23965 117.477 0.0516709 1.0498
155 491 5.9 24319 98.955 0.0527816 1.28171
156 499 5.9 24929 113.896 0.0535161 1.02065
157 495 5.9 24727 117.221 0.0522454 1.06851
158 497 5.9 25594 107.85 0.0560952 1.03413
159 498 5.9 26457 101.199 0.0578186 1.03364
160 499 5.9 25522 113.59 0.0555416 1.10096
161 495 5.9 24731 126.75 0.0530321 1.07759
162 502 5.9 26682 129.828 0.0581154 1.0182
163 501 5.9 27978 137.15 0.0608301 1.05833
164 508 5.9 22900 125.491 0.0492657 1.13821
165 496 5.9 23354 130.423 0.0495257 1.07247
166 502 5.9 24131 126.344 0.0518213 1.0132
167 500 5.9 25125 128.834 0.0548619 1.03861
168 494 5.9 22005 112.598 0.0485643 0.964276
169 496 5.9 24433 128.667 0.0515805 1.34821
170 496 5.9 23631 132.638 0.0505198 1.1656
171 494 5.9 27544 140.356 0.059309 1.15606
172 507 5.9 21838 117.365 0.0468531 1.19252
173 491 5.9 23291 113.916 0.0506156 1.00301
174 499 5.9 22810 115.508 0.0494682 1.10033
175 492 5.9 28184 132.662 0.0612477 1.10823
176 497 5.9 21145 100.411 0.0469106 1.2721
177 496 5.9 24011 121.015 0.0524026 1.2414
178 500 5.9 21841 115.705 0.0472025 1.12171
179 488 5.9 28046 128.154 0.0607748 1.4181
180 496 5.9 21626 107.65 0.0465709 1.1725
181 498 5.9 24877 129.828 0.0538389 1.12589
182 500 5.9 23647 126.05 0.0512562 1.03407
183 494 5.9 27610 130.484 0.0598413 1.42606
184 492 5.9 23662 121.302 0.0508749 1.00176
185 506 5.9 24794 125.132 0.0538512 1.22904
186 497 5.9 24992 125.501 0.0539084 1.2444
187 497 5.9 26778 141.157 0.0578991 1.06947
188 508 5.9 25472 108.997 0.0552933 1.18485
189 499 5.9 25556 120.105 0.0561566 1.08443
190 491 5.9 26825 132.244 0.0579602 1.07224
191 502 5.9 28962 132.426 0.063557 1.16803
