0 523 5.9 26462 261.421 0.0550675 1.22409
1 535 5.1205 27237 232.261 0.056675 1.23037
2 521 5.9 26363 225.608 0.05558 1.07508
3 520 5.9 31872 243.337 0.0676882 1.3262
4 519 5.9 23808 233.657 0.0497977 1.21993
5 515 4.27923 25989 259.446 0.0523545 1.24356
6 525 5.37855 24512 253.889 0.0509132 1.23527
7 517 5.9 30187 227.327 0.0642086 1.38409
8 518 5.9 23139 267.208 0.0480382 1.25185
9 517 5.9 24309 250.604 0.0509308 1.08465
10 528 5.9 23336 248.184 0.0488463 1.14734
11 515 5.9 29245 221.802 0.0623542 1.27211
12 533 4.58324 22886 239.042 0.0471063 1.33081
13 522 5.9 23449 240.96 0.048973 1.2994
14 520 4.92922 22014 228.913 0.0456317 1.15797
15 521 5.9 28420 209.502 0.060874 1.21827
16 525 5.9 22079 239.916 0.0461841 1.10084
17 522 5.9 23006 249.279 0.0480106 1.20309
18 523 5.9 21811 252.669 0.0453911 1.18887
19 530 5.9 28484 219.156 0.0606709 1.29139
20 523 5.9 21646 245.425 0.0448813 1.27617
21 522 4.78443 23065 222.589 0.0480137 1.15509
22 522 4.98598 22538 246.642 0.0465524 1.21114
23 518 5.9 28717 223.204 0.0613354 1.18458
24 523 5.9 23134 235.525 0.0482826 1.26113
25 522 4.08423 25456 242.338 0.0519169 1.35603
26 525 5.9 24278 239.787 0.0505752 1.33513
27 513 5.9 29051 224.405 0.062101 1.23752
28 521 5.9 26215 247.482 0.0547169 1.23808
29 526 5.9 27707 222.723 0.058519 1.18466
30 522 5.56679 27610 248.443 0.0577207 1.20647
31 526 5.9 30578 246.868 0.0649855 1.40925
32 526 5.9 26662 249.997 0.055711 1.20859
33 514 5.9 27146 273.318 0.0565723 1.14605
34 527 4.9705 27961 272.595 0.0579775 1.18516
35 518 5.9 28113 290.473 0.0588282 1.24209
36 518 5.25896 24187 278.367 0.0499024 1.22682
37 523 5.11018 25347 285.624 0.0522203 1.23265
38 529 5.9 24636 279.78 0.051175 1.25254
39 522 5.9 25030 275.334 0.0521162 1.18933
40 523 4.94264 22927 256.222 0.047461 1.13672
41 516 5.9 24615 282.701 0.0511173 1.14293
42 523 5.9 23750 272 0.0492964 1.2807
43 523 5.9 25739 279.395 0.0532325 1.38775
44 528 5.9 22617 250.947 0.0471149 1.16514
45 531 4.79054 24096 255.132 0.0497955 1.1417
46 518 4.78787 23190 279.549 0.0475182 1.15097
47 525 5.9 25505 281.481 0.0529072 1.24469
48 521 5.9 22978 241.303 0.0480525 1.23649
49 518 4.79765 23722 258.743 0.0488273 1.24801
50 519 5.23214 23965 278.304 0.0494133 1.20752
51 520 5.9 25370 293.671 0.0528087 1.10335
52 527 5.05065 23250 269.187 0.0480996 1.25105
53 525 4.578 25063 254.125 0.0515411 1.19888
54 522 5.9 23854 257.473 0.0497685 1.15339
55 513 5.9 26120 286.974 0.0540984 1.31903
56 521 4.73851 24219 256.631 0.0499646 1.27637
57 519 4.72547 24633 287.894 0.0506713 1.23222
58 517 5.12512 24487 282.631 0.0503602 1.35275
59 520 5.9 25035 284.211 0.0520251 1.15603
60 517 5.31294 27141 263.292 0.0563662 1.2175
61 516 5.75604 26281 268.288 0.0545892 1.26224
62 519 5.9 26371 257.603 0.0551495 1.11008
63 523 5.9 27001 305.447 0.0562663 1.26985
64 493 5.9 29188 263.953 0.0605881 1.33439
65 493 5.4215 29605 253.471 0.0611711 1.35737
66 485 5.40575 30221 270.081 0.0624982 1.27345
67 493 5.9 32103 237.456 0.0675529 1.24477
68 488 5.47172 26055 284.99 0.0539339 1.19047
69 497 5.78768 27197 265.039 0.0562929 1.26176
70 491 5.35633 26508 248.613 0.0549701 1.17301
71 487 5.9 30487 242.198 0.0637151 1.26691
72 479 5.13837 24294 242.149 0.04992 1.1875
73 497 5.85094 25826 253.427 0.0531717 1.25932
74 487 5.9 25597 247.109 0.0531049 1.18605
75 490 5.9 29185 203.261 0.0617593 1.1916
76 491 5.9 23504 230.483 0.0489963 1.17884
77 492 5.9 23427 216.827 0.0483979 1.03373
78 491 5.37867 23266 224.936 0.0479288 1.0278
79 483 5.9 28379 198.44 0.0598796 1.3017
80 499 5.9 22639 226.916 0.0469587 1.30394
81 484 5.12032 23683 197.652 0.0489958 1.07005
82 496 5.9 23038 232.768 0.0475042 1.12126
83 488 5.9 28283 196.028 0.059796 1.07231
84 490 4.34437 24302 209.244 0.0504741 1.17113
85 496 5.9 24936 199.294 0.0523989 1.18574
86 489 5.9 24260 204.7 0.050935 1.20442
87 501 5.9 28496 182.896 0.0605962 1.19756
88 489 4.03551 25113 199.465 0.0522621 1.22048
89 493 5.9 26354 197.057 0.0560205 1.36363
90 482 5.9 25304 198.076 0.0532917 1.342
91 498 5.9 28671 184.16 0.0611615 1.23347
92 488 5.9 28281 176.617 0.0605417 1.36071
93 493 5.9 29814 189.527 0.0631839 1.5238
94 489 5.9 29144 202.499 0.062013 1.28623
95 490 5.9 31575 186.868 0.0678352 1.47686
96 484 5.9 28223 187.183 0.0603785 1.22494
97 486 5.9 28096 210.655 0.0593414 1.23626
98 494 4.36185 30034 211.016 0.0630213 1.15843
99 489 5.9 30679 217.573 0.0651554 1.23453
100 492 5.9 27060 216.546 0.0572268 1.28521
101 494 5.30684 26382 228.182 0.0550952 1.30546
102 483 4.58797 27651 215.849 0.0578267 1.31764
103 485 5.9 27821 220.65 0.0587991 1.06389
104 489 4.64389 25066 229.155 0.0519205 1.20118
105 487 5.9 25409 246.592 0.0531455 1.18441
106 473 4.76433 26296 222.349 0.0548302 1.32911
107 487 5.9 28164 227.919 0.0594421 1.25796
108 494 5.15354 24107 224.387 0.0503438 1.06935
109 493 4.50797 26025 224.898 0.0540286 1.13913
110 491 5.9 24337 243.267 0.0506828 1.14909
111 484 5.9 28846 231.582 0.0610677 1.11841
112 491 5.9 24234 239.445 0.050394 1.14671
113 488 5.9 25185 238.526 0.0524863 1.1093
114 496 5.9 25248 242.197 0.052501 1.2692
115 490 5.9 28521 275.396 0.0595723 1.29096
116 489 5.36999 25815 256.131 0.0533444 1.14926
117 493 5.9 25810 261.328 0.0539448 1.20183
118 487 4.956 25581 248.235 0.0529523 1.23916
119 496 5.9 27731 250.736 0.0580569 1.22389
120 493 5.00028 27107 262.973 0.0562686 1.24993
121 491 4.93973 26367 267.411 0.0545324 1.2734
122 484 4.79749 27115 265.242 0.0561087 1.29552
123 474 5.9 26903 259.164 0.0561299 1.27529
124 491 5.05411 29783 269.637 0.061856 1.24535
125 485 5.9 28583 253.746 0.0593874 1.47232
126 487 5.0345 29095 264.358 0.0604526 1.19704
127 487 5.9 29224 263.863 0.0612292 1.25284
128 543 5.9 26589 224.902 0.0553458 1.01713
129 536 5.9 27612 223.97 0.057428 1.01961
130 534 5.9 27155 228.872 0.0562315 1.03933
131 536 5.9 27671 149.549 0.0679096 1.03298
132 542 5.9 24257 235.105 0.0501922 1.09784
133 524 5.9 24619 230.024 0.0508969 0.974458
134 538 5.9 25426 231.149 0.0523914 1.12235
135 531 5.9 28384 152.462 0.0650589 1.53133
136 542 5.9 24849 207.571 0.0515149 0.960305
137 537 5.9 25862 206.981 0.0536119 0.977163
138 535 5.9 24994 192.086 0.0522006 1.06812
139 520 5.9 28800 156.178 0.066754 1.6305
140 533 5.9 24556 212.368 0.0511621 0.994049
141 535 6.60419 25641 202.731 0.0540356 1.00334
142 540 5.9 25941 218.376 0.0541759 1.06014
143 525 5.9 29337 182.544 0.0631999 1.20517
144 540 5.9 24511 206.22 0.0510936 1.00353
145 537 5.9 25684 188.762 0.0541843 0.99066
146 547 6.12578 24766 213.443 0.0514574 0.975003
147 538 5.9 28877 156.942 0.0668639 1.7537
148 533 5.9 24429 227.069 0.0503211 1.10615
149 535 5.9 25661 202.03 0.0534023 0.999667
150 535 5.9 25597 196.527 0.0536674 1.00959
151 531 5.9 28938 153.832 0.0663944 1.36304
152 523 5.9 24910 205.545 0.0523326 0.895482
153 536 5.9 25507 206.184 0.0532191 0.975509
154 539 5.9 25166 187.191 0.0532742 1.01562
155 529 5.9 28051 124.575 0.0692933 2.28511
156 531 5.9 27164 187.991 0.057109 1.11505
157 534 5.9 27428 154.731 0.0578883 1.02204
158 532 5.9 27859 184.827 0.0589174 1.0139
159 543 5.9 27021 114.699 0.0660528 0.948097
160 538 5.9 27928 178.478 0.0588812 1.07263
161 535 5.9 27849 183.779 0.058809 1.08319
162 527 5.9 28571 191.39 0.0606619 1.03191
163 540 5.9 29327 192.292 0.0621217 1.06805
164 531 5.9 25611 214.759 0.0532161 1.10379
165 527 5.9 25810 240.429 0.0532591 1.19039
166 538 5.9 25897 230.482 0.0535449 1.17376
167 535 5.9 28733 193.766 0.0609782 1.16141
168 521 5.9 25777 227.462 0.0534476 1.15401
169 546 5.9 26626 217.762 0.0551863 1.1618
170 537 5.9 26556 217.044 0.0556112 0.991596
171 525 5.9 28465 205.369 0.0600997 1.08794
172 543 5.9 26347 224.564 0.0548381 1.08106
173 543 5.9 26845 204.471 0.0563279 1.00638
174 536 5.9 26526 240.933 0.0545369 1.21218
175 528 5.9 28794 237.458 0.0598847 1.06829
176 535 5.9 25807 231.508 0.0535992 1.066
177 536 5.9 26316 220.282 0.054783 0.932891
178 542 5.74046 26749 255.769 0.0548672 1.06889
179 546 5.9 28484 272.083 0.0588523 1.12365
180 524 5.9 25518 206.461 0.0532215 1.08099
181 539 6.1286 26020 260.752 0.0536655 1.09054
182 533 5.79335 25606 254.217 0.0520755 1.29893
183 528 5.9 28066 240.102 0.0582783 0.990011
184 538 5.9 25274 263.488 0.0518579 1.13208
185 536 5.9 24865 256.268 0.0513222 1.05309
186 528 5.9 25884 289.705 0.052777 1.17073
187 540 5.9 27603 250.304 0.0569616 1.17647
188 534 6.46109 26629 255.525 0.0552145 0.958056
189 534 5.9 27502 267.249 0.05664 1.08384
190 537 5.9 26954 240.521 0.0560255 1.00118
191 548 5.9 29179 277.798 0.0602721 1.1158
