0 533 0 455598 0 0 0
1 520 0 476650 0 0 0
2 538 0 463806 0 0 0
3 538 0 437857 0 0 0
4 533 0 463304 0 0 0
5 537 0 403737 0 0 0
6 530 0 472521 0 0 0
7 528 0 469119 0 0 0
8 534 0 440888 0 0 0
9 523 0 419440 0 0 0
10 522 0 456570 0 0 0
11 530 0 473812 0 0 0
12 534 0 474132 0 0 0
13 523 0 447785 0 0 0
14 526 0 445766 0 0 0
15 524 0 476015 0 0 0
16 534 0 475388 0 0 0
17 523 0 475389 0 0 0
18 525 0 447915 0 0 0
19 527 0 464365 0 0 0
20 532 0 477750 0 0 0
21 532 0 468675 0 0 0
22 530 0 429305 0 0 0
23 521 0 478441 0 0 0
24 536 0 469926 0 0 0
25 535 0 472964 0 0 0
26 528 0 455890 0 0 0
27 533 0 443618 0 0 0
28 531 0 402443 0 0 0
29 533 0 452301 0 0 0
30 535 0 463956 0 0 0
31 524 0 474236 0 0 0
32 531 0 481763 0 0 0
33 528 0 466899 0 0 0
34 522 0 478312 0 0 0
35 519 0 443784 0 0 0
36 526 0 449060 0 0 0
37 529 0 433382 0 0 0
38 532 0 458994 0 0 0
39 525 0 475899 0 0 0
40 519 0 470503 0 0 0
41 513 0 468320 0 0 0
42 527 0 417015 0 0 0
43 533 0 477550 0 0 0
44 532 0 415993 0 0 0
45 538 0 467282 0 0 0
46 518 0 407493 0 0 0
47 530 0 474521 0 0 0
48 531 0 482375 0 0 0
49 532 0 469008 0 0 0
50 523 0 424354 0 0 0
51 527 0 481034 0 0 0
52 529 0 443076 0 0 0
53 521 0 479866 0 0 0
54 531 0 433489 0 0 0
55 532 0 471002 0 0 0
56 523 0 433093 0 0 0
57 523 0 424387 0 0 0
58 535 0 464290 0 0 0
59 515 0 447649 0 0 0
60 533 0 412877 0 0 0
61 527 0 452486 0 0 0
62 522 0 480105 0 0 0
63 531 0 425528 0 0 0
64 507 5.9 28889 283.521 0.0605394 1.23548
65 506 6.11136 28703 262.669 0.0600293 1.33672
66 521 5.9 29353 278.94 0.0614194 1.34195
67 515 5.9 31837 252.693 0.0675503 1.47779
68 509 5.95346 26060 292.238 0.0540361 1.38416
69 510 5.58184 27205 264.543 0.0566187 1.34043
70 513 6.11623 26423 292.85 0.0551877 1.13766
71 514 5.9 31358 265.96 0.0661963 1.28886
72 515 6.14378 22435 304.71 0.0462132 1.26001
73 521 5.9 25115 285.528 0.0520138 1.21328
74 517 5.9 23213 294.22 0.0479833 1.2301
75 516 5.9 30587 288.182 0.0638793 1.29932
76 519 5.9 21851 296.299 0.0450565 1.16367
77 514 5.80451 21055 282.46 0.0434171 1.30096
78 518 4.23377 24893 305.446 0.0447626 1.22262
79 515 5.9 28627 268.929 0.0601763 1.2207
80 520 5.9 22045 308.218 0.0453698 1.09834
81 524 7.44067 21207 299.117 0.0443227 1.16951
82 520 5.9 20368 268.182 0.0421519 1.11065
83 510 7.0261 28120 272.114 0.0595129 1.26018
84 513 5.9 21615 290.185 0.0447853 1.16223
85 515 6.02939 24575 283.076 0.0509215 1.2191
86 511 5.9 22344 280.221 0.0459386 1.24797
87 521 7.11894 30551 287.946 0.0645001 1.33233
88 514 5.59064 25620 262.158 0.0534254 1.21999
89 517 5.92985 27441 258.099 0.0573143 1.32306
90 517 5.9 25816 266.91 0.0535999 1.33025
91 520 5.9 31146 269.325 0.065525 1.263
92 517 5.9 29253 255.925 0.0614949 1.26546
93 506 5.9 30081 255.702 0.062833 1.45765
94 513 5.73896 29520 248.042 0.0621471 1.18431
95 519 5.9 33229 263.093 0.0703229 1.46461
96 511 6.06579 29485 274.255 0.0617496 1.29553
97 521 5.9 28798 268.089 0.0601374 1.27762
98 515 5.61702 30264 279.877 0.0633505 1.28422
99 510 5.9 29102 278.582 0.061022 1.2059
100 521 5.9 26946 284.632 0.0561142 1.31568
101 523 5.52217 26216 264.281 0.0546179 1.22818
102 516 6.85636 27505 311.643 0.057609 1.29935
103 515 5.9 26803 300.834 0.0556657 1.12062
104 512 6.55835 24261 298.852 0.050216 1.19965
105 523 5.9 27430 320.544 0.0567396 1.29553
106 514 5.9 26326 310.618 0.0542682 1.1752
107 521 5.9 28617 294.245 0.0598979 1.22988
108 511 7.20368 23399 311.711 0.048754 1.17142
109 509 5.9 26647 330.474 0.053993 1.39396
110 513 5.9 25451 291.954 0.0527492 1.15844
111 516 5.9 28692 322.197 0.0597051 1.29615
112 522 7.19814 24658 310.24 0.0514363 1.15978
113 524 5.9 26446 325.33 0.0541585 1.47683
114 517 6.29558 25692 296.036 0.0535237 1.13246
115 517 5.9 28615 313.855 0.0595045 1.36957
116 514 5.9 25517 299.714 0.0523053 1.41367
117 520 6.30185 26134 302.008 0.0542271 1.30914
118 514 6.70546 25953 320.694 0.0542056 1.28305
119 512 5.9 27782 295.898 0.0580713 1.22903
120 512 6.33 26737 285.401 0.0561125 1.16184
121 516 5.9 26336 323.205 0.0547466 1.14714
122 519 6.38922 26777 310.748 0.0559892 1.26882
123 511 5.9 26503 283.983 0.0553286 1.20351
124 519 5.9 28960 269.635 0.0609163 1.0703
125 513 6.482 27459 288.519 0.0573127 1.26945
126 521 6.3504 28444 287.095 0.059538 1.28999
127 507 5.9 28456 315.416 0.0594372 1.32888
128 482 5.9 24624 220.195 0.0515868 1.20603
129 485 5.9 25448 233.868 0.053144 1.17637
130 479 5.16324 25002 225.637 0.0519025 1.17203
131 476 5.9 27139 210.896 0.0574293 1.32141
132 480 5.9 20524 248.793 0.0423658 1.22207
133 479 5.9 22466 245.103 0.0463298 1.17621
134 482 5.21601 20668 244.346 0.0426183 1.09834
135 480 5.9 26297 233.829 0.0549673 1.29793
136 478 5.9 17367 284.113 0.0353548 1.0873
137 481 5.9 18897 230.159 0.0391363 1.18399
138 483 5.9 17684 246.396 0.0362989 1.1287
139 479 5.9 24705 242.264 0.0516005 1.1813
140 479 4.21766 18041 263.891 0.0359774 1.09634
141 488 5.9 16359 240.884 0.0336282 1.13785
142 483 6.10904 16558 265.801 0.0339689 1.12366
143 474 5.9 23369 217.205 0.0491971 1.16302
144 487 4.9629 17783 245.34 0.0363656 1.10783
145 481 5.9 16860 234.139 0.0348525 1.10396
146 487 5.9 16972 252.274 0.0350179 0.992297
147 488 5.9 22694 210.428 0.0478422 1.17771
148 478 5.9 17927 265.254 0.036546 1.30979
149 478 5.78377 17739 238.957 0.0366863 1.09376
150 485 5.13444 17675 216.701 0.0364868 1.13378
151 485 5.9 23723 225.339 0.0497471 1.22984
152 478 5.9 20767 233.624 0.0429961 1.20502
153 483 5.9 21309 242.563 0.0439538 1.26668
154 487 5.9 19545 246.112 0.0403088 1.11428
155 479 5.9 25426 210.04 0.0535624 1.25159
156 486 5.9 25997 234.79 0.0544285 1.33734
157 478 5.9 24878 207.392 0.0521051 1.25825
158 484 5.9 24476 224.858 0.0510478 1.09086
159 486 5.9 27317 220.856 0.0579877 1.24392
160 487 5.9 25813 235.003 0.0541206 1.12776
161 487 4.80048 25770 259.798 0.053213 1.35118
162 484 5.9 25953 241.091 0.0542416 1.31761
163 486 5.9 27825 278.29 0.0584302 1.28963
164 489 5.9 23240 260.464 0.0483956 1.12359
165 473 5.9 24935 274.493 0.052239 1.2308
166 476 5.9 23818 257.889 0.0493355 1.39045
167 488 5.9 26112 292.564 0.0545181 1.20566
168 486 5.22456 20358 276.679 0.0417428 1.17275
169 474 5.9 24526 278.657 0.0510459 1.23098
170 482 5.59149 23425 269.623 0.0484212 1.24798
171 487 5.9 26788 271.211 0.0559421 1.32222
172 484 5.73616 19810 279.416 0.0406027 1.1093
173 476 5.77808 23660 278.767 0.0491032 1.27373
174 483 5.9 21494 275.073 0.0445151 1.13294
175 482 5.9 27083 298.81 0.0566018 1.25118
176 484 5.9 19434 248.689 0.0399865 1.23374
177 476 6.12478 24021 288.205 0.0500426 1.22433
178 486 5.55501 21371 272.934 0.0441809 1.05711
179 479 5.9 27122 281.741 0.0565645 1.28747
180 477 5.4835 19589 264.823 0.0403181 1.15026
181 481 5.54069 24685 285.434 0.0511532 1.23626
182 489 5.92253 22414 300.772 0.0461993 1.16184
183 481 5.9 26704 272.396 0.0556388 1.32345
184 482 5.9 22337 266.717 0.0462588 1.06744
185 475 5.9 23505 257.335 0.0487305 1.26617
186 485 5.9 24276 274.719 0.0504352 1.14665
187 474 5.9 25314 268.871 0.0525065 1.31246
188 483 5.9 25346 231.939 0.0528368 1.21947
189 483 5.9 25280 263.635 0.0526621 1.17199
190 483 5.9 26025 254.637 0.0543486 1.20376
191 475 5.9 27349 256.412 0.0574964 1.16566
