0 553 0 474425 0 0 0
1 552 0 405601 0 0 0
2 561 0 411139 0 0 0
3 564 0 464621 0 0 0
4 569 0 461719 0 0 0
5 563 0 400532 0 0 0
6 554 0 419505 0 0 0
7 559 0 452222 0 0 0
8 552 0 450668 0 0 0
9 560 0 466440 0 0 0
10 557 0 459402 0 0 0
11 559 0 469932 0 0 0
12 561 0 424959 0 0 0
13 566 0 460472 0 0 0
14 568 0 438357 0 0 0
15 565 0 422953 0 0 0
16 554 0 408354 0 0 0
17 564 0 430194 0 0 0
18 569 0 436641 0 0 0
19 563 0 476643 0 0 0
20 570 0 438711 0 0 0
21 573 0 454269 0 0 0
22 567 0 459563 0 0 0
23 564 0 442466 0 0 0
24 566 0 441684 0 0 0
25 557 0 457467 0 0 0
26 569 0 457837 0 0 0
27 562 0 422843 0 0 0
28 557 0 462541 0 0 0
29 558 0 406731 0 0 0
30 564 0 421334 0 0 0
31 560 0 470016 0 0 0
32 560 0 473398 0 0 0
33 568 0 471310 0 0 0
34 566 0 438534 0 0 0
35 557 0 466286 0 0 0
36 559 0 464531 0 0 0
37 562 0 472853 0 0 0
38 561 0 460281 0 0 0
39 573 0 473128 0 0 0
40 555 0 438746 0 0 0
41 566 0 439816 0 0 0
42 569 0 478940 0 0 0
43 547 0 470874 0 0 0
44 559 0 468651 0 0 0
45 569 0 445073 0 0 0
46 562 0 461962 0 0 0
47 565 0 465702 0 0 0
48 558 0 426375 0 0 0
49 564 0 474822 0 0 0
50 553 0 449890 0 0 0
51 561 0 462596 0 0 0
52 558 0 439093 0 0 0
53 557 0 455241 0 0 0
54 561 0 466801 0 0 0
55 555 0 458293 0 0 0
56 556 0 464670 0 0 0
57 564 0 429529 0 0 0
58 558 0 466479 0 0 0
59 555 0 460515 0 0 0
60 551 0 411817 0 0 0
61 555 0 443579 0 0 0
62 561 0 478544 0 0 0
63 561 0 477003 0 0 0
64 540 5.9 26562 219.51 0.0563867 1.06063
65 546 6.02032 26664 229.223 0.0562627 1.06817
66 538 5.9 27163 223.016 0.0572788 1.12166
67 546 5.9 29316 233.679 0.0622163 1.22811
68 545 5.04861 25903 234.134 0.0540263 1.13742
69 540 5.44965 25833 235.824 0.0535641 1.21824
70 535 6.14705 26178 260.363 0.0545438 1.11501
71 542 5.9 28753 247.734 0.0601974 1.21502
72 537 5.9 24239 246.241 0.0505006 1.07901
73 532 6.06551 26053 236.459 0.0548114 1.20198
74 542 5.92905 25055 263.977 0.0522217 1.01218
75 541 5.9 29055 230.461 0.0613119 1.2127
76 554 5.19642 24432 248.015 0.0506159 1.07849
77 551 6.00882 25881 237.252 0.0543 1.16747
78 539 5.93168 25391 258.455 0.05267 1.15572
79 545 6.17458 29085 249.473 0.0609832 1.31096
80 544 6.10119 24447 267.72 0.0506211 1.17783
81 546 5.9 25358 258.255 0.0527391 1.10823
82 551 5.69571 24456 237.023 0.0508193 1.21149
83 537 5.9 29017 255.266 0.0607473 1.22265
84 545 5.68607 23293 264.055 0.0478335 1.2868
85 537 6.25892 24942 248.262 0.051895 1.22644
86 543 5.9 24024 248.518 0.0497865 1.21314
87 543 6.18604 28412 240.782 0.0599274 1.0802
88 543 5.46093 25303 253.735 0.0523893 1.29334
89 528 6.13486 25476 246.652 0.0530387 1.10867
90 539 5.9 25307 243.236 0.052782 1.15964
91 538 5.9 27996 214.254 0.0593941 1.13077
92 540 5.9 26885 247.723 0.0562203 1.18483
93 535 5.74907 26415 222.87 0.0552537 1.18351
94 539 5.89505 26494 232.423 0.0553931 1.17216
95 540 5.9 30417 226.874 0.0649899 1.07043
96 539 5.9 26659 213.071 0.0560239 1.11964
97 545 5.3224 26520 231.439 0.05531 1.16742
98 541 5.9 27082 221.264 0.0569386 1.22978
99 534 5.9 28802 262.96 0.0601148 1.22591
100 534 6.46854 25031 279.937 0.052141 1.07675
101 543 6.31098 24115 259.195 0.0500334 1.16454
102 547 5.71451 25083 255.887 0.0521232 1.19103
103 544 5.9 25932 258.578 0.0536133 1.28688
104 532 5.9424 24265 247.977 0.0502962 1.1267
105 548 4.46964 25913 238.656 0.0508473 1.05907
106 536 5.53156 24391 250.96 0.0505107 1.20115
107 536 5.9 27020 256.897 0.0562913 1.24684
108 536 5.97141 24083 247.985 0.0500653 1.09109
109 542 5.9 24712 259.094 0.051428 1.17461
110 537 6.42315 24371 261.777 0.050743 1.18359
111 537 5.9 27343 281.53 0.0567463 1.24936
112 546 5.9 24614 236.538 0.0517835 0.92173
113 541 6.41955 24864 254.587 0.0521437 1.06526
114 536 5.9 24489 263.124 0.0505649 1.18162
115 543 5.9 27390 293.119 0.0565824 1.18518
116 541 5.9 25042 264.218 0.0517239 1.18021
117 542 6.44865 23654 259.864 0.0491803 1.23934
118 550 5.9 24735 276.163 0.0510796 1.13312
119 536 5.9 26948 272.12 0.0560328 1.04834
120 538 5.91151 25616 261.998 0.0535191 1.12313
121 535 6.22978 24126 265.084 0.0501244 1.11744
122 549 6.07143 24662 256.424 0.0512912 1.14804
123 543 5.9 26051 254.017 0.0545046 1.03708
124 537 6.15424 26594 245.474 0.0555368 1.17619
125 548 5.9 26271 285.337 0.0539273 1.21026
126 540 7.45363 25990 264.888 0.0547404 1.09578
127 545 5.9 27225 282.487 0.0566266 1.07196
128 545 5.9 24897 253.729 0.0519167 1.08968
129 548 5.9 24806 228.433 0.0518051 1.14173
130 557 5.9 25245 249.266 0.0525873 1.20758
131 549 5.9 27657 236.105 0.0582105 1.28642
132 560 5.9 23598 240.888 0.0492758 1.13861
133 557 6.26275 22916 271.305 0.0473241 1.22493
134 557 5.49058 23625 240.872 0.0489796 1.15572
135 566 5.9 26196 268.692 0.0543923 1.29982
136 549 5.9 22333 230.462 0.0465385 1.17818
137 555 5.67364 23336 239.582 0.0483499 1.27592
138 564 6.63518 22773 209.419 0.0475437 1.25028
139 561 5.9 26942 236.233 0.0563874 1.36156
140 544 5.9 23439 263.35 0.0486608 1.09243
141 564 5.9 23734 232.678 0.0493486 1.30667
142 557 5.9 23410 251.592 0.0485637 1.11732
143 561 5.9 27603 243.237 0.0580824 1.20362
144 552 5.9 23571 241.498 0.0490769 1.18693
145 561 5.9 23929 211.255 0.0503094 1.21059
146 553 5.9 24301 249.404 0.0503994 1.20336
147 550 5.9 27459 247.622 0.0573087 1.35453
148 559 5.9 23048 239.265 0.048228 1.13379
149 555 5.9 24633 235.812 0.0513879 1.19237
150 559 5.97144 24222 237.678 0.0505957 1.14613
151 549 5.9 27990 234.471 0.0587143 1.2546
152 559 5.9 24403 248.045 0.0507688 1.30459
153 553 5.9 24071 233.478 0.0500071 1.26754
154 557 5.9 24137 227.524 0.0502878 1.24842
155 552 5.9 26552 222.69 0.0556774 1.39888
156 549 5.9 26259 217.756 0.0553975 1.28732
157 558 5.9 25742 240.974 0.0536832 1.18562
158 557 5.9 25995 230.796 0.0544783 1.22314
159 556 5.9 29139 237.567 0.0614446 1.36834
160 551 5.9 25687 233.54 0.0538117 1.10084
161 553 5.9 25481 237.503 0.0531558 1.16774
162 564 5.80213 25563 256.934 0.0531379 1.20952
163 562 5.9 27847 259.809 0.0580101 1.26444
164 553 5.9 24903 246.249 0.0517778 1.20242
165 553 6.0046 24259 248.174 0.0504037 1.19668
166 545 5.9 24632 239.112 0.0514599 1.19745
167 555 5.9 25539 272.304 0.0529251 1.16104
168 559 5.9 23691 242.866 0.04908 1.17728
169 547 6.06866 24157 250.921 0.0505154 1.0062
170 551 5.88555 24727 254.11 0.0513575 1.25566
171 560 5.9 25893 268.706 0.0535246 1.26048
172 558 5.9 23893 228.79 0.0498083 1.12348
173 554 6.3334 23617 251.644 0.0491611 1.22833
174 547 5.9 23594 247.951 0.0492699 1.05642
175 556 5.9 25937 260.531 0.053753 1.25993
176 554 5.9 23349 240.586 0.0484422 1.20367
177 553 5.9 23866 251.265 0.0496198 1.1802
178 558 5.9 22932 229.523 0.0475484 1.25026
179 544 5.9 26143 285.297 0.0541936 1.16675
180 553 5.9 23418 256.895 0.0484113 1.18877
181 563 5.9 23713 252.272 0.0492235 1.15104
182 554 6.11923 23534 279.372 0.0485517 1.20517
183 555 5.9 25668 277.304 0.0531877 1.19533
184 551 5.9 23465 283.496 0.0484803 1.07397
185 549 5.9 23552 264.527 0.0488404 1.11139
186 553 5.9 24107 280.948 0.0497092 1.2035
187 553 5.9 25026 269.441 0.0520308 1.12896
188 549 5.9 24997 257.493 0.0521537 1.03745
189 559 5.9 24826 247.125 0.0519862 1.07837
190 555 5.9 25176 251.444 0.0523547 1.23253
191 547 5.9 26588 262.877 0.0553649 1.2273
