0 448 0 483728 0 0 0
1 449 0 483212 0 0 0
2 455 0 440452 0 0 0
3 457 0 445254 0 0 0
4 450 0 473185 0 0 0
5 450 0 472064 0 0 0
6 448 0 485527 0 0 0
7 453 0 486234 0 0 0
8 451 0 445298 0 0 0
9 451 0 444277 0 0 0
10 446 0 438596 0 0 0
11 450 0 481308 0 0 0
12 441 0 468913 0 0 0
13 451 0 468421 0 0 0
14 452 0 474054 0 0 0
15 454 0 427506 0 0 0
16 446 0 436049 0 0 0
17 457 0 451232 0 0 0
18 445 0 449687 0 0 0
19 451 0 470954 0 0 0
20 454 0 485520 0 0 0
21 460 0 477826 0 0 0
22 449 0 428290 0 0 0
23 445 0 433526 0 0 0
24 451 0 443374 0 0 0
25 451 0 478282 0 0 0
26 455 0 466620 0 0 0
27 451 0 462776 0 0 0
28 446 0 486771 0 0 0
29 456 0 489007 0 0 0
30 448 0 478071 0 0 0
31 455 0 488893 0 0 0
32 445 0 471991 0 0 0
33 455 0 479025 0 0 0
34 452 0 465967 0 0 0
35 450 0 448632 0 0 0
36 446 0 469149 0 0 0
37 449 0 462374 0 0 0
38 444 0 467397 0 0 0
39 457 0 465864 0 0 0
40 452 0 447694 0 0 0
41 452 0 479143 0 0 0
42 453 0 416520 0 0 0
43 454 0 480037 0 0 0
44 446 0 482751 0 0 0
45 437 0 471380 0 0 0
46 449 0 484335 0 0 0
47 442 0 470095 0 0 0
48 452 0 465914 0 0 0
49 451 0 455978 0 0 0
50 449 0 486823 0 0 0
51 452 0 482300 0 0 0
52 455 0 458825 0 0 0
53 452 0 434331 0 0 0
54 456 0 490085 0 0 0
55 455 0 471020 0 0 0
56 450 0 465773 0 0 0
57 450 0 480526 0 0 0
58 461 0 493516 0 0 0
59 460 0 438608 0 0 0
60 449 0 489552 0 0 0
61 455 0 479732 0 0 0
62 451 0 442103 0 0 0
63 449 0 468038 0 0 0
64 499 5.9 28085 246.278 0.059168 1.40567
65 509 6.14128 27306 283.472 0.05703 1.29085
66 509 5.9 27704 252.746 0.0578688 1.51056
67 499 6.58596 31110 290.346 0.0657736 1.3464
68 507 5.46232 27245 272.335 0.0569429 1.39021
69 509 4.25612 27815 288.612 0.0542734 1.25127
70 505 5.16631 26591 262.178 0.0551561 1.30684
71 498 5.9 29534 264.094 0.0620567 1.35169
72 513 5.07002 26608 258.525 0.0553857 1.41565
73 503 5.9 27014 277.317 0.0564573 1.33859
74 516 5.26419 26227 262.323 0.0548376 1.29838
75 502 6.14707 30092 274.969 0.0636096 1.31088
76 502 5.39798 25953 279.676 0.0538939 1.2817
77 513 5.9 26374 268.669 0.055383 1.32446
78 504 5.9 26663 258.623 0.0558423 1.37327
79 502 5.9 30550 264.883 0.0644315 1.48477
80 512 5.9 26176 255.998 0.0548679 1.396
81 511 5.29015 26241 266.411 0.0547375 1.27283
82 516 5.9 25282 256.654 0.0530772 1.30723
83 506 6.2971 29867 267.277 0.0632171 1.34892
84 514 5.9 25328 273.726 0.0530131 1.2618
85 516 5.47354 26020 266.963 0.0543076 1.26046
86 504 5.35457 25642 287.131 0.0531536 1.3561
87 510 5.77471 30267 261.418 0.0636986 1.36809
88 502 5.07974 26727 277.229 0.055566 1.28939
89 510 5.8461 25854 280.11 0.0537254 1.21757
90 503 5.85618 26507 282.89 0.0552129 1.34384
91 500 5.96185 30057 284.626 0.0630499 1.30178
92 500 5.9 28309 278.08 0.0588469 1.30033
93 505 5.9 27913 273.253 0.0582062 1.26883
94 501 5.72739 28197 263.961 0.0587675 1.26655
95 511 5.9 32104 300.657 0.0674635 1.27475
96 497 5.9 29069 256.632 0.0608699 1.27963
97 505 5.9 29424 250.938 0.0616716 1.35338
98 502 5.86383 29701 267.759 0.0621503 1.20701
99 507 5.9 31054 280.073 0.0651245 1.2388
100 505 5.9 26744 257.473 0.0562544 1.24709
101 513 5.65868 26726 285.751 0.0556175 1.32787
102 504 5.53162 26994 275.219 0.0562465 1.31414
103 499 5.9 28771 305.891 0.0596303 1.26127
104 498 5.9 26135 265.751 0.0547587 1.35986
105 502 5.9 27250 276.75 0.0571027 1.28641
106 507 5.48811 25921 268.63 0.0541494 1.23081
107 511 5.9 30181 275.691 0.0634084 1.29622
108 513 4.66134 25831 254.84 0.0536339 1.23971
109 511 5.23281 26845 268.959 0.0558461 1.3285
110 507 4.81842 26139 229.562 0.054538 1.32921
111 504 5.9 29637 286.564 0.0617841 1.35858
112 502 5.9 26316 239.506 0.0554381 1.29554
113 508 5.9 26645 279.705 0.0557893 1.30169
114 508 5.9 26156 255.574 0.054846 1.34565
115 511 5.9 29978 314.345 0.0626457 1.16378
116 506 5.22334 26340 258.525 0.0549995 1.23237
117 512 5.28805 26769 285.694 0.0553891 1.32353
118 503 5.9 26363 284.041 0.0549843 1.31482
119 511 4.25571 29530 286.258 0.0605228 1.1836
120 509 4.88086 26976 275.617 0.0562402 1.22189
121 504 5.9 26077 265.872 0.0542342 1.23478
122 514 5.11805 26678 245.566 0.0556956 1.33406
123 502 5.9 27965 288.829 0.0581063 1.22432
124 505 5.9 27748 251.785 0.0583619 1.20107
125 511 5.9 27663 255.733 0.0578453 1.32741
126 508 5.62035 27436 249.121 0.0574301 1.21239
127 509 5.9 29803 297.556 0.0620407 1.41681
128 485 5.9 26119 235.026 0.0545383 1.12047
129 490 5.9 25865 236.258 0.0538029 1.26349
130 481 5.9 26067 264.371 0.054023 1.23895
131 480 5.9 27890 239.514 0.0590453 1.22582
132 493 5.9 23833 243.776 0.0494382 1.19925
133 482 5.9 23670 256.36 0.0488807 1.26995
134 481 5.9 24051 242.128 0.049988 1.22675
135 484 5.9 26930 229.916 0.0565759 1.41558
136 482 5.9 23013 235.485 0.0478842 1.24094
137 489 5.9 23751 231.768 0.0494139 1.29926
138 485 4.92826 24279 232.842 0.0503149 1.23842
139 491 5.9 27244 236.76 0.0572002 1.41645
140 495 5.9 23722 206.11 0.0495334 1.24903
141 485 5.9 24063 252.514 0.050155 1.20167
142 497 4.91434 23882 226.317 0.0494924 1.32469
143 494 5.9 28051 218.478 0.0592792 1.33736
144 489 5.9 24452 246.178 0.0509657 1.18275
145 488 5.33969 24766 228.283 0.0518517 1.25235
146 489 5.9 24838 246.532 0.051743 1.32376
147 479 5.9 27494 244.111 0.0576708 1.29777
148 487 5.9 23460 234.217 0.0490251 1.24231
149 495 5.9 24331 226.515 0.0506833 1.37604
150 484 5.9 24603 241.033 0.0511593 1.34567
151 493 5.9 28415 245.292 0.0598655 1.20758
152 482 5.9 24966 243.798 0.051958 1.2142
153 492 5.9 23920 251.754 0.0495453 1.30647
154 485 5.9 24522 256.987 0.0509041 1.27856
155 487 5.9 27078 231.726 0.057062 1.31116
156 496 5.9 26953 217.796 0.0568299 1.21984
157 486 5.9 26099 228.761 0.0545668 1.24341
158 493 5.9 26638 234.915 0.0556858 1.33945
159 493 5.9 29302 260.778 0.0613632 1.2267
160 493 5.9 26313 229.086 0.0550425 1.26124
161 488 5.9 27213 233.709 0.0569382 1.30263
162 495 5.9 26692 227.564 0.0558087 1.26395
163 490 5.9 30192 219.885 0.0637617 1.33177
164 494 5.9 25293 232.789 0.0527317 1.28591
165 496 4.06197 25608 226.548 0.0521825 1.24719
166 478 5.42822 24973 223.361 0.0516592 1.11325
167 491 5.9 28318 244.472 0.0593333 1.19816
168 490 5.9 24659 261.648 0.0512691 1.17893
169 487 5.9 25175 236.293 0.0528724 1.23522
170 491 5.9 25390 226.568 0.053141 1.29843
171 495 5.9 28805 239.162 0.0603919 1.42244
172 489 5.26454 24660 233.166 0.0511122 1.24856
173 494 5.24952 24791 239.248 0.0515727 1.27636
174 478 5.9 24640 222.85 0.0517113 1.30832
175 483 5.9 29009 227.919 0.060916 1.39425
176 489 4.80458 23989 233.341 0.0495722 1.2027
177 475 5.9 25078 214.436 0.0526862 1.2445
178 491 5.9 24591 222.212 0.0515255 1.21087
179 485 5.9 28838 219.262 0.0605627 1.44824
180 483 5.9 23790 235.201 0.0495625 1.14961
181 483 5.9 24981 256.491 0.0520818 1.31976
182 493 5.9 24497 250.749 0.0511077 1.07595
183 485 5.9 28971 214.601 0.0612925 1.31181
184 489 5.9 24580 268.783 0.0507827 1.17073
185 491 5.9 24274 253.276 0.050136 1.37042
186 485 5.9 24589 266.077 0.050983 1.17446
187 483 5.9 27838 242.254 0.0581968 1.33818
188 489 5.9 26411 253.312 0.0547259 1.29397
189 480 5.9 26696 248.114 0.0555831 1.25315
190 480 5.9 26805 259.976 0.0557525 1.2854
191 485 5.9 30126 273.187 0.062965 1.38673
