0 559 0 475636 0 0 0
1 552 0 428901 0 0 0
2 548 0 453254 0 0 0
3 545 0 410853 0 0 0
4 557 0 473580 0 0 0
5 555 0 445679 0 0 0
6 558 0 403171 0 0 0
7 549 0 450886 0 0 0
8 559 0 469135 0 0 0
9 548 0 415252 0 0 0
10 552 0 400828 0 0 0
11 546 0 463246 0 0 0
12 548 0 470009 0 0 0
13 552 0 430495 0 0 0
14 548 0 474073 0 0 0
15 551 0 428818 0 0 0
16 554 0 433967 0 0 0
17 552 0 469111 0 0 0
18 544 0 447172 0 0 0
19 554 0 447396 0 0 0
20 545 0 443334 0 0 0
21 544 0 409582 0 0 0
22 553 0 449272 0 0 0
23 554 0 475790 0 0 0
24 557 0 400874 0 0 0
25 557 0 432574 0 0 0
26 550 0 463267 0 0 0
27 555 0 400064 0 0 0
28 544 0 459711 0 0 0
29 549 0 464837 0 0 0
30 537 0 444512 0 0 0
31 540 0 433544 0 0 0
32 551 0 434985 0 0 0
33 540 0 461764 0 0 0
34 544 0 473492 0 0 0
35 558 0 410094 0 0 0
36 553 0 414818 0 0 0
37 556 0 443720 0 0 0
38 548 0 472181 0 0 0
39 545 0 478621 0 0 0
40 564 0 456081 0 0 0
41 545 0 433773 0 0 0
42 549 0 446223 0 0 0
43 557 0 451585 0 0 0
44 541 0 399748 0 0 0
45 539 0 462395 0 0 0
46 551 0 438491 0 0 0
47 555 0 449921 0 0 0
48 555 0 416464 0 0 0
49 554 0 451252 0 0 0
50 552 0 420686 0 0 0
51 544 0 456284 0 0 0
52 552 0 429114 0 0 0
53 552 0 415579 0 0 0
54 558 0 406595 0 0 0
55 555 0 436465 0 0 0
56 548 0 418691 0 0 0
57 539 0 423699 0 0 0
58 551 0 440097 0 0 0
59 550 0 444622 0 0 0
60 557 0 423418 0 0 0
61 554 0 468331 0 0 0
62 556 0 420909 0 0 0
63 550 0 441299 0 0 0
64 444 5.9 26882 139.658 0.0582761 0.922417
65 435 5.9 28499 167.352 0.0610922 1.16814
66 450 4.68957 28290 139.017 0.0604784 1.24696
67 441 5.9 30472 178.087 0.065978 1.11134
68 441 5.9 25483 164.516 0.0542891 1.20203
69 440 5.9 26066 168.267 0.0560263 1.11118
70 441 5.9 25936 160.096 0.0554717 1.27728
71 448 4.81955 30652 188.826 0.0647884 1.27568
72 448 5.9 23917 147.509 0.0522872 0.846164
73 448 5.9 26686 168.348 0.0569793 1.19201
74 432 4.50496 25862 159.346 0.054548 1.12591
75 446 5.9 30245 163.311 0.0662591 1.12754
76 443 5.9 23652 135.472 0.0521597 1.05904
77 451 4.9314 25783 154.475 0.0549829 1.08968
78 445 5.9 24421 133.745 0.0536188 1.03736
79 450 5.9 29157 184.681 0.0622225 1.24869
80 441 5.9 24018 146.685 0.0522987 1.00345
81 445 5.9 25275 148.123 0.0551269 1.05687
82 444 5.9 24177 152.646 0.0518272 0.957852
83 438 5.9 28862 175.123 0.0617666 1.18273
84 447 4.62406 23243 152.247 0.0494174 1.04166
85 454 4.53752 26320 157.851 0.0553773 1.13198
86 447 5.9 24383 145.205 0.0525792 0.944229
87 436 5.9 29813 174.374 0.0644772 1.04992
88 440 4.63939 25242 172.049 0.0528253 1.20912
89 440 4.90843 26894 167.509 0.0567484 1.1608
90 448 5.9 25721 142.8 0.056231 1.15496
91 443 5.9 29941 173.823 0.0645674 1.19562
92 446 5.9 27228 161.532 0.0585148 1.08589
93 442 5.9 28093 151.02 0.0606659 1.05257
94 452 5.9 27454 153.57 0.0600398 1.03115
95 446 5.9 30109 181.812 0.0652073 1.10182
96 441 5.9 27701 150.537 0.0594807 1.19804
97 449 5.9 28367 146.95 0.0618064 1.08661
98 449 5.9 28380 152.305 0.0613294 1.12632
99 447 5.9 29910 184.61 0.0638226 1.12414
100 455 5.9 25406 149.81 0.0547181 1.08659
101 437 4.04031 26391 172.028 0.0549244 1.24118
102 447 5.9 26298 168.523 0.0558733 1.14295
103 442 5.9 28450 172.27 0.060543 1.15683
104 448 5.9 23811 147.924 0.0513902 1.02587
105 445 5.9 25364 149.785 0.0542152 1.19871
106 444 5.9 24375 149.182 0.0521557 1.26693
107 435 5.9 28020 161.485 0.0601242 1.01918
108 449 5.9 24004 154.189 0.0510892 1.01679
109 451 5.9 24817 144.505 0.0530072 1.09762
110 442 5.9 24513 152.019 0.0521288 1.06679
111 441 5.9 27292 156.011 0.0586876 1.03815
112 450 5.9 23890 144.526 0.0520952 0.920739
113 438 5.9 25370 139.5 0.0555341 0.930618
114 440 5.9 24426 147.496 0.052717 1.0186
115 438 5.9 27653 160.099 0.0587873 1.19382
116 444 4.5494 24453 144.514 0.0518767 1.14521
117 445 5.9 25099 142.049 0.0539955 1.26705
118 432 5.9 24627 157.921 0.0520295 1.17234
119 433 5.9 27340 160.109 0.0590237 1.05661
120 449 5.9 25567 160.515 0.0548461 1.09785
121 442 5.9 25269 151.616 0.0544642 1.01098
122 452 5.9 26132 151.385 0.0562643 1.14831
123 443 5.9 26640 158.086 0.0572766 1.05381
124 443 5.9 27016 142.917 0.0592152 1.01158
125 445 5.9 27906 139.986 0.0601709 1.10666
126 444 5.9 27738 149.263 0.0593486 1.09908
127 450 5.9 29196 149.795 0.0636171 1.02523
128 535 5.9 25436 215.66 0.0533353 1.13817
129 537 5.9 25718 217.006 0.0537766 1.17939
130 535 6.16652 26067 232.037 0.0545478 1.15354
131 530 5.9 27277 225.173 0.0580778 1.07963
132 529 5.9 23402 235.394 0.0488216 1.13429
133 542 5.9 23894 220.655 0.0496758 1.12524
134 530 7.25342 23738 247.288 0.0497104 1.18959
135 532 5.9 26484 238.127 0.055279 1.26807
136 528 5.61906 22692 236.212 0.0471928 1.08486
137 547 6.3045 23810 222.052 0.0496492 1.23127
138 531 5.71532 24993 243.392 0.050312 1.92817
139 526 5.9 26674 237.79 0.0560111 1.16352
140 535 5.9 23322 246.717 0.048344 1.16672
141 534 5.9 23728 223.331 0.0491798 1.34183
142 531 6.62746 23068 233.82 0.048278 1.09292
143 532 5.9 27055 220.513 0.0569267 1.29114
144 521 6.48019 21907 250.767 0.0455316 1.29102
145 537 5.9 24421 222.381 0.0509359 1.29538
146 534 5.90978 24101 218.603 0.0503512 1.15954
147 534 5.42498 26667 207.395 0.0562241 1.15926
148 540 5.9 23146 228.945 0.0485724 1.18377
149 522 6.86144 24898 219.44 0.0524851 1.27004
150 540 6.13285 24503 227.224 0.0512261 1.17956
151 535 5.9 27750 221.055 0.0583316 1.30003
152 527 5.9 24522 255.37 0.050747 1.24879
153 526 5.9 24682 232.488 0.0513647 1.26293
154 538 5.9 24709 216.275 0.0520779 1.10112
155 537 5.9 27293 235.99 0.057505 1.19713
156 528 6.08662 26004 242.257 0.0545893 1.06165
157 529 6.42764 25997 207.318 0.0552121 1.1219
158 533 6.53722 26060 217.482 0.0550731 1.10367
159 534 5.9 28024 213.657 0.0594949 1.20417
160 541 5.9 26134 232.817 0.0545655 1.17136
161 532 5.24256 27457 218.044 0.0574253 1.19832
162 525 5.9 27125 216.622 0.0574477 0.996122
163 534 5.9 31015 251.823 0.0653546 1.22323
164 529 5.9 25374 234.934 0.0529633 1.21437
165 535 5.9 25751 238.391 0.0538287 1.19006
166 531 5.6171 25568 222.611 0.0532259 1.25334
167 531 5.9 28467 254.557 0.0593028 1.17434
168 528 4.81816 25105 250.966 0.0504778 1.15956
169 536 6.48714 25617 259.866 0.0533019 1.23363
170 534 6.54559 25436 268.114 0.0530175 1.19406
171 533 5.9 29068 252.417 0.0607187 1.16752
172 534 5.9 24682 257.966 0.0507516 1.19909
173 553 6.27901 25017 225.206 0.052632 1.05392
174 530 6.36953 24449 247.142 0.0509377 1.06905
175 535 5.9 28855 264.768 0.0601715 1.17231
176 533 5.9 24186 257.32 0.0498629 1.27348
177 540 5.63533 25814 226.834 0.053699 1.19421
178 539 5.9 24432 249.179 0.0504935 1.19916
179 533 5.9 28424 253.801 0.0590905 1.40485
180 544 5.9 23634 230.066 0.0491654 1.20421
181 545 5.9 25082 222.329 0.0521993 1.20768
182 533 5.9 24752 244.206 0.0513145 1.1198
183 532 5.64111 29664 272.469 0.0618191 1.22658
184 537 5.9 24186 218.211 0.0505739 1.14758
185 528 5.64182 25382 233.029 0.0529208 1.2366
186 523 5.88463 25079 239.186 0.0521506 1.22919
187 538 5.9 28162 282.277 0.0583691 1.21307
188 547 4.68987 26742 226.074 0.0551915 1.10297
189 535 5.9 27410 236.755 0.0573367 1.09065
190 533 5.85729 26729 233.103 0.0555916 1.40575
191 541 5.9 29221 239.866 0.0614157 1.34869
