0 551 5.52448 28458 296.883 0.058898 1.09202
1 553 6.48238 28997 271.479 0.0604273 1.02293
2 557 5.9 29003 276.729 0.0601636 1.21226
3 560 5.9 31967 113.464 0.0951057 7.40506
4 553 5.7214 26662 287.982 0.0550567 1.01834
5 556 6.3815 27007 285.968 0.0553154 1.2138
6 563 6.9096 26693 280.228 0.0553545 1.18193
7 556 5.9 31161 203.633 0.0692663 1.19648
8 563 5.9 25974 239.733 0.0540589 0.973914
9 546 5.9 27473 269.442 0.0559387 1.14773
10 545 5.9675 27232 258.718 0.0564913 1.11111
11 548 6.84096 30850 228.158 0.0659108 1.00472
12 555 5.94143 26626 269.491 0.0549992 1.05738
13 555 6.29076 26974 262.511 0.0559211 1.0077
14 565 6.41721 27480 285.86 0.0565191 1.05976
15 557 5.9 31611 251.758 0.0660292 0.977272
16 560 5.61088 26371 267.933 0.0543545 1.07546
17 554 6.87235 26882 283.199 0.0555542 1.00214
18 552 5.9 27263 273.502 0.0561405 1.20344
19 547 5.9 31831 259.02 0.0663518 1.22373
20 562 5.66478 25797 255.641 0.0529383 1.00528
21 560 6.9663 27640 270.035 0.057464 0.992757
22 548 5.9 27553 280.314 0.0561292 1.12439
23 557 7.10757 31605 258.592 0.066781 1.01809
24 554 6.14786 26147 313.976 0.0537506 1.11675
25 552 7.88739 27545 315.108 0.0573776 1.11556
26 562 6.39433 28000 284.199 0.0583539 1.06271
27 555 5.9 31534 256.642 0.0662313 0.970595
28 548 5.95454 28958 292.692 0.0597987 1.11638
29 549 5.9 30465 279.919 0.0630386 1.13133
30 554 6.30013 30530 279.678 0.0633739 1.10057
31 567 5.9 33245 241.654 0.0717865 1.0161
32 552 5.9 29095 298.567 0.0601554 1.01388
33 547 6.32917 28303 278.1 0.0592317 0.952375
34 562 6.10408 28812 281.334 0.0599781 1.10072
35 561 5.9 28778 301.619 0.0592489 1.23017
36 557 4.01137 29196 302.016 0.0539911 1.24514
37 562 6.25984 26173 275.408 0.0546037 1.13949
38 560 5.20564 28037 290.573 0.0570307 1.16909
39 550 5.9 27577 292.222 0.0566294 1.33343
40 559 5.9 26153 250.591 0.0544078 1.05624
41 559 5.9 26520 267.149 0.0548851 1.1708
42 545 6.41437 26169 278.392 0.054301 1.09902
43 550 5.9 28091 271.083 0.0582553 1.10931
44 552 6.27987 25718 277.422 0.0532404 1.09815
45 566 5.80071 26115 241.45 0.054612 1.08392
46 553 6.55178 26470 287.904 0.0542029 1.17677
47 563 5.9 28136 265.558 0.058622 1.11401
48 551 5.9 26088 280.762 0.0540582 1.0499
49 556 5.85823 26346 253.801 0.0545346 1.2038
50 556 6.56116 26347 294.211 0.0543708 1.02248
51 560 5.9 27968 258.757 0.0582556 1.1702
52 556 6.13306 26356 253.975 0.0545713 1.00408
53 563 5.78788 25689 257.176 0.052917 1.22055
54 547 5.9 25710 259.11 0.0530982 1.06712
55 546 5.9 27536 258.755 0.0573437 1.08185
56 565 5.9 26571 294.267 0.0546579 1.10205
57 555 6.45998 24873 284.977 0.0514142 1.19177
58 568 5.9 25814 307.458 0.0527748 1.195
59 552 5.9 26150 273.487 0.0540654 1.06262
60 557 5.6459 28528 310.09 0.058961 1.20353
61 553 6.52216 26944 290.384 0.0561264 1.1729
62 551 6.04914 27490 297.853 0.0569727 1.18508
63 557 5.9 27976 271.218 0.0584051 1.24738
64 521 5.9 28243 189.616 0.060379 1.13972
65 533 5.26538 29044 185.781 0.0613521 1.14751
66 519 5.9 28492 173.871 0.0613619 1.06439
67 514 5.9 31341 147.771 0.0716849 1.20447
68 521 5.9 26457 186.688 0.0564775 1.21875
69 533 3.89318 27970 184.625 0.056739 1.21809
70 518 5.9 26746 200.806 0.0566702 1.11252
71 520 5.9 30785 155.053 0.0676989 1.27437
72 518 5.9 25488 169.868 0.0545011 1.04735
73 514 5.9 27071 162.868 0.0581089 1.03623
74 524 5.9 26673 163.487 0.057289 1.14814
75 523 5.9 30873 157.365 0.0671142 1.13478
76 518 5.9 25459 173.491 0.0541352 1.22388
77 526 5.9 26772 158.112 0.0571622 0.9935
78 528 5.9 26048 161.754 0.0559465 1.00951
79 528 5.9 30879 155.798 0.0677984 1.07591
80 513 5.9 24616 178.612 0.0522765 1.2522
81 515 5.9 26659 150.628 0.0569141 0.957551
82 512 5.9 25694 159.682 0.0553358 1.07556
83 523 5.9 31331 152.011 0.0695617 1.15332
84 519 5.9 25197 176.58 0.053639 1.08147
85 519 5.9 26916 142.9 0.0580165 1.11835
86 521 5.9 26615 155.752 0.0568955 1.01453
87 526 5.9 30777 143.018 0.0685008 1.01229
88 518 5.9 26195 174.857 0.0564737 1.03154
89 509 5.9 25987 170.205 0.0559746 1.07905
90 520 5.9 26021 166.662 0.0555334 1.14265
91 520 5.9 30234 139.821 0.0671489 1.21726
92 515 5.9 28360 154.09 0.0620776 1.14918
93 516 5.9 28521 158.734 0.0611479 1.16757
94 520 5.9 29398 162.557 0.06343 1.28886
95 513 5.9 31271 143.557 0.0698817 1.26379
96 530 5.9 28903 149.726 0.0631512 1.14232
97 522 5.9 26853 177.958 0.0576501 1.17185
98 520 4.54374 29324 171.143 0.0619617 1.11694
99 521 5.9 29498 199.831 0.0630657 1.20555
100 525 5.9 26724 156.945 0.0580064 1.12808
101 518 5.9 25449 188.658 0.0542218 1.07541
102 510 5.9 26632 179.598 0.0567471 1.3444
103 515 5.9 26497 201.379 0.0562456 1.18037
104 518 5.9 25874 174.237 0.0553994 1.04603
105 515 6.373 25621 184.11 0.0542502 1.14574
106 522 5.9 25839 170.84 0.0554736 1.16058
107 518 5.9 27347 188.173 0.0584057 1.11703
108 513 5.9 25840 188.801 0.054981 1.20044
109 525 5.9 25795 162.325 0.0551065 0.976022
110 523 5.9 25394 177.254 0.0541428 1.04121
111 515 5.9 28310 211.841 0.0596895 1.30181
112 526 5.9 25722 170.706 0.0553594 1.03296
113 526 5.6723 25682 169.834 0.0544309 1.00864
114 513 5.9 25914 181.255 0.0548844 1.17996
115 516 5.9 27519 194.983 0.0586002 1.09665
116 508 5.9 26097 175.405 0.0555976 1.03489
117 521 5.9 25770 198.503 0.0539893 1.14845
118 508 5.9 25855 178.795 0.055055 1.1103
119 523 5.9 26290 199.6 0.0555591 1.08038
120 513 5.9 26606 212.086 0.0559924 1.18732
121 524 5.9 24919 201.706 0.0529858 1.10398
122 512 5.9 26307 201.78 0.0556098 1.19214
123 522 5.9 26442 229.047 0.0556714 1.14448
124 533 5.9 28197 203.241 0.0597858 1.24822
125 515 5.9 27410 214.832 0.0579064 1.14054
126 515 5.9 27507 191.803 0.0583577 1.18558
127 513 5.9 27762 214.093 0.0589386 1.22435
128 485 5.9 27485 207.832 0.0577501 0.968991
129 491 5.9 27551 191.376 0.0583591 1.00335
130 475 6.08736 28250 214.327 0.0594662 1.08235
131 485 5.9 28897 89.7394 0.0563689 12.3925
132 477 5.9 24378 219.905 0.050539 1.1275
133 482 5.69712 24654 217.385 0.0510375 1.22946
134 480 5.9 24429 207.539 0.0515269 0.865795
135 479 5.9 28552 164.474 0.0655734 1.66226
136 479 5.9 23767 202.801 0.0498364 1.04856
137 487 5.68528 24616 178.697 0.0516279 1.05177
138 471 5.9 24536 202.688 0.0511829 1.03881
139 479 5.9 28254 138.605 0.0681908 1.81843
140 483 5.26193 24532 214.025 0.0505051 1.25798
141 484 5.2159 24602 165.741 0.0514831 1.02006
142 474 5.9 24940 200.318 0.0519296 1.06848
143 480 5.9 27924 136.613 0.0663486 2.30182
144 477 5.9 23563 204.327 0.0491718 1.04713
145 482 5.9 25402 161.51 0.0529245 0.993431
146 475 5.9 24607 200.731 0.0510097 0.968002
147 478 5.9 27936 127.891 0.0686719 2.8006
148 476 5.9 24365 215.831 0.0506747 1.01838
149 484 5.9 24782 151.844 0.0528431 1.12876
150 471 5.9 24496 190.046 0.0513741 1.01251
151 483 5.9 27542 112.136 0.0740186 3.50668
152 475 5.79491 24323 241.332 0.0500567 1.06972
153 487 6.46809 23806 187.829 0.0508286 1.04868
154 481 5.9 24976 228.09 0.052012 1.04092
155 485 5.9 27768 161.611 0.061614 0.993892
156 473 5.9 26555 231.455 0.0554414 0.943085
157 472 6.44667 27513 218.413 0.0573259 1.11722
158 473 5.9 27684 245.28 0.057326 1.09979
159 476 5.9 26594 141.217 0.0676546 1.03375
160 479 5.9 27253 225.001 0.0568541 1.14381
161 482 5.9 27308 224.778 0.0567573 1.1317
162 483 5.9 27184 227.027 0.0566774 1.06124
163 481 5.9 28926 217.767 0.0607672 1.08847
164 472 5.9 24742 252.365 0.0509027 1.07418
165 480 5.9 24916 180.393 0.0525884 1.01098
166 476 5.9 25182 214.649 0.0524284 1.10912
167 483 5.9 28405 203.249 0.0596473 1.10871
168 481 5.9 25117 202.72 0.052404 1.0752
169 476 5.9 25798 143.07 0.054601 1.17163
170 478 5.9 25687 191.599 0.0536157 1.01983
171 484 5.9 28071 190.984 0.0595516 0.88891
172 474 5.9 25112 206.195 0.0525048 1.15128
173 468 5.9 26245 142.515 0.055992 0.871336
174 480 5.9 25882 196.509 0.0544876 0.892192
175 476 5.9 28191 169.388 0.0602038 1.16531
176 480 5.9 25314 213.627 0.0525981 1.08919
177 478 5.9 25397 140.812 0.0533199 1.10599
178 478 5.9 25686 192.646 0.0540697 1.09589
179 477 5.9 28348 161.972 0.0607712 1.00107
180 489 5.9 24984 214.973 0.0518118 1.13344
181 479 5.9 26230 156.988 0.0552077 1.18565
182 479 5.9 25547 203.81 0.0536628 0.975496
183 477 5.9 27786 178.765 0.0597087 0.904184
184 485 5.9 24826 201.649 0.0520826 1.08147
185 470 5.9 25491 182.687 0.0540958 1.06341
186 482 5.9 25646 211.667 0.0534953 1.21527
187 479 5.9 27675 172.572 0.0585672 1.12997
188 483 5.9 27751 204.223 0.0582811 1.09347
189 480 5.9 27347 201.788 0.0572067 1.1596
190 485 5.9 28134 208.925 0.0589493 1.15319
191 480 5.9 29682 177.716 0.063922 1.02634
