0 539 0 447591 0 0 0
1 532 0 472471 0 0 0
2 537 0 450762 0 0 0
3 538 0 473583 0 0 0
4 538 0 438165 0 0 0
5 536 0 466750 0 0 0
6 538 0 472555 0 0 0
7 540 0 447442 0 0 0
8 545 0 458609 0 0 0
9 534 0 421718 0 0 0
10 539 0 476303 0 0 0
11 547 0 456778 0 0 0
12 536 0 418282 0 0 0
13 545 0 419105 0 0 0
14 549 0 420006 0 0 0
15 550 0 479000 0 0 0
16 542 0 460296 0 0 0
17 540 0 469690 0 0 0
18 545 0 476251 0 0 0
19 544 0 479013 0 0 0
20 537 0 405119 0 0 0
21 540 0 440130 0 0 0
22 535 0 414067 0 0 0
23 538 0 480679 0 0 0
24 540 0 463362 0 0 0
25 549 0 471842 0 0 0
26 536 0 460635 0 0 0
27 542 0 411735 0 0 0
28 541 0 476163 0 0 0
29 543 0 471505 0 0 0
30 542 0 471041 0 0 0
31 540 0 453571 0 0 0
32 538 0 455323 0 0 0
33 532 0 468507 0 0 0
34 541 0 417302 0 0 0
35 543 0 451083 0 0 0
36 536 0 413502 0 0 0
37 538 0 465243 0 0 0
38 536 0 457363 0 0 0
39 542 0 449056 0 0 0
40 544 0 443570 0 0 0
41 545 0 440965 0 0 0
42 543 0 473269 0 0 0
43 534 0 473112 0 0 0
44 543 0 470245 0 0 0
45 536 0 455665 0 0 0
46 539 0 480291 0 0 0
47 538 0 468319 0 0 0
48 541 0 441651 0 0 0
49 543 0 412228 0 0 0
50 535 0 454554 0 0 0
51 543 0 438856 0 0 0
52 543 0 456179 0 0 0
53 551 0 457426 0 0 0
54 541 0 467375 0 0 0
55 535 0 467660 0 0 0
56 546 0 449234 0 0 0
57 549 0 422118 0 0 0
58 542 0 438678 0 0 0
59 546 0 414097 0 0 0
60 534 0 415533 0 0 0
61 537 0 463498 0 0 0
62 544 0 434392 0 0 0
63 550 0 465271 0 0 0
64 525 5.9 27408 184.494 0.0586728 1.17961
65 529 5.9 27699 180.141 0.0591647 1.23558
66 530 5.35838 28618 196.904 0.0606581 1.05455
67 525 5.9 28931 196.566 0.0619228 1.12921
68 520 5.9 25802 195.745 0.0549993 1.09535
69 517 5.9 25389 198.212 0.053699 1.2839
70 522 5.05149 26386 198.559 0.0553371 1.30626
71 520 5.9 28219 191.963 0.0603646 1.1991
72 527 5.9 23163 191.528 0.0490639 1.06539
73 530 5.2757 25947 222.089 0.0540405 1.24216
74 522 5.23316 24483 222.653 0.050918 1.23221
75 517 5.9 28610 194.713 0.061361 1.16186
76 523 5.9 21946 188.924 0.046183 1.04969
77 526 5.80441 24840 222.479 0.0522627 1.12388
78 519 5.9 22120 200.296 0.0464383 1.1194
79 519 5.9 28436 186.76 0.0611911 1.18641
80 516 5.9 20989 199.047 0.0441474 1.18124
81 524 5.3047 24411 212.825 0.0511256 1.22732
82 522 5.63407 22231 200.909 0.0466252 1.11163
83 520 5.9 29090 198.922 0.0624172 1.14856
84 529 5.9 22849 189.715 0.0487644 1.14273
85 520 5.47187 25047 201.179 0.0528205 1.16229
86 521 5.39988 23635 177.45 0.0503042 1.10218
87 513 5.9 29046 192.661 0.0624 1.213
88 523 5.9 25001 185.036 0.0533331 1.08037
89 521 4.98205 25518 190.271 0.053369 1.27848
90 522 5.46942 24997 173.869 0.0534643 1.0923
91 520 5.9 28498 194.982 0.0609641 1.13547
92 520 5.9 27139 168.318 0.0588745 1.01119
93 522 5.9 27756 194.045 0.0591252 1.09208
94 515 5.9 28419 184.082 0.0609758 1.26103
95 527 5.9 28955 196.929 0.0624494 1.12465
96 522 5.9 27573 168.049 0.0594373 1.13678
97 519 5.9 27405 185.167 0.05857 1.137
98 523 5.9 28015 192.755 0.0599089 1.17323
99 526 5.9 30533 230.407 0.0649347 1.11595
100 522 5.9 26033 187.664 0.055348 1.16622
101 519 5.9 25788 204.131 0.0545004 1.30615
102 533 4.37912 27317 202.437 0.0571936 1.16664
103 529 5.9 27408 215.617 0.0576309 1.19413
104 522 5.9 23670 189.655 0.0499742 1.21905
105 530 5.02175 25701 203.658 0.0540623 1.20386
106 515 4.54814 25463 208.603 0.0529669 1.22473
107 520 5.9 28233 217.215 0.0597229 1.24403
108 522 5.9 22678 192.706 0.0477025 1.1656
109 513 5.9 25539 189.661 0.0545682 1.13106
110 518 5.9 23381 181.672 0.0495617 1.11735
111 521 5.9 28106 197.043 0.059966 1.24306
112 527 5.9 22504 186.337 0.0474643 1.28681
113 525 5.9 25232 197.908 0.0535643 1.274
114 527 4.48535 24194 201.287 0.0501852 1.42179
115 518 5.9 28125 203.79 0.0595818 1.38711
116 523 5.9 24211 192.064 0.0513762 1.17091
117 511 5.2446 26290 201.504 0.0555233 1.13966
118 522 5.9 25165 210.808 0.0527694 1.28979
119 521 5.9 26915 182.413 0.0579378 1.3098
120 520 5.01225 26237 207.228 0.0552993 1.14395
121 523 5.9 25264 203.755 0.0531316 1.38599
122 524 5.9 26021 189.315 0.055408 1.30955
123 526 5.9 27705 191.432 0.0587398 1.42314
124 514 5.9 26600 168.348 0.0575056 1.10634
125 517 5.9 27784 183.697 0.0594239 1.09513
126 526 5.9 27428 187.117 0.0586305 1.15918
127 523 5.9 29490 184.746 0.0632092 1.28238
128 540 5.9 25508 239.188 0.0535565 1.03799
129 545 5.66603 26253 238.858 0.0545475 1.20102
130 540 5.9 26492 241.658 0.0553661 1.09182
131 543 5.9 27435 253.918 0.0576942 1.16644
132 552 5.9 24253 254.38 0.050283 1.11615
133 551 5.9 23968 226.086 0.0498927 1.30897
134 559 5.9 24259 242.069 0.0503888 1.13496
135 547 6.19468 26793 250.171 0.0559932 1.2409
136 538 5.9 22655 244.437 0.0469617 1.16642
137 536 6.15844 24472 267.314 0.050792 1.1653
138 549 5.39773 23951 264.55 0.0490749 1.25444
139 543 6.44427 27091 240.258 0.057154 1.18852
140 547 5.9 22185 254.419 0.0458414 1.16284
141 539 5.9 24665 268.369 0.05118 1.16846
142 548 5.9 23646 267.347 0.0489146 1.16588
143 548 5.9 26929 252.825 0.0563371 1.26865
144 550 5.9 22097 228.15 0.0460911 1.16893
145 544 5.9 24931 263.223 0.0519832 1.05638
146 553 5.9 23278 246.379 0.0486014 0.978619
147 547 5.9 28065 255.234 0.0586483 1.35685
148 546 4.9961 23366 238.272 0.048438 1.11992
149 554 5.81667 25484 256.622 0.0531272 1.01202
150 550 5.9 24223 257.844 0.0501747 1.2455
151 551 6.41958 27634 255.042 0.0579736 1.27836
152 554 5.9 25323 251.054 0.0528434 1.09869
153 553 5.9 25083 249.055 0.0523093 1.14726
154 534 6.54733 25432 257.343 0.053221 1.10102
155 545 5.9 26516 224.703 0.0558024 1.24724
156 545 5.9 26212 233.849 0.0549541 1.1715
157 546 5.9 26254 235.651 0.0547385 1.13445
158 552 5.9 26538 224.956 0.0561029 0.986949
159 543 5.9 26567 241.87 0.0559122 1.18608
160 545 5.9 26899 204.538 0.0572095 1.09935
161 548 5.9 27273 213.094 0.0575628 1.1368
162 549 5.9 27199 216.509 0.0575402 1.17344
163 554 5.9 30337 239.256 0.0641335 1.17455
164 550 5.47478 25378 243.223 0.052854 1.21217
165 548 5.9 25575 226.254 0.0537203 1.09191
166 545 5.9 25895 238.116 0.054043 1.16588
167 555 5.9 28910 227.551 0.0604642 1.13728
168 551 5.9 24515 239.144 0.0512035 1.05318
169 538 5.9 26069 256.21 0.0543371 1.18064
170 547 5.9 25946 244.636 0.0540486 1.30014
171 550 5.9 28555 237.583 0.0598893 1.30933
172 546 5.9 23582 218.617 0.0490937 1.17427
173 554 5.9 26037 235.202 0.054523 1.228
174 551 5.9 25304 233.309 0.0530179 1.0585
175 539 5.9 28625 228.398 0.0604708 1.22034
176 544 5.9 23745 224.264 0.0496853 1.18524
177 546 5.9 25409 244.568 0.053217 1.16673
178 548 5.9 25052 255.135 0.0522061 1.07592
179 547 5.9 28875 260.166 0.0603638 1.26101
180 550 5.9 23959 250.656 0.0497914 1.15163
181 549 5.9 26125 254.791 0.054557 1.22461
182 545 5.9 24841 228.404 0.052065 1.08932
183 547 5.9 28297 254.891 0.0590499 1.29472
184 546 5.9 25010 252.496 0.052064 1.12156
185 547 5.9 25456 249.566 0.0530178 1.20543
186 549 5.9 25392 251.751 0.052951 1.15583
187 537 5.9 28511 250.603 0.0600965 1.09546
188 549 5.9 26178 237.875 0.0546368 1.14973
189 553 5.9 26631 256.537 0.0554972 1.04065
190 551 5.9 27187 237.345 0.0570804 1.04901
191 551 5.9 29358 255.712 0.0618132 1.21559
