0 494 4.88919 25012 215.43 0.0521721 1.04278
1 492 5.9 25461 209.544 0.0533401 1.07947
2 489 4.80853 25328 201.477 0.0528039 1.10177
3 492 6.22591 21853 161.236 0.0538001 1.30423
4 489 4.614 22468 215.389 0.0468206 1.1363
5 492 5.93807 23476 242.397 0.0487316 1.20901
6 501 5.9 22709 225.16 0.0477026 1.0578
7 494 5.9 25806 154.97 0.05888 1.17858
8 494 5.9 20766 209.032 0.043494 1.22122
9 491 4.95876 22244 198.418 0.0459337 1.17986
10 499 5.9 21227 205.295 0.0442491 1.11861
11 502 5.9 25284 165.362 0.0555505 0.987008
12 496 4.34986 21379 201.999 0.0443182 1.0577
13 503 5.9 21280 198.239 0.0443617 1.19762
14 502 5.60115 21156 216.279 0.0438657 1.10733
15 493 5.9 25830 168.321 0.0560743 1.07893
16 496 5.9 21221 230.007 0.0441719 1.14277
17 500 5.9 21297 206.68 0.044355 1.22598
18 505 5.9 20852 226.673 0.0429862 1.15839
19 489 5.9 24498 145.089 0.0553713 0.958694
20 494 5.9 20178 232.439 0.0416119 1.20122
21 490 6.53226 21274 214.613 0.0443527 1.02054
22 500 5.9 20941 218.255 0.0438026 1.07796
23 490 5.9 25039 153.459 0.0555446 0.976855
24 497 5.9 21526 236.171 0.0445162 1.2154
25 497 5.9 23045 204.58 0.0484065 1.04185
26 493 5.9 22319 220.553 0.0466418 1.16675
27 492 5.9 24728 138.969 0.0589044 1.14966
28 493 5.9 24440 223.629 0.0510151 1.0284
29 502 6.17855 25638 204.031 0.0535798 1.14075
30 495 5.65775 25325 202.683 0.0527928 0.991323
31 504 6.31005 20972 164.951 0.0492947 1.7366
32 490 5.9 24662 211.703 0.0516831 1.19346
33 492 5.9 25907 276.97 0.0532903 1.23184
34 501 4.95751 25922 230.843 0.0537052 1.11041
35 495 5.9 27455 266.036 0.0571157 1.13083
36 500 5.9 22331 246.422 0.0463766 1.13755
37 497 5.39369 23700 263.583 0.0489103 1.22314
38 491 5.9 22934 261.821 0.047516 1.13964
39 496 5.9 24967 261.427 0.0517553 1.16645
40 486 6.05596 20730 239.783 0.0430842 1.1709
41 493 4.88754 23035 252.915 0.0475018 1.15673
42 491 5.9 21745 246.955 0.0454859 1.03182
43 493 5.9 26228 283.675 0.0544803 1.09706
44 492 5.9 21321 232.147 0.0446878 1.03796
45 486 5.9 22126 237.05 0.0459594 1.23796
46 488 5.25716 21550 248.523 0.0444585 1.09303
47 488 5.9 25813 262.664 0.0536035 1.30523
48 498 5.9 21293 211.633 0.0446715 1.13438
49 499 5.9 22082 250.582 0.045899 1.06942
50 483 5.9 21533 227.71 0.044961 1.12059
51 502 5.9 25594 260.144 0.0535046 1.15226
52 501 5.08786 21986 227.111 0.0456844 1.12326
53 497 4.40733 22496 224.703 0.0462697 1.2862
54 489 4.74107 21705 221.209 0.0446592 1.28421
55 499 5.9 25388 257.826 0.0527612 1.1652
56 498 5.9 22685 231.741 0.0475434 1.20014
57 504 5.9 23084 256.567 0.0478275 1.26734
58 502 4.91426 23357 238.854 0.0485396 1.13118
59 502 5.9 25065 251.841 0.0519744 1.20421
60 486 5.9 25315 230.483 0.0530493 1.16139
61 489 5.9 24355 246.522 0.0504316 1.27822
62 493 5.80845 24714 251.906 0.0511675 1.1404
63 496 5.9 26870 262.614 0.0556184 1.25152
64 504 5.02211 27277 262.392 0.0563532 1.21649
65 503 5.9 27957 263.69 0.0581079 1.11025
66 511 6.03092 27411 277.174 0.0567337 1.24249
67 503 5.9 30272 226.854 0.0642095 1.18195
68 506 5.81072 23958 281.606 0.0495645 1.26042
69 511 5.9 24400 294.478 0.050319 1.20908
70 500 6.30426 23258 274.773 0.0482364 1.17624
71 500 5.9 27662 224.634 0.0586798 1.12472
72 502 6.25016 21727 289.539 0.0448856 1.18863
73 507 5.96109 23113 282.013 0.0476774 1.19448
74 496 5.91936 21806 252.405 0.0452688 1.16993
75 496 5.9 27337 244.554 0.0574371 1.12278
76 502 5.89962 22428 281.247 0.0460479 1.26397
77 505 6.33596 22275 298.471 0.0459746 1.16452
78 515 6.56214 20742 282.754 0.0428502 1.1362
79 496 5.9 27149 256.199 0.0560472 1.32072
80 503 5.63139 21505 270.412 0.0440675 1.12178
81 506 5.9 22125 282.636 0.0455348 1.21562
82 499 5.9 21399 269.802 0.0438422 1.19864
83 502 5.9 27749 261.769 0.0577853 1.18537
84 496 5.87732 21957 285.038 0.0451035 1.15699
85 513 6.28086 23156 283.67 0.0479858 1.17325
86 505 5.9 21949 261.424 0.0450798 1.30114
87 505 5.9 27444 256.215 0.0570911 1.17156
88 504 5.6054 23827 276.427 0.0493724 1.07362
89 510 5.70336 23854 258.435 0.0492495 1.2764
90 511 5.9 22864 249.735 0.0476599 1.06187
91 510 5.9 28283 243.224 0.0591228 1.18031
92 507 5.61919 27460 255.086 0.057104 1.11145
93 513 5.43291 26375 233.907 0.0547923 1.13513
94 493 5.956 26698 235.53 0.0556321 1.16547
95 511 5.9 28469 201.073 0.0625185 1.16865
96 498 5.9 27785 270.921 0.057749 1.11845
97 505 5.9 25690 278.248 0.0530651 1.2448
98 506 5.61821 27340 263.496 0.0566751 1.15701
99 501 5.9 26858 291.031 0.0553282 1.20254
100 510 6.23523 25089 275.317 0.0521698 1.11921
101 499 5.9 25569 319.521 0.0525944 1.28435
102 506 5.9 25616 297.6 0.0528111 1.31046
103 504 5.9 25803 309.439 0.0530263 1.27157
104 495 5.9 23151 291.51 0.0473649 1.21113
105 497 5.54905 24606 301.974 0.0505133 1.23134
106 500 5.9 24255 284.098 0.0502557 1.2211
107 502 5.9 26022 310.512 0.0534968 1.16259
108 499 5.9 22712 269.819 0.046915 1.12258
109 497 5.72078 24708 287.696 0.0509683 1.17981
110 496 5.72672 23146 290.921 0.047703 1.1692
111 496 5.9 26700 343.156 0.0546076 1.22998
112 501 5.99246 22866 276.633 0.0471445 1.11505
113 501 6.14062 24466 321.574 0.0503597 1.11773
114 496 5.9 23357 309.695 0.0479397 1.11999
115 505 5.96338 25959 331.85 0.0531552 1.28185
116 502 5.91308 23443 277.95 0.0484122 1.25048
117 502 5.9 24909 299.792 0.0513996 1.24997
118 509 5.9 23446 307.643 0.0482543 1.11113
119 511 5.9 25312 322.908 0.0521173 1.16287
120 491 5.2966 24562 267.669 0.0509755 1.19158
121 504 5.9 24421 309.929 0.0504088 1.19949
122 505 6.00801 24943 279.857 0.051913 1.14536
123 506 5.9 25087 340.342 0.0513047 1.18284
124 505 5.9 27301 275.508 0.056773 1.21008
125 495 5.9 26087 293.783 0.0540902 1.13824
126 496 5.12079 26678 260.821 0.0553267 1.13458
127 504 5.9 25885 317.383 0.053222 1.0978
128 528 7.63821 27659 399.444 0.0561931 1.26117
129 512 7.0325 28234 386.579 0.0569615 1.25103
130 522 6.0149 29227 402.288 0.0573223 1.34052
131 511 5.9 28941 245.461 0.0647186 1.14402
132 519 6.64215 24885 392.394 0.0505714 1.304
133 524 7.67494 24786 430.839 0.0503916 1.13282
134 516 5.9 25824 404.53 0.0504259 1.15774
135 516 5.9 28296 276.256 0.0593311 1.3682
136 519 5.52207 24698 349.836 0.0505899 1.15629
137 522 5.9 25162 392.44 0.0497143 1.20006
138 512 5.9 24924 367.876 0.0502027 1.14115
139 517 5.9 28182 286.195 0.0585618 1.24466
140 520 5.9 24846 347.238 0.0510871 1.07039
141 520 5.9 25088 361.579 0.0498281 1.35162
142 526 6.69517 25194 345.981 0.0512225 1.27707
143 523 5.9 28672 307.08 0.0592167 1.23172
144 523 5.9 24163 333.603 0.0495926 1.20721
145 517 6.28349 25124 344.836 0.0509747 1.19846
146 538 6.07982 24461 318.191 0.0500735 1.08029
147 517 6.61082 27883 293.123 0.0589694 1.11306
148 520 5.9 24537 317.571 0.0503932 1.18465
149 524 6.818 24466 351.06 0.0496363 1.11988
150 518 5.9 23842 322.311 0.0482219 1.11622
151 513 7.4159 27796 303.946 0.0587943 1.09112
152 517 5.10771 26062 311.948 0.0534185 1.32407
153 519 5.9 25211 377.865 0.0501149 1.25615
154 521 5.9 25526 359.515 0.051306 1.27501
155 514 5.9 28048 286.82 0.0580993 1.31785
156 520 5.9 27913 330.319 0.0571433 1.09303
157 517 7.03363 28001 319.93 0.057575 1.2109
158 522 5.9 28406 343.224 0.0568704 1.21129
159 523 8.49306 23507 267.901 0.0546253 1.37889
160 536 5.9 28541 327.432 0.0589601 1.14272
161 534 5.9 28680 325.473 0.0590953 1.31294
162 519 6.51866 28582 328.924 0.0590939 1.20165
163 519 5.9 30612 308.367 0.0634526 1.15619
164 516 5.9 25325 334.332 0.051926 1.39748
165 517 5.9 26627 326.258 0.0548701 1.25193
166 515 6.11307 25996 332.63 0.0537436 1.27843
167 528 5.9 30205 365.677 0.062282 1.26621
168 520 6.37646 25935 329.423 0.0535133 1.16202
169 516 5.9 26967 317.655 0.0556947 1.27088
170 518 5.9 26420 330.594 0.0541328 1.25889
171 520 5.9 30089 354.549 0.0621468 1.26081
172 515 6.29689 26184 345.276 0.0544018 1.26796
173 532 5.85878 27380 313.338 0.0564726 1.31644
174 521 5.9 26806 324.688 0.0554816 1.22622
175 520 5.9 30571 376.872 0.0630218 1.25183
176 535 5.9 26163 336.014 0.053538 1.29609
177 512 5.9 26736 327.55 0.0550517 1.20592
178 518 6.3026 25968 337.409 0.0538003 1.14703
179 528 5.9 30661 394.916 0.0630193 1.3093
180 521 6.12524 25447 354.277 0.0522299 1.14112
181 512 6.56284 26904 349.59 0.0555743 1.23152
182 522 5.9 25819 358.904 0.0528187 1.23273
183 512 5.53545 30530 389.907 0.0627073 1.2994
184 520 6.90025 25956 396.825 0.0533355 1.2577
185 508 6.18682 27010 404.519 0.0557312 1.27225
186 522 6.55567 27168 397.582 0.0559563 1.25334
187 517 6.54859 30000 418.648 0.0621428 1.21204
188 521 5.9 28965 391.421 0.0585184 1.20963
189 518 5.9 28693 382.639 0.0582756 1.33539
190 513 7.65811 29218 397.736 0.060033 1.39213
191 517 5.9 32238 412.938 0.0654112 1.31189
