0 521 5.9 24283 204.803 0.0516863 1.06464
1 508 5.9 25321 193.839 0.0541093 1.13845
2 515 4.66862 25400 198.062 0.0534166 1.15993
3 515 5.9 27058 213.967 0.0577417 1.22202
4 534 5.9 23089 200.013 0.049011 1.01877
5 513 5.9 23823 219.606 0.0502436 1.06557
6 522 4.62367 23685 175.721 0.0501527 1.06674
7 525 5.9 26837 226.167 0.0569003 1.21307
8 517 5.14893 21110 209.781 0.0441199 1.19908
9 517 5.9 23150 225.289 0.0484565 1.2556
10 512 5.9 21332 218.903 0.044846 1.092
11 517 5.9 27192 212.315 0.0579981 1.19339
12 513 5.9 20799 217.888 0.0433273 1.23266
13 522 5.9 22753 236.75 0.0476352 1.17893
14 513 5.9 20933 214.951 0.0441974 1.06221
15 514 5.90305 27393 223.025 0.0581884 1.28367
16 521 5.9 20952 221.118 0.0439691 1.07597
17 518 5.9 22676 233.351 0.0476319 1.06444
18 527 5.9 21433 219.988 0.0451297 1.10435
19 513 5.99113 27764 221.937 0.0592367 1.18918
20 514 5.9 21140 195.221 0.0448703 1.17693
21 513 5.9 23186 217.853 0.0483753 1.40188
22 531 5.9 22649 220.307 0.047748 1.13237
23 523 5.54086 27630 205.779 0.0589724 1.09176
24 514 5.9 23372 209.347 0.0496757 0.972788
25 512 5.66243 24171 216.448 0.0507339 1.15277
26 523 5.17381 25053 205.351 0.0523644 1.30711
27 511 5.9 26376 220.043 0.0558752 1.20548
28 516 5.9 25218 196.427 0.0538564 1.13964
29 508 5.49575 24723 198.794 0.0523591 1.0997
30 518 5.9 25002 187.251 0.0537729 1.05194
31 516 5.9 28249 211.037 0.0607976 1.1302
32 517 5.9 24645 179.089 0.0532641 1.08654
33 524 5.73672 25420 206.42 0.0538489 1.2775
34 529 5.9 25317 206.943 0.053635 1.25459
35 522 5.9 26179 197.371 0.0560889 1.2064
36 517 5.9 24041 202.238 0.0511189 1.16607
37 523 5.76558 24204 222.392 0.0509681 1.15173
38 517 5.33512 24551 218.428 0.0514647 1.14264
39 521 5.9 25778 219.212 0.0542056 1.3303
40 515 5.9 21574 235.641 0.0449742 1.18201
41 519 6.32801 23211 244.786 0.0487412 1.16602
42 524 5.9 21846 238.266 0.0457496 1.03517
43 516 5.9 26202 224.412 0.0552509 1.2654
44 525 5.9 21109 216.029 0.0441862 1.0828
45 530 5.9 21983 223.756 0.0463916 1.08656
46 528 5.9 21453 232.03 0.0449396 1.25623
47 520 5.9 25855 229.022 0.0547802 1.06502
48 515 5.9 20817 211.648 0.0439904 1.11346
49 525 5.4277 21739 221.972 0.0454269 1.18097
50 520 5.9 20637 222.409 0.0433433 1.18451
51 516 5.9 25518 225.425 0.0539017 1.20844
52 526 5.9 21153 236.328 0.0441812 1.15374
53 515 5.62644 22059 231.482 0.0461437 1.2265
54 518 5.9 21205 220.862 0.0444655 1.21871
55 521 6.29129 25038 261.689 0.0522866 1.1012
56 516 5.9 23245 197.608 0.049604 1.09216
57 518 5.76974 22575 236.51 0.0467906 1.18524
58 519 5.9 23115 244.176 0.0483408 1.18197
59 522 5.9 23707 212.351 0.0501318 1.04766
60 526 5.9 24373 207.945 0.0516419 1.07171
61 513 5.9 23261 212.523 0.0492021 1.02343
62 521 5.68441 24411 202.028 0.0519943 1.03929
63 512 5.9 25526 225.152 0.0538617 1.19714
64 511 5.9 24042 207.297 0.0508213 1.057
65 514 4.76521 23654 192.329 0.0495007 1.16904
66 521 5.15075 24495 217.1 0.0511633 1.13088
67 509 5.9 25300 220.631 0.0538618 1.1756
68 508 5.9 23309 214.222 0.0493997 1.01224
69 502 5.9 23836 210.68 0.0502052 1.23602
70 512 5.26172 23981 218.81 0.0500013 1.20904
71 520 5.9 25410 214.089 0.05394 1.32703
72 513 5.9 21160 205.223 0.0446466 1.16051
73 516 5.9 22538 184.44 0.0479262 1.16143
74 518 5.9 21552 202.097 0.04536 1.13205
75 508 5.9 25919 206.745 0.0551261 1.30636
76 513 5.9 20169 195.312 0.0425568 1.00845
77 518 5.9 21705 184.794 0.0463182 1.2036
78 517 5.9 20957 186.033 0.044743 1.14226
79 512 5.9 25381 176.57 0.0550484 1.13071
80 513 5.9 20750 201.497 0.043627 1.31159
81 516 5.9 20847 183.704 0.0446535 1.07385
82 505 5.28476 20527 197.395 0.0432021 1.02936
83 506 5.9 25419 199.331 0.0539316 1.24305
84 499 5.9 19570 196.471 0.0408902 1.20288
85 512 5.9 21682 171.742 0.0463034 1.20104
86 513 5.18233 20966 199.467 0.0438941 1.10548
87 514 5.9 24944 194.159 0.0532939 1.25306
88 517 5.9 22236 187.562 0.0471675 1.08022
89 512 5.9 23327 188.325 0.0498684 1.05826
90 511 5.9 22896 177.322 0.0492234 1.01725
91 523 5.9 24683 224.423 0.0521346 1.15524
92 509 5.9 23698 180.478 0.0504403 1.12375
93 510 6.00785 23139 200.248 0.0492274 1.07328
94 525 5.9 23215 172.4 0.0499755 1.02702
95 513 5.9 25564 220.669 0.0540439 1.22723
96 516 5.9 23870 165.66 0.0516389 1.06746
97 519 5.9 25509 173.389 0.0547858 1.12299
98 511 5.9 24884 169.81 0.0531466 1.17534
99 516 5.9 26013 186.582 0.0555632 1.21175
100 504 5.9 23203 188.085 0.0494618 0.999051
101 512 4.76952 23045 178.19 0.0485117 1.02303
102 526 5.9 23539 160.644 0.0506458 1.21705
103 507 5.9 24418 198.221 0.0517127 1.08996
104 523 5.9 20745 184.253 0.043926 1.03917
105 510 5.0098 22734 185.455 0.0479259 1.20112
106 510 5.9 20726 179.263 0.043916 1.08299
107 508 5.9 25503 194.101 0.0540803 1.14845
108 517 5.9 20355 206.195 0.0426599 1.09272
109 502 5.9 21379 159.762 0.0463187 1.15947
110 521 5.49817 20980 222.066 0.0436899 1.22649
111 510 5.9 25572 207.539 0.0541796 1.10513
112 511 5.9 20692 186.402 0.0438431 1.17303
113 527 5.9 21643 180.998 0.0458934 1.26198
114 514 5.9 20266 188.209 0.0430782 1.15662
115 513 5.9 25043 210.488 0.0527226 1.23125
116 514 5.9 21120 188.391 0.044674 1.10841
117 519 4.44224 22390 190.729 0.0466373 1.15838
118 514 5.9 21283 188.235 0.0453166 1.11153
119 515 5.9 25313 216.866 0.0536778 1.12229
120 521 5.9 22987 188.846 0.0487962 1.12953
121 512 5.03949 23142 217.953 0.0481719 1.16523
122 506 4.87943 23253 188.599 0.048593 1.19102
123 510 5.9 24344 211.859 0.0511623 1.16978
124 508 5.9 23707 180.828 0.0511806 0.975477
125 510 5.9 22617 199.038 0.0476955 1.08084
126 513 5.9 23131 179.319 0.0493533 1.01924
127 518 5.9 24975 219.123 0.0524909 1.34251
128 574 5.9 22509 183.281 0.0477491 0.99465
129 568 5.9 21812 181.45 0.0463263 0.976226
130 579 5.9 21939 165.455 0.0468081 1.14178
131 567 5.9 23359 203.776 0.0496524 1.16413
132 574 5.9 20374 187.726 0.042967 1.03537
133 574 5.9 20344 191.703 0.042796 0.99597
134 571 5.9 20799 182.572 0.044148 1.01288
135 577 5.9 22777 197.941 0.0484248 1.15106
136 580 5.9 18535 186.571 0.0392507 0.991373
137 582 5.9 20042 176.442 0.0427052 1.09573
138 575 5.9 19028 183.17 0.0401268 1.03285
139 570 5.9 22682 204.401 0.0477843 1.04482
140 574 5.9 18796 203.095 0.0391973 1.15467
141 580 5.9 20243 183.114 0.0427527 1.09527
142 573 5.9 19258 195.196 0.0406195 1.11504
143 576 5.9 23547 192.664 0.0499662 1.1257
144 585 5.9 19215 197.989 0.0405449 1.06171
145 574 5.9 20758 193.969 0.0438095 1.00442
146 571 5.9 19828 184.046 0.0421414 1.08673
147 568 5.9 23338 225.801 0.0486959 1.22264
148 577 5.9 19331 198.647 0.0404834 1.04371
149 582 5.9 21603 214.231 0.0451716 1.08783
150 573 5.9 20516 197.065 0.0431067 1.06644
151 569 5.9 23947 227.377 0.0500292 1.14009
152 572 5.9 21668 196.525 0.0456458 1.03562
153 575 5.9 20486 208.553 0.0425448 1.18603
154 582 5.9 21198 186.618 0.0449317 1.03697
155 575 5.9 22777 212.915 0.048091 1.08629
156 573 5.9 22584 197.298 0.0478472 1.04985
157 568 5.9 21808 202.055 0.0460782 0.962919
158 577 5.9 22219 188.039 0.0470965 1.09503
159 577 5.9 24767 213.824 0.0526402 1.16459
160 574 5.9 22481 189.712 0.0478672 0.962133
161 569 5.9 22898 189.849 0.0486707 1.12197
162 569 5.9 22495 195.067 0.0475959 1.05853
163 574 5.9 24966 228.422 0.052779 1.17145
164 576 5.9 22256 186.016 0.0474638 1.07849
165 567 5.9 22343 193.332 0.047631 1.07187
166 575 5.9 22402 197.394 0.046841 1.29325
167 574 5.9 23469 206.653 0.0493442 1.25234
168 573 5.9 20898 196.75 0.0443241 1.03316
169 573 5.9 20670 177.018 0.0440324 1.1137
170 577 5.9 21316 196.26 0.0448269 1.14841
171 569 5.9 23748 194.677 0.05052 1.14187
172 575 5.9 19807 175.34 0.042202 1.16348
173 569 5.9 20419 188.026 0.0434679 1.11313
174 581 5.9 19705 173.865 0.0422379 1.01505
175 580 5.9 24234 198.037 0.0516612 1.02037
176 577 5.9 19442 188.971 0.0412044 0.988007
177 572 5.9 20298 170.349 0.0439053 0.92894
178 575 5.9 19583 169.929 0.0418859 1.12594
179 584 5.9 24375 187.422 0.052366 1.01172
180 574 5.9 19900 189.944 0.0419056 1.16413
181 572 5.9 21166 173.917 0.0453637 1.14359
182 579 5.9 20132 181.958 0.0427326 1.02447
183 574 5.9 24798 207.036 0.0525616 1.16331
184 572 5.9 20802 175.295 0.0445185 0.971835
185 578 5.9 21437 177.179 0.0454574 1.14868
186 570 5.9 21500 190.092 0.0455275 1.05272
187 577 5.9 23670 177.202 0.0507455 1.03313
188 569 5.9 22873 170.423 0.048993 0.996011
189 566 5.9 22478 170.94 0.0481216 1.10104
190 573 5.9 22582 200.97 0.0475779 1.13343
191 581 5.9 24136 208.173 0.0513185 1.0896
