0 527 0 475660 0 0 0
1 530 0 420185 0 0 0
2 525 0 472120 0 0 0
3 527 0 466366 0 0 0
4 526 0 417930 0 0 0
5 526 0 456289 0 0 0
6 523 0 445007 0 0 0
7 531 0 455547 0 0 0
8 529 0 475003 0 0 0
9 516 0 478099 0 0 0
10 527 0 463767 0 0 0
11 522 0 477104 0 0 0
12 526 0 476453 0 0 0
13 530 0 421697 0 0 0
14 517 0 475703 0 0 0
15 527 0 470930 0 0 0
16 526 0 440400 0 0 0
17 523 0 462221 0 0 0
18 513 0 445079 0 0 0
19 523 0 444991 0 0 0
20 511 0 479335 0 0 0
21 532 0 477040 0 0 0
22 529 0 469886 0 0 0
23 526 0 479725 0 0 0
24 527 0 451452 0 0 0
25 523 0 439987 0 0 0
26 524 0 416434 0 0 0
27 533 0 421774 0 0 0
28 526 0 463667 0 0 0
29 527 0 483189 0 0 0
30 528 0 453184 0 0 0
31 518 0 462830 0 0 0
32 519 0 475384 0 0 0
33 530 0 476663 0 0 0
34 524 0 453483 0 0 0
35 521 0 457306 0 0 0
36 519 0 465137 0 0 0
37 520 0 466783 0 0 0
38 523 0 438296 0 0 0
39 519 0 453821 0 0 0
40 529 0 467865 0 0 0
41 524 0 447336 0 0 0
42 530 0 468277 0 0 0
43 532 0 474854 0 0 0
44 526 0 420418 0 0 0
45 525 0 414371 0 0 0
46 533 0 476211 0 0 0
47 520 0 415654 0 0 0
48 524 0 430548 0 0 0
49 531 0 405397 0 0 0
50 519 0 473762 0 0 0
51 525 0 480884 0 0 0
52 532 0 416294 0 0 0
53 528 0 457067 0 0 0
54 521 0 458672 0 0 0
55 524 0 423370 0 0 0
56 528 0 476898 0 0 0
57 525 0 434772 0 0 0
58 523 0 422259 0 0 0
59 519 0 440958 0 0 0
60 525 0 480347 0 0 0
61 528 0 469386 0 0 0
62 523 0 439553 0 0 0
63 533 0 479756 0 0 0
64 506 5.9 26417 232.31 0.0549943 1.08901
65 504 5.9 27043 236.874 0.055859 1.08703
66 508 5.74002 27246 217.761 0.0566915 1.22468
67 508 5.9 29681 233.55 0.0620698 1.15988
68 510 5.9 25205 239.847 0.0520529 1.28953
69 512 5.9 25021 219.626 0.0519046 1.21622
70 518 5.9 25692 253.464 0.0529297 1.183
71 514 5.9 29080 220.046 0.0601754 1.29376
72 518 5.24305 23886 243.914 0.0491458 1.0115
73 509 5.51076 25930 251.152 0.0529077 1.15325
74 516 5.9 24692 254.25 0.0504858 1.15708
75 509 5.9 29323 234.189 0.0608132 1.17644
76 515 5.9 22911 224.135 0.047352 1.24474
77 516 5.9 24867 222.534 0.0512598 1.10672
78 507 6.20089 23321 220.541 0.0480008 1.18876
79 514 5.9 28923 225.856 0.0601788 1.22004
80 517 4.17663 23774 230.617 0.0476493 1.10433
81 510 5.9 24069 207.228 0.0497472 1.13788
82 519 5.9 22360 209.696 0.0461748 0.94273
83 510 5.9 28346 219.73 0.0588239 1.31025
84 515 5.9 22069 214.545 0.0458154 0.968762
85 509 5.9 24425 208.48 0.0506678 1.14017
86 510 5.9 23686 224.306 0.0488077 1.04533
87 510 5.9 28787 208.713 0.0603952 1.2021
88 511 5.9 23404 209.51 0.048553 1.27964
89 514 5.9 24999 219.753 0.0516366 1.10095
90 510 6.22537 24722 226.43 0.0511895 1.25068
91 515 5.9 28317 204.762 0.0596769 0.965443
92 512 5.9 26232 197.986 0.0550523 1.04504
93 519 5.9 26291 186.061 0.0552617 1.0956
94 503 5.9 26673 206.292 0.0556912 1.10192
95 509 5.9 29165 218.512 0.0608231 1.077
96 515 5.9 26205 185.579 0.0553934 1.03319
97 505 5.9 26795 184.473 0.0565795 1.10768
98 509 5.9 26812 167.466 0.057663 1.12203
99 508 5.9 25868 167.087 0.0559109 1.01099
100 503 5.9 24184 203.871 0.0509455 1.00566
101 522 5.9 23867 186.509 0.0503038 1.12074
102 510 5.9 24379 188.178 0.051593 1.10418
103 510 5.9 25157 185.992 0.0528676 1.32522
104 519 5.9 22834 206.024 0.0474408 1.1479
105 518 5.9 23959 135.958 0.0515215 1.01484
106 510 5.9 23019 166.702 0.0485715 0.98292
107 504 5.9 25899 182.165 0.0551595 1.02351
108 505 5.9 22220 207.782 0.0459878 1.14611
109 511 5.9 23516 164.792 0.0504125 0.905946
110 510 5.9 22788 178.133 0.0475849 1.01424
111 513 5.9 25108 173.598 0.053602 0.964672
112 509 5.9 23773 231.921 0.0489048 1.15603
113 511 5.9 23532 164.551 0.0501286 1.02664
114 505 5.9 23408 198.67 0.0487045 1.05858
115 509 5.9 25283 190.723 0.0533343 0.989411
116 503 5.9 24056 239.791 0.0496187 1.17424
117 512 4.83783 24175 184.075 0.0504471 1.18391
118 510 5.70256 24068 240.787 0.0496142 1.16452
119 517 5.9 25244 209.618 0.0528391 1.19399
120 501 5.9 25296 254.66 0.0517896 1.25756
121 511 5.11714 24003 221.046 0.0495236 1.22482
122 516 5.9 24624 228.389 0.051209 1.20999
123 508 5.9 24747 224.178 0.0515963 1.14618
124 509 5.9 25939 208.309 0.0545149 1.06929
125 515 5.9 25668 190.083 0.0540257 1.05759
126 504 5.9 26353 198.61 0.0553017 1.24628
127 517 5.9 25707 216.437 0.0536641 1.13909
128 481 5.9 24854 209.407 0.0514854 1.21573
129 473 5.9 24524 200.309 0.050826 1.17142
130 476 5.9 25097 195.805 0.0526686 1.04355
131 481 5.9 22367 157.765 0.0537309 1.07417
132 482 5.9 23721 228.704 0.0493643 1.17118
133 486 5.9 23054 216.066 0.0480714 1.13081
134 476 5.84703 23919 221.235 0.0500341 1.04827
135 480 5.9 24203 179.647 0.0511609 1.23798
136 476 5.9 22030 193.85 0.0459203 1.06392
137 483 5.9 22827 181.46 0.0478497 0.941771
138 475 5.9 22665 185.49 0.0473689 1.06177
139 481 5.9 25755 190.345 0.0538183 1.15502
140 480 5.9 22742 217.826 0.0470123 1.19422
141 477 5.9 22250 174.598 0.0465124 1.04699
142 479 5.9 21786 172.742 0.0457034 1.06974
143 481 5.9 26423 179.456 0.0560493 1.26121
144 481 5.9 22880 200.676 0.0477029 1.32855
145 479 5.9 23347 180.213 0.0487746 1.04099
146 477 5.9 22690 188.533 0.0473442 1.07104
147 486 5.9 26524 196.237 0.0560517 1.07643
148 477 5.9 23104 214.993 0.0482931 1.21737
149 486 5.37019 24915 193.765 0.0517928 1.11884
150 474 5.9 24126 187.546 0.0503004 1.31148
151 477 5.9 26870 210.886 0.056377 1.18696
152 479 5.9 25123 234.138 0.0525975 1.32686
153 488 5.9 24316 203.94 0.0512514 1.18601
154 477 5.68402 24788 222.77 0.0517744 1.30643
155 489 5.9 26615 208.643 0.0559986 1.25226
156 475 5.9 26316 204.275 0.0556903 1.2775
157 491 5.9 25418 199.079 0.0534378 1.44924
158 480 5.9 27050 211.787 0.0570121 1.26775
159 482 5.9 28160 217.782 0.0585629 1.60595
160 485 5.9 26563 216.1 0.0560908 1.12714
161 482 5.9 26110 157.421 0.0564754 1.28091
162 484 5.9 27298 206.003 0.0575846 1.2572
163 477 5.9 28418 178.094 0.0613421 1.34784
164 481 5.9 25361 210.715 0.0535482 1.25662
165 480 5.9 25454 195.636 0.054117 1.36701
166 476 5.9 25046 188.307 0.0532757 1.42134
167 489 5.9 26690 191.886 0.0566279 1.33839
168 480 5.9 24330 203.241 0.0515005 1.16949
169 485 5.9 25712 200.077 0.0545284 1.1725
170 482 4.93549 25396 191.65 0.0531675 1.35537
171 481 5.9 26985 176.218 0.058172 1.31442
172 491 5.9 23806 211.877 0.0499723 1.28249
173 478 5.9 25186 177.766 0.053421 1.11856
174 479 5.9 23542 187.654 0.0494383 1.06042
175 473 5.9 26320 164.896 0.0565484 1.41685
176 477 5.9 22791 223.128 0.0475136 1.16025
177 482 5.9 25237 175.574 0.0531843 1.13767
178 470 4.66556 23718 170.913 0.0494118 1.09253
179 478 5.9 26247 169.145 0.0561294 1.2842
180 477 5.9 23120 197.624 0.0483288 1.15369
181 473 5.9 24190 168.447 0.0509329 1.16539
182 477 5.9 23518 187.807 0.0491385 1.03285
183 489 5.9 26731 176.122 0.0571813 1.19024
184 483 5.33819 24490 237.278 0.0508396 1.14686
185 487 5.9 23240 193.164 0.0489162 1.17327
186 485 5.36247 24517 225.127 0.0509621 1.21194
187 483 5.9 24754 166.184 0.0526575 1.31673
188 480 5.9 25314 233.114 0.0527519 1.06443
189 481 5.9 25199 160.446 0.0533911 1.19487
190 470 5.9 25414 192.231 0.0533273 1.10005
191 479 5.9 25930 161.88 0.0558851 1.21727
