0 596 0 458779 0 0 0
1 608 0 454812 0 0 0
2 613 0 397848 0 0 0
3 606 0 458919 0 0 0
4 607 0 427644 0 0 0
5 620 0 451810 0 0 0
6 614 0 448073 0 0 0
7 608 0 449901 0 0 0
8 606 0 457735 0 0 0
9 609 0 407423 0 0 0
10 603 0 458936 0 0 0
11 623 0 465544 0 0 0
12 598 0 442580 0 0 0
13 604 0 394763 0 0 0
14 609 0 437332 0 0 0
15 619 0 461090 0 0 0
16 606 0 397878 0 0 0
17 612 0 402869 0 0 0
18 621 0 458232 0 0 0
19 617 0 414080 0 0 0
20 616 0 392347 0 0 0
21 604 0 409267 0 0 0
22 606 0 401798 0 0 0
23 599 0 443701 0 0 0
24 623 0 445201 0 0 0
25 602 0 460095 0 0 0
26 601 0 438667 0 0 0
27 602 0 453871 0 0 0
28 607 0 440228 0 0 0
29 609 0 465310 0 0 0
30 593 0 438199 0 0 0
31 610 0 415375 0 0 0
32 606 0 408594 0 0 0
33 611 0 416490 0 0 0
34 602 0 426026 0 0 0
35 616 0 404748 0 0 0
36 612 0 462639 0 0 0
37 618 0 463100 0 0 0
38 603 0 465156 0 0 0
39 614 0 460829 0 0 0
40 609 0 449656 0 0 0
41 607 0 394789 0 0 0
42 603 0 444380 0 0 0
43 604 0 451533 0 0 0
44 611 0 438845 0 0 0
45 605 0 453656 0 0 0
46 602 0 398035 0 0 0
47 606 0 438548 0 0 0
48 612 0 419815 0 0 0
49 616 0 390055 0 0 0
50 611 0 462495 0 0 0
51 608 0 457424 0 0 0
52 608 0 460747 0 0 0
53 610 0 432567 0 0 0
54 613 0 429579 0 0 0
55 609 0 417865 0 0 0
56 623 0 409769 0 0 0
57 619 0 456587 0 0 0
58 601 0 465773 0 0 0
59 612 0 421305 0 0 0
60 611 0 423096 0 0 0
61 621 0 407610 0 0 0
62 607 0 458166 0 0 0
63 608 0 415753 0 0 0
64 526 5.14722 30232 295.076 0.0628227 1.18605
65 527 5.90064 30340 310.058 0.06304 1.2993
66 525 5.89072 30551 288.547 0.0640463 1.1373
67 531 5.9 34759 318.538 0.0734592 1.37932
68 524 5.9 27557 302.813 0.0573949 1.26151
69 518 5.62676 27878 325.303 0.0576168 1.29576
70 526 6.84071 27827 334.456 0.0578985 1.28906
71 526 5.9 32731 307.175 0.0689694 1.25992
72 517 5.2763 27234 311.347 0.0563612 1.1968
73 535 5.9 27797 317.344 0.0574982 1.37588
74 527 5.59329 28307 323.654 0.0586459 1.28057
75 533 5.9 32727 307.097 0.0689024 1.32693
76 528 5.9 26978 324.362 0.0560263 1.24139
77 526 5.38084 28103 311.282 0.0581683 1.19316
78 530 5.9 26440 301.857 0.0549055 1.27234
79 532 5.75102 32586 309.861 0.0684417 1.43169
80 530 5.62807 27014 302.948 0.0562803 1.24538
81 530 5.37453 28279 286.532 0.0589782 1.27373
82 526 4.38717 29003 304.239 0.0559007 1.18996
83 526 5.83886 33071 299.296 0.0699459 1.33852
84 525 5.04961 27584 278.324 0.057221 1.33855
85 521 5.9 28241 292.384 0.058899 1.37731
86 521 5.9 27662 285.881 0.0577403 1.32277
87 528 6.06725 33045 305.608 0.0699712 1.39119
88 526 5.43325 27665 288.281 0.0575957 1.31428
89 526 5.1155 27926 270.522 0.0580642 1.26571
90 519 5.9 27847 273.365 0.0583456 1.15325
91 534 5.86416 32448 294.44 0.0683181 1.39699
92 515 5.18819 30487 272.962 0.063526 1.26054
93 533 5.9 29885 277.129 0.0627914 1.19912
94 538 5.9 30518 271.602 0.0640052 1.22377
95 518 5.9 34575 310.953 0.07319 1.29897
96 529 5.9 30264 296.527 0.0630887 1.27525
97 527 5.7602 29399 308.154 0.0612553 1.19315
98 518 6.10337 29947 296.115 0.0629365 1.18915
99 525 5.9 29767 323.791 0.0619606 1.41159
100 521 5.66939 29124 299.21 0.06077 1.27118
101 526 6.30565 27549 329.746 0.057306 1.34963
102 530 5.9 28654 314.096 0.0597788 1.41339
103 530 7.49005 28043 355.724 0.0591402 1.36064
104 531 5.33558 27498 291.975 0.0570243 1.3175
105 518 5.9 26991 318.495 0.0563331 1.31738
106 532 5.9 27977 311.068 0.0585318 1.25374
107 531 5.9 28151 340.102 0.0587591 1.35421
108 532 5.9 27169 297.635 0.0565883 1.28236
109 522 6.37272 26938 340.335 0.0561218 1.2233
110 525 4.44386 28739 325.01 0.0545905 1.33875
111 532 6.22344 28801 324.928 0.0603337 1.47831
112 521 4.97848 27516 307.628 0.0568429 1.23457
113 522 5.9 26751 329.521 0.0555004 1.28137
114 527 5.9 27198 332.687 0.05653 1.26008
115 523 6.42772 27841 344.058 0.058043 1.27064
116 527 6.66795 27931 352.93 0.0577273 1.4823
117 526 5.9 26985 330.71 0.0555123 1.33605
118 516 5.9 27228 322.532 0.0566819 1.22481
119 523 5.9 27973 378.532 0.057717 1.2063
120 519 5.9 28432 333.034 0.0588918 1.19584
121 520 6.10495 26655 350.098 0.0550494 1.19913
122 523 6.26065 28097 366.873 0.0582982 1.27334
123 532 5.9 26966 370.265 0.0552899 1.31264
124 527 5.9 28841 290.266 0.060177 1.14718
125 520 5.9 29155 336.963 0.0598614 1.2804
126 522 5.9 29193 310.707 0.0606754 1.2237
127 526 5.9 28756 350.733 0.0598885 1.17719
128 509 5.9 27006 300.277 0.0564347 1.2309
129 508 5.9 27162 301.669 0.0567246 1.16819
130 507 5.9 27042 265.959 0.0567561 1.27676
131 505 5.9 30884 350.791 0.0649097 1.33954
132 510 5.9 24881 290.989 0.0518503 1.37687
133 515 5.9 24726 326.063 0.0514793 1.20272
134 512 5.9 25150 298.008 0.0522848 1.40828
135 523 6.13967 29317 312.528 0.0615806 1.35246
136 513 5.9 24788 280.546 0.0516645 1.33238
137 511 5.9 25277 297.281 0.0522187 1.42099
138 514 5.17838 24855 257.572 0.0516937 1.24627
139 517 5.9 29133 321.406 0.0610048 1.40234
140 502 5.9 24547 243.65 0.0517214 1.37454
141 517 6.42816 25047 309.323 0.0521055 1.28921
142 515 5.47513 25740 277.496 0.0536766 1.31246
143 507 6.40315 29017 303.196 0.0615478 1.31221
144 512 5.9 24617 263.661 0.0516081 1.35284
145 516 6.34209 25383 292.995 0.052807 1.37518
146 510 5.9 24135 254.921 0.0503752 1.33474
147 506 5.9 29818 311.457 0.0626388 1.46544
148 507 5.9 24935 250.563 0.0521617 1.34189
149 518 6.58465 24912 294.422 0.0521855 1.19658
150 515 5.9 24763 256.057 0.0520557 1.20366
151 506 5.9 28463 285.601 0.0595815 1.38905
152 519 5.9 25825 279.326 0.0538947 1.24756
153 509 5.9 25129 299.812 0.0518533 1.27302
154 514 6.34102 25059 278.831 0.052363 1.25881
155 512 5.9 28533 298.231 0.0593501 1.3511
156 520 5.9 26724 251.959 0.0560319 1.27288
157 508 5.9 27224 279.536 0.0569974 1.0407
158 503 5.9 27678 243.752 0.0581241 1.23817
159 505 5.9 30232 317.242 0.0633187 1.24675
160 517 5.9 27090 264.919 0.0567057 1.13884
161 508 5.9 26509 156.346 0.0579747 1.14576
162 512 5.9 27733 204.989 0.0593985 1.15056
163 515 5.9 27855 140.358 0.0635241 1.18224
164 520 5.9 26074 258.982 0.0546254 1.27214
165 519 5.9 25852 184.768 0.0553642 1.21885
166 510 5.9 25549 239.834 0.0537312 1.2578
167 517 5.9 27536 145.173 0.0608365 1.02568
168 512 5.9 25372 259.945 0.053169 1.16259
169 513 5.9 25217 185.582 0.054208 1.13729
170 523 5.9 25590 218.955 0.0541348 1.30464
171 516 5.9 28016 159.774 0.0615348 1.15987
172 507 5.9 25700 248.299 0.0539958 1.36968
173 512 5.9 25666 206.922 0.0546004 1.17528
174 512 5.9 26485 218.382 0.0565434 1.16159
175 513 5.9 27740 172.091 0.060136 1.22227
176 518 5.9 25239 241.197 0.0531376 1.38039
177 527 5.9 25936 202.74 0.0555774 1.22966
178 511 5.9 25754 239.498 0.0541926 1.33131
179 513 5.9 27530 159.814 0.0602102 1.27462
180 513 5.9 26365 271.158 0.0552746 1.25914
181 512 5.9 25341 210.296 0.0541453 1.24928
182 514 5.9 25825 266.654 0.0542381 1.1724
183 512 5.9 27486 193.367 0.0594296 1.24409
184 502 5.9 26146 314.149 0.0545648 1.36861
185 520 5.9 26088 234.541 0.0552802 1.29259
186 513 6.08147 26559 287.493 0.0555522 1.30593
187 516 5.9 28233 193.745 0.0612432 1.20422
188 512 5.9 27032 322.772 0.0561342 1.12166
189 515 5.9 27222 214.988 0.0579815 1.25498
190 506 5.9 27180 254.239 0.0570301 1.20335
191 501 5.9 29275 199.45 0.0640064 1.09632
