0 519 5.9 25324 128.137 0.0551177 1.04917
1 517 5.9 25668 135.125 0.0540161 1.12265
2 520 5.9 25503 119.443 0.0565271 1.13148
3 519 5.9 26765 97.6178 0.0664621 1.08564
4 517 5.9 23542 146.144 0.0504273 0.977323
5 514 5.9 22549 127.014 0.0488239 1.08386
6 518 5.9 23196 135.066 0.0502587 1.03679
7 520 5.9 26288 87.8965 0.0689945 1.01027
8 524 5.9 22105 121.958 0.0482283 1.0048
9 527 5.9 23759 136.575 0.0504936 1.12221
10 522 5.9 23009 139.76 0.0493469 1.0586
11 522 5.9 26445 104.013 0.0604117 0.97613
12 516 5.9 21365 121.27 0.0453965 1.11564
13 519 5.9 23643 120.846 0.0505123 1.03337
14 522 5.9 21583 107.296 0.0478233 0.980534
15 513 5.9 26860 96.9515 0.0659183 0.978201
16 517 5.9 21558 123.181 0.0458677 1.03407
17 515 5.9 23886 129.386 0.050694 0.933454
18 520 5.9 22222 112.46 0.049561 0.985667
19 518 5.9 27806 97.6468 0.071162 1.1616
20 520 5.9 22289 123.811 0.0475868 0.984658
21 518 5.9 22971 112.502 0.0510045 1.06042
22 522 5.9 22691 128.679 0.0482986 1.05042
23 526 5.9 28361 87.1851 0.075778 1.48487
24 518 5.9 22611 125.301 0.0480617 1.09983
25 521 5.9 22597 117.817 0.0490061 1.0422
26 520 5.9 23668 119.213 0.0509837 0.98787
27 516 5.9 26424 55.4321 0.0920359 5.58613
28 533 5.9 26112 112.09 0.0571443 1.03425
29 518 5.9 26136 114.809 0.0566759 0.982569
30 515 5.9 25890 96.9279 0.0582095 0.973488
31 525 5.9 27396 92.2399 0.0664424 1.00544
32 515 5.9 25275 103.831 0.0560939 1.07247
33 510 5.9 24144 122.494 0.0517866 1.00775
34 513 5.9 24339 100.272 0.0554618 1.02584
35 513 5.9 23016 100.651 0.054982 0.920292
36 527 5.9 22964 115.764 0.0515405 1.03086
37 519 5.9 22506 131.433 0.0474193 0.99585
38 517 5.9 22760 121.916 0.0488085 0.909509
39 524 5.9 22807 132.33 0.0488763 0.933996
40 515 5.9 22491 120.37 0.0484105 0.97306
41 518 5.9 22277 117.548 0.0479103 0.992264
42 523 5.9 22048 120.786 0.047512 0.980043
43 526 5.9 24105 128.018 0.0514953 0.948049
44 525 5.9 21841 120.519 0.0466771 1.11353
45 515 5.9 22197 124.366 0.0469162 0.999968
46 516 5.9 21900 125.983 0.0479243 0.959496
47 518 5.9 24104 132.17 0.0519984 1.14326
48 519 5.9 22161 141.569 0.0476283 0.929922
49 522 5.9 22486 137.343 0.0483355 1.24319
50 518 5.9 21644 134.724 0.0465812 0.944592
51 518 5.9 24110 129.888 0.0523618 1.31865
52 527 5.9 22826 141.334 0.0494377 0.889533
53 525 5.9 21777 135.752 0.0465448 0.973693
54 522 5.9 22037 130.433 0.0476664 0.963546
55 513 5.9 23709 131.634 0.051662 1.1068
56 520 5.9 24439 148.685 0.0525404 1.11785
57 516 5.9 22256 153.854 0.0475989 1.23166
58 528 5.9 23094 154.743 0.0492304 1.08294
59 513 5.9 22981 157.282 0.0492821 1.2081
60 520 5.9 26390 143.536 0.0568478 1.05286
61 522 5.9 24263 139.419 0.0522406 1.23722
62 521 5.9 25130 134.477 0.0547437 1.20285
63 524 5.9 24963 152.946 0.0541172 1.08629
64 465 5.9 27242 140.789 0.0590414 1.09943
65 461 4.01779 27701 152.288 0.0581612 1.10849
66 464 5.9 27927 142.283 0.0609129 0.982458
67 462 5.9 28100 108.177 0.06947 1.06071
68 459 5.9 25737 169.974 0.0553667 1.12056
69 452 5.9 24617 163.66 0.0521646 1.12462
70 454 5.9 24998 147.902 0.0542353 1.18532
71 454 5.9 28516 133.461 0.0645258 1.03534
72 452 5.9 24426 177.709 0.0516111 1.19771
73 464 5.4582 25809 151.482 0.0546216 1.23694
74 458 5.35934 24544 171.727 0.051653 1.03113
75 455 5.9 28863 143.14 0.0628171 1.06117
76 452 5.9 24140 168.977 0.0513248 1.13583
77 458 5.9 25411 147.345 0.0545755 1.0686
78 458 5.9 24817 164.555 0.052339 1.22273
79 465 5.9 29821 129.758 0.0661724 0.942989
80 456 5.9 24107 171.747 0.0509971 1.03789
81 469 5.9 25266 153.163 0.0535631 1.04791
82 461 5.9 24052 156.735 0.0514854 0.881795
83 465 5.9 28653 129.141 0.0631409 1.0836
84 465 5.9 23169 174.366 0.0486419 1.25938
85 458 5.9 24635 144.239 0.0527751 1.07405
86 456 5.9 24099 159.551 0.0510032 1.06219
87 464 5.9 29002 139.916 0.0631285 1.03228
88 463 5.9 25380 185.205 0.0536594 1.24397
89 456 5.9 24763 176.865 0.0523999 1.16368
90 459 5.9 24564 168.319 0.0518742 1.23785
91 468 5.9 28565 148.196 0.0620651 1.09166
92 457 5.9 26786 184.924 0.056758 1.1684
93 459 5.9 26741 171.432 0.0568056 1.09597
94 461 5.9 26805 170.229 0.057064 1.04503
95 460 5.9 29875 136.143 0.0686721 1.05568
96 457 5.9 27677 187.597 0.0590909 1.22429
97 458 5.9 26727 153.443 0.0578389 0.987371
98 462 5.9 27823 190.86 0.0592775 1.16575
99 459 5.9 27228 148.649 0.0592277 1.23815
100 461 5.9 25913 183.411 0.0551707 1.21842
101 458 5.9 24284 174.12 0.0518137 1.16539
102 452 4.68302 25047 187.73 0.0524321 1.15731
103 453 5.9 25923 155.815 0.0557606 1.25905
104 457 5.9 24563 189.303 0.051449 1.3223
105 467 4.77168 24715 173.126 0.0518354 1.18169
106 461 5.9 24024 165.565 0.0510657 1.03859
107 453 5.9 27818 153.985 0.0599294 1.20123
108 468 5.9 23737 177.326 0.0501721 1.0912
109 471 5.9 23792 154.614 0.0508848 1.11558
110 461 5.9 24369 171.386 0.0511974 1.03201
111 455 5.9 26999 158.908 0.0580822 1.19378
112 460 5.9 24545 178.819 0.0517862 1.29969
113 464 5.9 23930 140.782 0.0516842 1.11983
114 453 5.9 24293 158.763 0.0517004 1.00552
115 461 5.9 27232 164.864 0.0583349 1.13464
116 468 5.9 25198 190.478 0.0530612 1.23676
117 461 5.9 24280 164.759 0.0519511 1.14657
118 465 4.96787 24137 179.147 0.0510062 1.00448
119 463 5.9 26286 146.246 0.0568835 1.17523
120 456 5.9 25032 180.73 0.0531809 1.32347
121 456 5.9 23476 160.569 0.050084 1.09901
122 455 4.26058 24672 166.99 0.0516617 1.24545
123 467 5.9 25559 154.703 0.0549012 1.14228
124 456 5.9 27163 159.861 0.0586401 1.09392
125 460 5.9 25193 136.164 0.0553778 0.986962
126 465 5.9 26317 149.927 0.0572227 1.01636
127 463 5.9 27291 131.995 0.0609066 1.12928
128 514 5.9 24838 232.55 0.0508894 0.956306
129 513 5.9 24630 230.661 0.0505368 0.951501
130 517 5.9 25341 238.107 0.0518791 0.988079
131 513 5.9 20717 175.054 0.0484573 1.7226
132 515 5.9 23544 286.279 0.0475214 1.19464
133 503 7.25845 22536 254.087 0.0459241 1.14409
134 510 6.13049 22964 273.158 0.0467595 1.04339
135 514 7.97434 19955 169.409 0.0512221 1.20657
136 517 5.9 22478 246.415 0.0456613 1.09296
137 509 6.15698 22539 204.935 0.0464644 0.938856
138 520 6.79082 22706 215.816 0.0470912 0.9989
139 512 5.9 23395 159.783 0.057641 1.13623
140 516 6.1487 23298 225.267 0.0484303 0.888212
141 524 5.9 23706 234.963 0.0485718 1.06142
142 510 5.9 22968 233.746 0.0464644 1.01481
143 513 5.9 24311 156.062 0.0590118 1.27204
144 504 5.9 23132 206.652 0.0478508 1.05016
145 513 5.9 23506 211.123 0.0483402 1.05538
146 515 5.9 23905 213.408 0.0492279 1.03035
147 514 5.9 24431 164.386 0.0577441 1.12168
148 520 5.80385 23245 234.145 0.0474879 1.20274
149 513 5.9 23458 170.843 0.0492136 1.06194
150 520 5.9 22736 209.807 0.046768 1.05861
151 520 5.9 25092 149.028 0.0595611 0.898884
152 519 5.9 24028 242.921 0.049089 1.10743
153 513 5.9 22894 236.134 0.0465626 1.02308
154 506 5.9 23317 230.716 0.0480605 0.998915
155 521 5.9 24488 160.339 0.0554729 1.06662
156 511 5.71526 26702 237.415 0.0547404 1.04166
157 518 5.9 25135 227.896 0.0514366 1.05905
158 514 5.9 26416 229.29 0.0545276 1.05198
159 516 5.9 25709 166.117 0.0609213 1.04626
160 519 5.9 27462 230.431 0.0565685 1.17726
161 509 5.9 26151 215.312 0.0543101 1.13769
162 500 5.9 26951 233.935 0.0558394 0.921756
163 515 5.9 29037 213.186 0.06098 0.94885
164 514 5.9 25143 284.122 0.0506635 1.09218
165 515 5.9 24454 268.003 0.0495809 1.20835
166 515 5.9 25097 250.24 0.0513969 1.10876
167 520 5.9 27495 243.12 0.0566769 1.1226
168 509 5.9 24363 247.69 0.0495358 1.19143
169 510 5.9 25527 208.804 0.0525994 1.11176
170 502 6.07534 24470 253.394 0.0497215 1.06124
171 506 5.9 28385 234.547 0.058803 1.1031
172 525 5.9 24014 224.925 0.049423 1.07305
173 506 5.9 25215 254.564 0.0515653 1.05224
174 514 5.9 24372 247.499 0.0495398 1.22571
175 515 5.9 28719 295.897 0.0585021 1.08099
176 508 7.30643 23268 245.264 0.0481045 0.998546
177 519 6.18438 25483 260.682 0.0520419 1.13133
178 508 6.629 23998 277.976 0.0489051 1.0592
179 521 5.9 28535 313.31 0.0583034 1.11797
180 516 5.9 24030 250.694 0.0491388 1.04827
181 518 5.9 24498 236.303 0.0504628 1.03133
182 516 5.9 23986 249.005 0.0486163 1.21616
183 513 5.9 28713 283.673 0.0590869 1.17953
184 522 5.9 24267 305.215 0.0482638 1.15407
185 519 5.9 23161 280.249 0.0469203 1.16145
186 511 6.80573 23185 309.138 0.0469843 1.17377
187 503 5.9 27041 315.858 0.0550019 1.13216
188 515 5.9 26551 264.596 0.0541202 1.18978
189 518 5.9 26335 323.496 0.0522567 1.6152
190 519 6.89175 25804 285.84 0.0526021 1.05208
191 516 5.9 28306 297.309 0.0580949 1.06344
