0 498 5.9 26787 117.354 0.0588352 0.910583
1 497 5.9 25353 102.07 0.0575247 0.972608
2 500 5.9 26029 112.936 0.0567857 0.946819
3 507 5.9 28795 69.8836 0.0890312 3.3209
4 495 5.9 25014 137.345 0.0539231 1.08559
5 508 5.9 23063 100.998 0.0512881 0.992966
6 498 5.9 24043 115.496 0.0523876 1.00706
7 499 5.9 27457 85.3701 0.0750978 1.43673
8 490 5.9 24670 138.598 0.0521249 1.13386
9 500 5.9 24277 109.007 0.0525992 1.08811
10 494 5.9 24406 128.773 0.054111 0.897604
11 501 5.9 28028 81.4131 0.0708467 5.50295
12 503 5.9 24582 137.105 0.0532793 1.04248
13 492 5.9 24343 72.8193 0.0717407 2.4462
14 492 5.9 24766 125.214 0.0543678 1.10563
15 509 5.9 29247 120.149 0.0664959 1.18711
16 494 5.9 24886 152.044 0.0538531 0.939699
17 497 5.9 24650 121.005 0.0527876 0.950814
18 497 5.9 24900 142.636 0.0536699 1.01022
19 497 5.9 28501 108.679 0.0667024 0.944715
20 488 5.9 23766 159.976 0.0506175 1.06892
21 500 5.9 23661 117.768 0.0508431 0.957653
22 490 5.9 24787 142.54 0.0523572 0.941509
23 498 5.9 29035 126.112 0.0645427 1.01784
24 492 5.9 24268 151.872 0.0527432 1.09375
25 498 5.9 24211 139.267 0.0523745 0.961083
26 501 5.9 25043 146.43 0.0546558 0.979577
27 500 5.9 28260 126.576 0.0629144 0.922945
28 500 5.9 26976 152.538 0.0579517 1.14302
29 500 5.9 27073 137.29 0.0585001 1.14489
30 501 5.9 27644 142.576 0.0597992 1.2312
31 503 5.9 30286 122.972 0.0686798 0.959144
32 494 5.9 26637 145.28 0.0577886 1.08011
33 498 5.9 23769 139.14 0.0519317 1.09907
34 496 5.9 25897 143.371 0.0563481 1.00817
35 506 5.9 24614 160.431 0.053693 1.01156
36 499 5.9 25155 177.107 0.0533464 1.08708
37 495 4.36197 22750 151.191 0.0479681 1.0896
38 495 5.9 23923 170.336 0.0505525 1.23587
39 499 5.9 23588 162.718 0.0506124 1.09233
40 499 5.9 24271 173.076 0.0510415 1.0295
41 489 5.9 23703 138.946 0.0507004 1.18188
42 496 5.9 24268 150.511 0.0522317 0.929547
43 499 5.9 24339 163.247 0.0521595 1.0132
44 506 5.9 24751 149.247 0.0537738 0.890764
45 497 5.9 23724 127.741 0.0526027 0.992174
46 497 4.90226 24581 161.15 0.0514626 1.07331
47 505 5.9 25704 172.199 0.0550972 1.11563
48 498 5.9 25765 166.148 0.054694 1.03033
49 499 5.9 24077 135.422 0.0522111 1.10674
50 503 4.73486 25470 139.891 0.0544764 1.11617
51 499 5.9 25351 143.859 0.0557468 1.14175
52 492 5.9 25265 152.962 0.0543956 1.05987
53 495 5.9 23652 110.586 0.0538408 1.03191
54 497 5.9 24112 137.909 0.0521805 0.960455
55 497 5.9 24767 140.454 0.0539304 1.01575
56 493 5.9 25760 141.946 0.0552921 0.976493
57 495 4.70857 22990 143.315 0.048397 1.0358
58 501 5.9 23324 137.905 0.0509778 0.94842
59 492 5.9 23930 141.484 0.0514782 1.09958
60 496 5.9 26510 112.793 0.057732 0.939586
61 495 5.9 24143 122.976 0.0527638 0.889364
62 499 5.9 24939 117.06 0.0539215 1.08164
63 504 5.9 24789 125.252 0.0552784 0.928886
64 536 4.09891 29057 248.035 0.0591656 1.17983
65 532 5.93697 26107 250.983 0.0544334 1.11549
66 539 5.87919 27093 242.388 0.0569683 1.03388
67 530 6.67876 22193 178.719 0.0524392 1.03613
68 536 5.9 23395 274.223 0.0481045 1.29866
69 539 5.98792 23236 286.128 0.0478718 1.17123
70 539 5.9 22480 290.838 0.0458797 1.111
71 539 5.9 24552 225.679 0.0518542 1.47894
72 535 5.9 21794 263.616 0.0451507 1.11539
73 536 5.482 22447 274.038 0.0458039 1.274
74 534 6.28026 21427 270.966 0.0442018 1.09802
75 532 5.9 24182 189.729 0.052693 1.24222
76 535 5.1154 21612 237.009 0.0445254 1.27227
77 541 6.12433 22147 288.363 0.0453668 1.19912
78 529 6.07713 20894 256.762 0.0429248 1.18036
79 537 5.9 24776 223.204 0.0525426 1.30718
80 515 5.36697 20797 236.542 0.0429208 1.14065
81 533 5.86504 21926 245.496 0.0455766 1.129
82 538 6.58854 20822 258.805 0.0429073 1.16434
83 534 5.9 24839 216.734 0.0528306 1.16398
84 536 5.37345 22445 239.825 0.0464887 1.15225
85 533 5.9 22683 278.598 0.0462768 1.42812
86 544 5.9 21413 254.494 0.043908 1.30856
87 539 5.9 24000 184.037 0.0524412 1.21642
88 537 5.55839 23083 248.906 0.0476114 1.17584
89 540 6.66415 23185 264.529 0.048078 1.21389
90 535 6.2294 22872 257.631 0.0474014 1.22604
91 530 5.9 24585 180.387 0.0551264 1.26502
92 534 5.9 27098 235.354 0.056857 1.22324
93 533 5.9 26391 207.761 0.0556413 1.14607
94 536 5.93881 26445 220.865 0.0554346 1.25284
95 541 5.9 22840 153.045 0.0564873 1.20479
96 538 5.9 26541 201.645 0.056408 1.11878
97 542 5.69281 26452 223.168 0.0556624 1.18354
98 536 5.9 27605 225.848 0.0580734 1.15791
99 546 5.9 29883 220.64 0.0634092 1.06138
100 530 5.9 24116 219.507 0.0504189 1.20471
101 529 5.05881 24780 235.903 0.0516015 1.13215
102 531 4.78835 24060 224.356 0.0497842 1.26909
103 533 5.9 26194 227.774 0.0549685 1.13748
104 529 5.9 23342 244.044 0.0487043 1.08071
105 529 5.3102 24054 257.515 0.0497922 1.11882
106 534 5.9 23799 245.883 0.0495135 1.19671
107 538 5.9 27164 237.882 0.0569814 1.1681
108 538 5.9 22544 248.625 0.0467688 1.22974
109 536 4.81715 24715 223.86 0.0515984 1.13998
110 537 5.9 23176 241.637 0.0481497 1.28883
111 540 5.9 27786 244.277 0.0581734 1.26732
112 540 5.9 22476 255.595 0.0465901 1.15354
113 541 5.23263 24718 264.339 0.0509223 1.23302
114 538 5.45111 23558 257.26 0.0486335 1.16955
115 542 5.9 27730 254.466 0.0582539 1.12115
116 528 6.23385 23991 281.412 0.0498121 1.11482
117 531 5.9 24383 242.553 0.0508476 1.17469
118 541 5.9 24251 265.862 0.050288 1.19336
119 531 5.9 27098 258.681 0.0567051 1.15967
120 542 5.96068 23729 291.793 0.0488917 1.27212
121 528 5.9 24817 284.741 0.0514536 1.16661
122 534 5.75476 23824 295.432 0.0490621 1.16182
123 535 5.9 27287 288.116 0.0567557 1.23866
124 529 5.47611 27785 249.057 0.0580181 1.11222
125 530 5.9 28127 260.058 0.0588574 1.2684
126 535 6.12966 28156 281.213 0.0585829 1.26025
127 537 5.9 29479 228.878 0.0623356 1.229
128 436 5.9 24693 320.765 0.0505715 1.22136
129 434 5.9 24746 292.856 0.0504539 1.26162
130 443 5.9 24193 288.448 0.0493981 1.1933
131 436 5.9 25447 232.953 0.0545322 1.10583
132 440 5.79005 20864 338.357 0.042446 1.22554
133 442 5.81197 20831 312.88 0.0423582 1.28376
134 436 6.39785 19609 335.586 0.0399493 1.13414
135 439 5.9 24078 272.201 0.0495905 1.14619
136 444 5.91188 18907 343.632 0.03871 1.13279
137 441 6.16803 18077 321.728 0.0369034 1.02672
138 433 5.38485 18140 334.521 0.0360771 1.16857
139 444 5.9 21914 280.466 0.0449526 1.14969
140 440 5.55258 18185 319.34 0.0369891 1.09441
141 431 5.9 17248 307.764 0.0348864 1.13195
142 438 5.9 17621 327.334 0.0352788 1.19295
143 442 5.9 20854 288.107 0.0424946 1.19277
144 442 5.9 18370 328.088 0.0371609 1.15786
145 441 6.20662 17174 287.329 0.0349487 1.0686
146 440 5.77514 17176 314.458 0.0347516 1.08961
147 445 5.9 21480 267.777 0.0440515 1.25108
148 442 5.9 18752 338.589 0.0380912 1.17
149 429 5.9 17333 293.152 0.0353454 1.04163
150 432 5.9 17697 304.44 0.0361725 1.0525
151 443 5.9 21021 264.247 0.0429913 1.17339
152 444 5.84635 21733 311.914 0.0444994 1.17642
153 436 5.45479 20488 286.738 0.0416905 1.23096
154 441 5.9 19710 293.772 0.0400796 1.19193
155 441 5.9 22852 273.407 0.0470266 1.09675
156 442 5.65582 24413 290.193 0.0502354 1.16083
157 435 5.9 23761 263.433 0.0488128 1.17863
158 439 6.20783 24554 274.937 0.0506907 1.1216
159 458 5.9 25772 271.255 0.0534401 1.21611
160 438 5.9 25986 318.401 0.0532147 1.25418
161 437 6.21438 26929 294.276 0.0559334 1.08698
162 446 6.29817 26661 297.823 0.0550649 1.21427
163 440 5.9 28690 302.395 0.0593268 1.24287
164 434 5.9 23096 324.732 0.0473733 1.23933
165 444 6.20846 24375 311.986 0.05019 1.24848
166 441 5.9 23668 317.271 0.0482908 1.26615
167 447 5.9 27173 294.406 0.0561257 1.27919
168 444 5.88607 21159 348.423 0.0429891 1.28744
169 436 5.94029 24203 328.751 0.0497658 1.27197
170 444 6.10171 22857 317.914 0.0469659 1.18945
171 441 5.9 27097 304.608 0.0560927 1.24999
172 439 5.3453 21160 321.306 0.0428834 1.21277
173 434 6.59651 23689 309.11 0.0484591 1.1218
174 438 5.9 23556 327.038 0.0473854 1.31503
175 442 5.9 26686 298.241 0.055085 1.26338
176 441 6.20543 20572 353.638 0.04197 1.13105
177 439 6.38225 23188 314.712 0.0475946 1.15964
178 443 5.9 22246 307.279 0.0455622 1.15858
179 451 5.9 26177 291.24 0.0542351 1.20053
180 443 5.90664 20918 352.584 0.0428783 1.10675
181 436 6.51352 23214 296.44 0.0476215 1.1247
182 446 6.37752 22617 351.904 0.0456529 1.33807
183 442 5.9 25963 303.956 0.0536277 1.2773
184 436 5.9 22443 349.389 0.0454755 1.29896
185 446 5.9 24121 329.938 0.048622 1.21546
186 446 5.9 23741 355.094 0.0472744 1.23601
187 432 7.72685 26568 337.606 0.0553354 1.21933
188 444 5.74008 24939 328.442 0.0507068 1.22155
189 436 6.97449 26128 341.634 0.0536054 1.31887
190 433 5.9 26060 323.227 0.0524184 1.29315
191 444 5.9 29202 321.685 0.0602286 1.32732
