0 520 5.9 25692 109.069 0.0596404 0.864908
1 529 5.9 27477 127.563 0.0600514 1.24429
2 514 5.9 27171 136.507 0.0595026 1.04643
3 514 5.9 23390 98.2514 0.0673933 1.03438
4 522 5.9 23666 150.786 0.0513048 1.00664
5 522 5.9 24978 143.186 0.0533392 1.05035
6 509 5.9 24612 154.288 0.0531267 1.01033
7 518 5.9 26610 85.017 0.0755835 1.07909
8 520 5.9 23604 142.794 0.0511663 1.14024
9 525 5.9 26132 125.006 0.0580677 0.972171
10 516 5.9 24532 117.309 0.0555225 1.00642
11 523 5.9 25757 82.9637 0.0762898 1.07383
12 516 5.9 22995 132.746 0.0510494 1.07645
13 514 5.9 25099 131.117 0.0535134 0.969521
14 518 5.9 24058 124.605 0.0532714 1.03644
15 518 5.9 25504 85.6068 0.078245 1.09967
16 526 5.9 23275 129.686 0.0514308 1.03852
17 525 5.9 25437 118.219 0.0573 1.09964
18 521 5.9 23519 112.792 0.0531031 0.966434
19 531 5.9 25597 80.9773 0.0804265 1.08252
20 526 5.9 23123 139.185 0.0507847 0.982476
21 518 5.9 25642 119.454 0.0563239 0.866659
22 522 5.9 25047 107.203 0.0603107 1.24205
23 519 5.9 26573 74.952 0.0832438 1.20644
24 516 5.9 23841 140.887 0.0521726 0.912494
25 512 5.9 25590 131.413 0.0544736 1.1856
26 523 5.9 25717 147.313 0.0542149 1.0792
27 512 5.9 25424 74.5583 0.0800384 1.04629
28 525 5.9 26650 100.598 0.0669082 1.18776
29 507 5.9 27752 104.631 0.0636451 1.1227
30 515 5.9 27916 121.285 0.06219 0.966124
31 521 5.9 22898 74.8424 0.0722663 1.10252
32 526 5.9 25669 102.395 0.061407 0.934695
33 510 5.9 25328 132.24 0.0536956 1.16277
34 522 5.9 24477 100.987 0.0541886 1.0839
35 521 5.9 24674 102.579 0.0620477 1.00726
36 523 5.9 23796 132.393 0.0531578 1.07877
37 522 5.9 22897 159.792 0.0488984 1.03146
38 518 5.9 23501 136.739 0.0517654 1.03164
39 527 5.9 24791 145.638 0.0543032 1.04307
40 517 5.9 22612 138.025 0.0495894 1.07702
41 508 5.9 23389 134.001 0.0511931 1.00273
42 526 5.9 23481 133.076 0.0499809 0.992263
43 513 5.9 25632 158.093 0.0543905 1.06877
44 531 5.9 22444 129.446 0.0489718 1.10558
45 523 5.9 22973 152.527 0.0488829 0.971547
46 522 5.9 23230 141.091 0.0502841 0.997233
47 523 5.9 25747 152.182 0.0561374 0.962932
48 515 5.9 22896 131.36 0.0512166 0.991762
49 518 5.9 22897 143.517 0.0492022 1.06108
50 520 5.9 22613 139.456 0.0493241 0.975555
51 525 5.9 25645 149.572 0.0556472 1.03885
52 519 5.9 22964 141.246 0.0498495 1.08746
53 516 5.9 22958 169.699 0.0482341 1.07875
54 518 5.9 23687 148.378 0.0508551 0.980585
55 525 5.9 25258 172.125 0.0533875 1.11105
56 514 5.9 24516 152.142 0.0533568 1.02398
57 521 5.9 22052 187.251 0.0464827 1.10787
58 517 5.9 22980 167.932 0.0494798 1.08231
59 515 5.9 24598 191.872 0.0521383 0.972441
60 521 5.9 25938 141.729 0.0566414 1.08503
61 514 5.9 24998 176.558 0.053034 1.11206
62 517 5.9 25849 147.536 0.055677 1.1352
63 515 5.9 26172 175.688 0.0577593 1.02976
64 555 5.9 24584 189.219 0.0522706 1.11239
65 558 5.9 24935 177.233 0.053381 1.02984
66 559 5.9 24844 190.278 0.0529054 1.02383
67 552 5.9 28162 124.932 0.066508 1.29529
68 555 5.9 21786 192.559 0.0458762 1.23519
69 549 5.9 23481 173.716 0.0501488 0.889487
70 561 5.9 22383 191.542 0.0471623 1.11362
71 560 5.9 26920 137.823 0.0592361 1.04954
72 568 5.9 20197 177.587 0.0426828 0.986069
73 554 5.52784 22395 167.171 0.0472545 1.02873
74 553 5.9 21157 178.426 0.0445426 1.03284
75 560 5.9 26025 137.204 0.0577265 1.01417
76 552 5.9 18929 171.357 0.0405718 1.02477
77 566 5.9 21692 179.257 0.0457179 1.04369
78 567 5.9 20435 169.601 0.0432021 1.04524
79 560 5.9 25786 145.425 0.056427 0.988414
80 559 5.9 19261 178.074 0.0406874 0.999513
81 559 5.9 21634 173.76 0.0455636 1.16053
82 568 5.9 19765 191.525 0.0416795 0.851458
83 558 5.9 25943 139.97 0.0567606 1.04179
84 573 5.9 19211 183.543 0.0404744 0.981548
85 561 5.9 21383 170.845 0.0453236 0.939065
86 559 5.9 19957 180.528 0.0419194 1.06186
87 557 5.9 25079 130.264 0.0547082 0.983942
88 558 5.9 21514 187.413 0.0456104 1.24191
89 561 5.9 21906 158.084 0.0465797 1.05257
90 557 5.9 21422 172.016 0.0460236 0.936531
91 548 5.9 25413 121.031 0.0561366 0.996035
92 553 5.9 24522 169.096 0.0526326 0.937026
93 556 5.9 24027 158.909 0.0511824 0.988327
94 561 5.9 24375 156.88 0.0522665 1.00245
95 560 5.9 24228 100.333 0.0622002 1.10846
96 557 5.9 26137 183.651 0.0555778 1.14549
97 554 5.9 25447 186.935 0.0540482 1.20598
98 564 5.9 26380 172.385 0.0563525 1.14005
99 562 5.9 24960 185.109 0.0535988 0.968391
100 563 5.9 22618 195.541 0.0477964 1.14365
101 559 5.70674 23479 212.582 0.0491134 1.15116
102 555 5.9 23627 215.932 0.0495935 1.02268
103 547 5.9 23760 203.721 0.0502342 0.944508
104 557 5.9 20263 182.929 0.0430626 1.10427
105 555 5.9 23568 203.643 0.0497168 1.0869
106 561 5.9 21476 211.758 0.044883 0.966251
107 547 5.9 24949 225.066 0.052233 1.09305
108 556 5.9 19837 202.803 0.0415301 1.01884
109 556 5.46026 22944 210.738 0.0480627 0.987577
110 552 5.71105 21586 203.748 0.0452918 0.897982
111 554 5.9 24628 224.752 0.0515359 1.0758
112 556 5.9 20193 192.675 0.0425822 0.938023
113 568 5.9 23444 202.27 0.0492373 1.09165
114 561 5.9 21683 198.143 0.0453581 1.02633
115 555 5.9 24890 231.298 0.0518193 1.03156
116 556 5.9 21005 187.808 0.0440612 0.918787
117 566 5.9 22812 209.048 0.0476958 1.11765
118 571 5.9 22113 204.982 0.0462233 1.00199
119 565 5.9 24516 215.955 0.0514416 1.14764
120 556 5.9 22408 199.131 0.0474595 1.0859
121 555 5.9 23393 233.904 0.048951 1.1024
122 556 5.60225 23457 224.39 0.0490035 1.07493
123 554 5.9 23100 207.086 0.0484203 1.19563
124 561 5.9 25121 190.571 0.05354 1.07384
125 566 5.9 25178 224.862 0.0523084 1.28933
126 560 5.9 24983 199.665 0.0529134 0.988816
127 557 5.9 24831 206.292 0.0526812 1.11122
128 536 5.9 24344 184.791 0.0515009 1.07218
129 527 5.9 25369 189.641 0.0536004 1.06784
130 531 5.9 24732 184.832 0.0524387 1.09611
131 546 5.9 25896 155.382 0.0582313 1.0653
132 535 5.9 21013 212.609 0.0438152 1.02752
133 528 5.9 22602 211.335 0.0472758 1.05278
134 537 5.9 21012 195.375 0.0443515 0.972709
135 537 5.9 25985 182.456 0.0554186 1.10632
136 524 5.9 18781 203.288 0.0392844 0.845404
137 541 5.9 21003 197.125 0.0436557 1.02021
138 538 5.9 19792 191.486 0.0416217 0.992572
139 541 5.9 25032 174.611 0.0540242 0.976864
140 540 5.9 18981 204.78 0.0396061 1.05683
141 538 5.9 19676 182.491 0.0414387 1.00879
142 532 5.9 18463 180.652 0.0389501 1.03484
143 535 5.9 24760 162.059 0.0536378 0.969774
144 530 5.9 19377 185.714 0.0410685 0.977206
145 537 5.9 19847 177.502 0.0416514 0.951673
146 533 5.9 18811 168.806 0.0403054 0.863627
147 539 5.9 24611 177.992 0.0527139 0.880786
148 535 5.9 19199 176.853 0.0405261 1.049
149 537 5.9 21135 168.085 0.0452188 0.842502
150 536 5.9 19606 155.816 0.0420004 0.977414
151 528 5.9 25501 147.483 0.0562272 0.91388
152 537 5.9 20450 158.574 0.0441891 0.97242
153 534 5.9 21713 143.231 0.0470593 1.01652
154 534 5.9 20323 147.429 0.0440535 0.938972
155 544 5.9 24921 128.544 0.0557004 1.05788
156 526 5.9 24265 148.799 0.0524197 1.06596
157 540 5.9 24074 137.107 0.0521081 0.930805
158 535 5.9 23752 128.992 0.0522899 0.999011
159 526 5.9 26797 140.019 0.0599702 0.93172
160 533 5.9 24460 134.415 0.0531509 1.2104
161 537 5.9 25408 132.319 0.0558168 1.04284
162 532 5.9 25141 145.22 0.0544445 0.946887
163 535 5.9 26437 124.813 0.0601222 1.17335
164 540 5.9 21517 154.299 0.0460299 1.11767
165 537 5.9 23243 160.03 0.0499434 1.14342
166 522 5.9 22341 142.728 0.0490387 1.04746
167 531 5.9 24623 152.307 0.053169 1.06269
168 528 5.9 20496 165.534 0.0440545 1.05157
169 536 5.9 23300 184.125 0.0493025 1.16013
170 536 5.9 22464 182.627 0.0472107 1.16325
171 536 5.9 25344 169.08 0.054819 1.04749
172 540 5.9 20169 183.796 0.0429481 1.00404
173 540 5.9 22309 175.925 0.0476877 1.14247
174 535 5.9 20816 191.021 0.0439046 1.05065
175 533 5.9 25231 176.581 0.0538972 1.04729
176 542 5.9 20140 200.154 0.0420461 1.03657
177 534 5.9 22584 211.536 0.0473087 1.18184
178 533 5.9 20682 190.535 0.0433879 1.11099
179 530 5.9 25390 202.702 0.0537127 1.06374
180 531 5.9 20030 211.501 0.04174 1.0254
181 537 5.9 23084 221.036 0.0481125 1.07685
182 539 5.9 21629 227.602 0.0448337 1.06926
183 534 5.9 25761 212.982 0.0543055 1.0624
184 532 5.9 21499 210.81 0.044982 1.07382
185 540 5.73549 23846 235.879 0.0497121 1.21263
186 540 5.9 23194 245.534 0.0479125 1.31226
187 540 5.9 24620 228.811 0.0512446 1.25197
188 535 5.9 24933 195.495 0.052596 1.01399
189 530 5.9 26154 220.605 0.054583 1.18478
190 542 5.9 25762 204.135 0.0542172 1.06245
191 537 5.9 26487 219.092 0.0555463 1.2354
