0 502 0 452884 0 0 0
1 501 0 407346 0 0 0
2 508 0 461570 0 0 0
3 511 0 468771 0 0 0
4 495 0 444783 0 0 0
5 511 0 457541 0 0 0
6 506 0 446019 0 0 0
7 495 0 411098 0 0 0
8 509 0 480166 0 0 0
9 499 0 458090 0 0 0
10 501 0 468756 0 0 0
11 493 0 467486 0 0 0
12 501 0 464026 0 0 0
13 508 0 475931 0 0 0
14 504 0 418396 0 0 0
15 499 0 437190 0 0 0
16 498 0 453080 0 0 0
17 507 0 437390 0 0 0
18 503 0 436848 0 0 0
19 506 0 450534 0 0 0
20 509 0 409771 0 0 0
21 508 0 477912 0 0 0
22 507 0 455409 0 0 0
23 496 0 405726 0 0 0
24 506 0 440365 0 0 0
25 499 0 426015 0 0 0
26 494 0 474267 0 0 0
27 500 0 462325 0 0 0
28 498 0 450124 0 0 0
29 506 0 475210 0 0 0
30 499 0 432114 0 0 0
31 503 0 443354 0 0 0
32 513 0 476653 0 0 0
33 512 0 425201 0 0 0
34 513 0 442067 0 0 0
35 504 0 438172 0 0 0
36 509 0 477177 0 0 0
37 501 0 461471 0 0 0
38 506 0 450318 0 0 0
39 511 0 448586 0 0 0
40 506 0 435871 0 0 0
41 508 0 443579 0 0 0
42 505 0 477969 0 0 0
43 499 0 478279 0 0 0
44 504 0 462904 0 0 0
45 503 0 420562 0 0 0
46 505 0 460737 0 0 0
47 505 0 477477 0 0 0
48 507 0 434021 0 0 0
49 515 0 444709 0 0 0
50 504 0 425450 0 0 0
51 496 0 447646 0 0 0
52 502 0 458717 0 0 0
53 502 0 456364 0 0 0
54 509 0 467347 0 0 0
55 506 0 452620 0 0 0
56 492 0 446665 0 0 0
57 502 0 406816 0 0 0
58 504 0 452189 0 0 0
59 503 0 415395 0 0 0
60 501 0 403038 0 0 0
61 498 0 469319 0 0 0
62 504 0 445011 0 0 0
63 513 0 457570 0 0 0
64 527 5.9 27562 289.929 0.0576873 1.30076
65 516 5.9 27207 284.392 0.0564158 1.35333
66 518 5.9 28234 288.231 0.0589502 1.29276
67 515 5.9 30831 274.029 0.0652382 1.40727
68 521 4.93374 25126 291.448 0.0519425 1.30416
69 515 5.9 25322 310.444 0.0526664 1.28823
70 519 5.9 24998 284.045 0.0521804 1.22754
71 517 5.9 29146 291.782 0.061287 1.36788
72 522 5.9 21992 266.74 0.0458772 1.19738
73 526 5.93216 24945 302.149 0.0519311 1.3494
74 519 6.41831 22985 299.176 0.0480112 1.30522
75 525 6.52418 30120 276.723 0.0639388 1.28904
76 524 5.17544 21209 306.193 0.0433532 1.24632
77 525 5.9 21476 294.128 0.0446637 1.25731
78 531 6.16242 20998 290.563 0.0434432 1.11651
79 515 5.9 30163 293.048 0.063418 1.45257
80 526 4.88589 21428 286.546 0.0441505 1.12358
81 520 5.9 20953 262.264 0.0436871 1.18227
82 517 5.55706 20372 271.636 0.0419587 1.18218
83 515 5.9 29081 265.549 0.0613605 1.30685
84 526 5.4074 28761 240.552 0.0564181 4.09726
85 512 5.9 24540 280.37 0.051096 1.2122
86 526 5.9 22290 292.576 0.0460493 1.14005
87 519 5.98786 29882 276.506 0.063272 1.25068
88 523 4.99299 24259 282.458 0.0499755 1.18225
89 522 6.03111 24367 277.532 0.0507459 1.23045
90 524 5.9 24713 301.056 0.0508439 1.24885
91 521 5.9 28854 275.107 0.0607657 1.35134
92 522 5.9 27436 264.416 0.0570896 1.34385
93 526 5.48336 27926 268.181 0.0578704 1.37884
94 524 5.70072 27532 255.298 0.0578223 1.15686
95 519 5.9 32063 260.561 0.0679046 1.34313
96 510 4.90282 28198 278.551 0.0584917 1.19581
97 514 5.9 26441 261.836 0.0551811 1.28595
98 520 4.99591 27665 269.285 0.0573311 1.30032
99 521 5.9 27203 281.196 0.0567123 1.2373
100 522 5.93517 32632 214.858 0.0738532 1.38608
101 514 5.47838 24169 288.518 0.0501604 1.21791
102 521 5.66954 24380 282.635 0.0507211 1.20478
103 510 5.9 24075 268.145 0.0502966 1.22986
104 521 0 423002 0 0 0
105 524 4.99491 23760 249.769 0.0493679 1.27363
106 521 5.9 30756 221.531 0.0648327 3.17756
107 522 5.9 25753 271.104 0.0538209 1.34655
108 520 5.9 29520 214.222 0.067488 1.25615
109 529 5.9 23716 266.412 0.0496007 1.28741
110 523 5.00814 22958 262.71 0.0475764 1.21416
111 524 5.9 25779 282.653 0.0541168 1.14915
112 523 5.9 22278 267.361 0.0465927 1.09781
113 526 5.9 23826 264.887 0.0499143 1.29033
114 519 5.52467 23557 294.314 0.049108 1.21303
115 516 5.9 25742 259.213 0.0540775 1.30256
116 519 5.9 23358 293.782 0.0487101 1.21318
117 521 5.52531 23695 281.863 0.0491356 1.32917
118 516 5.62272 23624 288.898 0.0492806 1.1937
119 526 5.9 25204 293.127 0.0524576 1.33181
120 526 5.9 24042 310.226 0.0500262 1.24281
121 528 4.82689 23746 274.492 0.0490855 1.38972
122 513 5.9 24208 307.955 0.0505519 1.22015
123 509 5.9 23921 279.036 0.0500735 1.20968
124 525 5.42696 26963 307.882 0.0558131 1.28481
125 518 5.9 25365 279.351 0.0529071 1.35497
126 522 5.9 26244 311.932 0.054846 1.30041
127 529 5.9 25988 304.622 0.0543967 1.24135
128 484 5.9 24960 153.609 0.0538322 1.029
129 487 5.9 25009 161.399 0.0532387 1.10864
130 485 5.9 25176 159.948 0.0540365 1.04774
131 486 5.9 27185 140.877 0.0601634 0.968723
132 484 5.9 22153 181.904 0.0469248 1.10513
133 483 5.9 20945 169.604 0.0444495 1.10394
134 490 5.26813 21945 181.725 0.0460748 1.08227
135 486 5.9 24729 149.75 0.0536425 0.989292
136 483 5.9 20064 181.1 0.0423225 1.08225
137 488 5.9 21427 180.562 0.0447747 1.19542
138 492 4.45355 21325 175.829 0.0443511 1.18284
139 475 5.9 24906 144.955 0.0539921 1.05585
140 484 5.9 20522 192.052 0.0433525 1.02798
141 478 5.9 20089 154.469 0.0424022 1.1986
142 486 5.9 19428 157.689 0.0415758 0.981482
143 481 5.9 25787 145.575 0.0557539 1.24629
144 484 5.9 20775 186.722 0.0435994 1.19028
145 488 5.9 21051 156.512 0.0447756 1.01469
146 482 5.9 20184 166.14 0.0424543 1.23141
147 487 5.9 25567 152.845 0.0548595 1.16401
148 481 4.32529 20919 195.523 0.0433134 1.06113
149 495 5.9 22282 179.267 0.0468026 1.13882
150 479 5.9 22039 188.805 0.0460953 1.33214
151 479 5.9 26540 157.361 0.0567667 1.16696
152 482 5.9 22942 195.776 0.0480038 1.19305
153 484 5.9 22247 179.044 0.0467115 1.24011
154 483 5.9 22755 182.441 0.0482344 1.1288
155 488 5.9 25454 140.309 0.0554114 1.08874
156 486 5.9 25997 171.399 0.0555753 1.04444
157 481 5.9 25283 160.862 0.0539282 1.19289
158 485 5.9 26168 180.512 0.0555839 1.13665
159 490 5.9 28039 146.628 0.0603397 1.1876
160 486 5.9 25869 178.274 0.0548986 1.11814
161 482 5.9 24393 183.883 0.0517125 1.24928
162 484 5.9 25282 195.359 0.0533523 1.11092
163 486 5.9 26081 202.525 0.0555709 1.02214
164 480 5.9 23430 186.598 0.0495529 1.19481
165 482 5.9 22593 192.282 0.0477591 1.02274
166 494 5.9 23134 206.592 0.0483475 1.20968
167 483 5.9 23596 228.022 0.0494929 1.14757
168 484 5.9 21681 195.477 0.0459953 0.986437
169 491 5.3096 23789 231.969 0.0494654 1.18014
170 493 5.9 22771 206.525 0.0479392 1.21845
171 491 5.9 24757 225.746 0.0517924 1.25737
172 477 5.9 21681 204.617 0.0454874 1.04482
173 486 5.9 21831 212.655 0.0457596 1.0544
174 486 5.9 20883 215.988 0.0436661 1.1945
175 489 5.9 24732 217.801 0.0519308 1.38353
176 487 5.9 20751 182.98 0.0439268 1.20546
177 482 4.98963 22110 229.677 0.0455334 1.18167
178 486 5.9 20668 208.48 0.0429568 1.3795
179 493 5.9 24567 205.977 0.0518153 1.27178
180 484 5.9 21042 201.465 0.0440646 1.05505
181 480 5.9 22319 230.033 0.0464554 1.26342
182 481 5.9 21248 205.402 0.044295 1.29295
183 485 5.9 24417 216.42 0.0514219 1.17344
184 483 5.9 22739 194.694 0.0476969 1.25523
185 486 5.9 21083 219.157 0.0437259 1.27588
186 493 4.62374 22271 205.643 0.0461723 1.16028
187 487 5.9 22408 207.264 0.0470783 1.16894
188 485 5.9 25738 165.418 0.0549354 1.16752
189 491 5.9 23490 186.104 0.0497279 1.07272
190 490 5.9 24270 194.401 0.0512309 1.09712
191 483 5.9 25643 194.185 0.0548751 1.06697
