0 506 0 412495 0 0 0
1 506 0 449443 0 0 0
2 508 0 446187 0 0 0
3 502 0 448707 0 0 0
4 502 0 405773 0 0 0
5 516 0 471278 0 0 0
6 519 0 471974 0 0 0
7 504 0 471762 0 0 0
8 504 0 475725 0 0 0
9 512 0 425847 0 0 0
10 507 0 451174 0 0 0
11 500 0 467527 0 0 0
12 509 0 436285 0 0 0
13 511 0 465657 0 0 0
14 509 0 459891 0 0 0
15 517 0 425207 0 0 0
16 512 0 404234 0 0 0
17 504 0 458605 0 0 0
18 505 0 411756 0 0 0
19 506 0 461252 0 0 0
20 500 0 457872 0 0 0
21 508 0 463657 0 0 0
22 513 0 432348 0 0 0
23 507 0 440642 0 0 0
24 515 0 465430 0 0 0
25 509 0 435149 0 0 0
26 512 0 409497 0 0 0
27 519 0 461376 0 0 0
28 508 0 432777 0 0 0
29 521 0 459147 0 0 0
30 504 0 445396 0 0 0
31 501 0 466385 0 0 0
32 513 0 465125 0 0 0
33 508 0 472449 0 0 0
34 508 0 438393 0 0 0
35 503 0 460922 0 0 0
36 504 0 412162 0 0 0
37 504 0 431415 0 0 0
38 506 0 458874 0 0 0
39 514 0 456919 0 0 0
40 512 0 425257 0 0 0
41 510 0 468662 0 0 0
42 512 0 438264 0 0 0
43 512 0 421685 0 0 0
44 502 0 461771 0 0 0
45 512 0 435838 0 0 0
46 515 0 436890 0 0 0
47 501 0 476521 0 0 0
48 515 0 477124 0 0 0
49 507 0 425333 0 0 0
50 512 0 426694 0 0 0
51 509 0 463678 0 0 0
52 506 0 462480 0 0 0
53 502 0 474827 0 0 0
54 508 0 442939 0 0 0
55 505 0 468322 0 0 0
56 497 0 452511 0 0 0
57 512 0 453252 0 0 0
58 520 0 472699 0 0 0
59 505 0 473620 0 0 0
60 505 0 472698 0 0 0
61 509 0 451893 0 0 0
62 517 0 426968 0 0 0
63 506 0 413330 0 0 0
64 548 5.9 29643 234.853 0.0624883 1.31628
65 539 5.9 28362 243.667 0.0596267 1.19337
66 542 5.9 29840 248.315 0.0627743 1.20049
67 544 5.9 32225 233.056 0.0687683 1.30214
68 549 5.9 28322 255.418 0.0593861 1.36445
69 555 5.78763 26993 266.629 0.0561357 1.23706
70 547 5.04402 27781 252.036 0.0573724 1.42143
71 545 5.9 30725 253.557 0.0650714 1.20831
72 549 5.42329 26215 244.931 0.0549305 1.2614
73 540 5.9 26677 258.735 0.0560285 1.23322
74 548 5.5565 26354 246.111 0.055154 1.14824
75 554 5.9 31827 275.515 0.067201 1.2911
76 553 5.9 25745 229.512 0.0538755 1.4049
77 558 5.9 26349 267.131 0.0551427 1.13183
78 548 5.9 25921 253.593 0.0543243 1.29471
79 541 5.9 31382 249.627 0.0666067 1.24692
80 543 5.73261 25905 255.218 0.0542006 1.21813
81 551 5.9 25665 270.192 0.0533284 1.18754
82 555 5.9 24831 250.946 0.0520801 1.045
83 551 5.9 31169 274.827 0.0654737 1.24246
84 544 6.08506 24785 248.731 0.0519428 1.24052
85 552 6.67065 26105 291.778 0.0543854 1.19048
86 558 5.9 24777 268.254 0.0511219 1.212
87 549 7.01568 30972 285.163 0.0657085 1.18896
88 546 5.64283 26645 269.528 0.05529 1.34006
89 552 5.9 26777 291.577 0.0553238 1.22193
90 547 6.31841 26561 262.051 0.0556527 1.15545
91 546 5.9 30458 270.29 0.0638547 1.2252
92 546 5.9 28295 241.262 0.0596461 1.1107
93 549 5.88065 27909 252.245 0.0586001 1.1398
94 544 5.92343 28295 256.87 0.0592375 1.11718
95 539 5.9 32369 259.49 0.0684204 1.21736
96 542 5.54234 29363 260.347 0.0614828 1.20566
97 544 5.9 28166 243.24 0.0591336 1.18771
98 546 5.9 29029 260.572 0.0606609 1.26225
99 544 5.9 28240 242.343 0.0593814 1.17987
100 555 5.9 27454 270.262 0.0575456 1.15475
101 549 5.9 25977 242.167 0.0544673 1.25744
102 555 5.6742 26721 245.804 0.0561035 1.21127
103 549 5.9 26988 254.174 0.056331 1.25911
104 542 5.43041 26044 262.215 0.0541497 1.19471
105 550 5.9 25976 215.021 0.054939 1.1929
106 546 5.50787 25755 243.565 0.0537953 1.22219
107 550 5.9 28281 227.445 0.0600151 1.1748
108 539 5.9 25836 253.651 0.0540075 1.17427
109 533 5.9 25756 229.232 0.0543442 1.22982
110 553 5.9 25952 237.309 0.0546499 1.13636
111 545 5.9 27899 224.844 0.0590371 1.26499
112 542 5.9 26834 251.622 0.0562096 1.27391
113 550 5.9 25821 197.004 0.0549827 1.2647
114 546 5.9 26095 241.422 0.054848 1.29126
115 548 5.9 28452 243.223 0.059948 1.25613
116 544 5.9 26372 233.408 0.0556808 1.19263
117 550 5.39938 25922 221.689 0.0544971 1.23325
118 545 5.62118 26341 232.942 0.0554546 1.16909
119 550 5.9 27731 225.483 0.0586881 1.30682
120 540 5.9 27908 272.422 0.0581195 1.37798
121 545 5.9 26002 217.478 0.0549501 1.24749
122 547 5.34623 27051 253.275 0.0568688 1.17025
123 542 5.9 26773 243.09 0.0563804 1.26102
124 557 5.9 29043 240.278 0.061544 1.15345
125 557 5.76648 27506 230.546 0.0578565 1.24123
126 555 5.9 28599 237.352 0.0603361 1.28605
127 551 5.9 28249 264.315 0.059385 1.30987
128 506 5.9 26899 169.064 0.0573411 1.22685
129 505 5.9 25732 156.495 0.0547208 1.30114
130 509 5.9 26678 168.176 0.0566956 1.3029
131 507 5.9 27593 149.083 0.0600092 1.55508
132 507 5.9 23399 160.985 0.0497864 1.3753
133 519 5.9 22784 157.291 0.0484181 1.22204
134 503 5.9 23267 160.849 0.0492222 1.33157
135 505 5.9 26203 150.299 0.0567528 1.44159
136 500 5.9 21548 172.153 0.0458962 1.21495
137 502 5.9 22545 167.633 0.0478299 1.1534
138 507 5.9 22101 173.267 0.0464755 1.21846
139 508 5.9 26396 158.364 0.0568477 1.33025
140 505 5.9 22080 191.256 0.0467387 1.18863
141 514 5.9 22622 175.469 0.0476229 1.17694
142 505 5.9 21933 169.316 0.0462289 1.28286
143 509 5.9 27328 155.513 0.0588873 1.32195
144 510 5.9 22447 171.194 0.047721 1.253
145 506 5.9 22866 159.295 0.048076 1.26992
146 504 5.9 22678 169.991 0.0478272 1.34366
147 510 5.9 26868 159.633 0.0575287 1.38271
148 501 5.9 21886 184.974 0.0465412 1.23104
149 512 5.9 23432 165.301 0.0498599 1.22278
150 503 5.9 23194 176.11 0.0489525 1.26243
151 507 5.9 26739 168.324 0.0568875 1.2607
152 502 5.9 24050 174.085 0.0511445 1.23619
153 501 5.9 23402 167.599 0.0492246 1.33888
154 512 5.9 23450 168.062 0.0497272 1.25718
155 508 5.9 25937 170.536 0.0549345 1.38978
156 499 5.9 27158 175.096 0.0581704 1.40111
157 509 5.9 26001 159.369 0.0555001 1.28761
158 507 5.9 26840 158.882 0.0574287 1.35436
159 504 5.9 28863 166.132 0.0622013 1.20459
160 510 5.9 26612 169.729 0.0572289 1.09765
161 509 5.9 24793 175.049 0.0527284 1.11119
162 507 5.9 25834 171.124 0.0551187 1.2211
163 501 5.9 27464 199.24 0.0582849 1.29029
164 490 5.9 25047 174.144 0.0531643 1.37698
165 503 5.9 23899 170.763 0.0510376 1.33385
166 508 5.9 24601 179.166 0.0520112 1.33097
167 506 5.9 24956 163.626 0.0529829 1.46374
168 496 5.9 23275 171.789 0.0495643 1.13665
169 501 5.9 23757 159.92 0.0509632 1.30539
170 504 5.9 24008 156.999 0.0513923 1.38813
171 495 5.9 25779 170.622 0.0553134 1.34379
172 506 5.9 23555 178.7 0.0499755 1.27248
173 508 5.9 23455 155.825 0.0500773 1.29126
174 498 5.9 22842 159.279 0.0487444 1.26221
175 510 5.9 25442 169.718 0.0546228 1.3181
176 508 5.9 22606 163.784 0.0480045 1.17391
177 512 5.9 23081 144.665 0.0496289 1.45123
178 498 5.9 22406 151.416 0.0479923 1.38681
179 503 5.9 26538 158.274 0.0570766 1.45113
180 505 5.9 23240 168.171 0.0494919 1.42049
181 507 5.9 23404 151.332 0.0501847 1.43186
182 502 5.9 22953 149.575 0.0494799 1.09633
183 498 5.9 26317 174.085 0.0562126 1.30878
184 501 5.9 24185 172.672 0.051575 1.24229
185 492 5.9 22973 160.133 0.0489892 1.3578
186 499 5.9 24008 164.772 0.0515911 1.24162
187 498 5.9 24585 150.726 0.0524514 1.44544
188 504 5.9 27323 174.306 0.0582335 1.15919
189 503 5.9 25738 166.005 0.0550919 1.14071
190 500 5.9 26606 172.823 0.0572114 1.05166
191 504 5.9 26792 169.777 0.0577572 1.27678
