0 481 5.9 26865 189.258 0.0570673 1.1949
1 477 5.9 26446 172.124 0.0566289 1.44208
2 469 5.9 26252 173.71 0.0562912 1.24846
3 480 4.47269 29417 155.404 0.0636782 1.42844
4 472 5.9 24980 198.918 0.0531599 1.33971
5 476 4.96447 24681 166.881 0.0515025 1.32407
6 477 5.95132 24934 194.947 0.0527438 1.32568
7 461 5.9 28049 170.479 0.0613415 1.08465
8 478 5.9 24117 169.061 0.0513798 1.30783
9 469 4.88155 25032 151.46 0.053113 1.19455
10 475 4.93736 24613 170.532 0.0518103 1.31119
11 475 5.9 28581 173.823 0.0621457 1.06408
12 481 5.9 23935 158 0.0518215 1.08141
13 470 5.14425 25214 158.462 0.0533524 1.24416
14 478 5.9 24796 171.149 0.052611 1.38658
15 473 5.9 29122 185.491 0.062563 1.13808
16 473 5.9 24259 155.652 0.0523169 1.27606
17 479 5.9 24868 167.411 0.0530137 1.2152
18 466 5.9 23855 158.687 0.0513338 1.1891
19 470 5.9 29305 174.762 0.0634582 1.06308
20 471 5.9 24489 181.42 0.0522122 1.23876
21 487 5.9 24026 154.231 0.0512228 1.07099
22 471 5.9 24488 175.697 0.0521351 1.0963
23 477 5.9 29536 181.829 0.0635982 1.1809
24 478 5.9 24461 185.758 0.0520903 1.14716
25 476 5.9 23834 180.403 0.050726 1.21374
26 477 5.9 24483 187.42 0.0522581 1.22179
27 479 5.9 28143 168.553 0.0609418 1.11093
28 483 5.9 27106 183.552 0.0574064 1.19396
29 470 5.9 26942 164.49 0.0578062 1.18716
30 474 5.9 27568 168.321 0.0594219 1.10442
31 473 5.9 30572 147.08 0.0685732 1.26893
32 481 5.9 27232 177.041 0.0582002 1.37954
33 481 5.9 26202 150.555 0.0568395 1.25075
34 477 5.9 26648 171.847 0.0573438 1.15611
35 474 5.9 26153 159.387 0.0565985 1.1941
36 478 5.9 24498 180.229 0.0524186 1.22649
37 484 5.9 23652 176.046 0.05093 1.19003
38 480 5.9 24462 187.816 0.0520858 1.2471
39 460 5.9 25225 164.309 0.0541211 1.25612
40 475 5.9 24239 173.853 0.0516853 1.38543
41 479 5.9 23579 149.17 0.0504622 1.3094
42 488 5.9 23741 171.994 0.0508848 1.24919
43 469 5.9 26131 157.632 0.0565124 1.21367
44 476 5.9 23659 150.195 0.0510994 1.09251
45 473 5.9 23363 146.911 0.0507398 1.20611
46 478 5.9 24542 169.318 0.0525978 1.17925
47 460 5.9 26768 162.071 0.058362 1.17881
48 474 5.9 24389 155.059 0.0528532 1.2622
49 482 5.9 24089 148.693 0.0523723 1.1608
50 479 5.9 23643 177.013 0.0507252 1.25277
51 479 5.9 26699 148.28 0.0582403 1.56186
52 471 5.9 24183 163.497 0.0521301 1.27489
53 472 5.9 23456 144.051 0.0510716 1.25247
54 480 5.07789 24604 164.112 0.0520275 1.20117
55 475 5.9 25577 148.216 0.0558899 1.2582
56 478 5.9 25605 190.924 0.0546932 1.45731
57 483 5.9 22944 146.187 0.0502951 1.40042
58 471 5.9 24011 171.944 0.0520704 1.31598
59 481 5.9 24970 153.755 0.0544234 1.32767
60 483 5.9 26871 179.886 0.0573907 1.19357
61 476 5.9 24672 144.445 0.0538337 1.13447
62 484 5.9 26703 164.147 0.0579796 1.22908
63 472 5.9 25345 156.608 0.0551075 1.419
64 424 5.9 24623 67.7273 0.0672577 1.31763
65 419 5.9 23431 58.4055 0.0732586 1.59895
66 427 5.9 24216 71.5195 0.0587694 1.52182
67 428 5.9 23631 63.283 0.0666557 0.964976
68 421 5.9 23796 0 9.53674e-08 7.52173e+305
69 420 5.9 22816 88.6289 0.0529906 1.24292
70 422 5.9 23596 82.064 0.0568198 1.31833
71 429 5.9 24452 65.7375 0.0656418 1.20208
72 423 5.9 22426 0 9.53674e-08 inf
73 420 5.9 23068 74.8259 0.0587042 1.25323
74 428 5.9 21659 0 9.53674e-08 8.72667e+305
75 422 5.9 24980 2.03034 0.1 108.274
76 422 5.9 21799 0 9.53674e-08 inf
77 427 5.9 22669 12.0282 0.1 65.2196
78 428 5.9 21901 0 9.53674e-08 inf
79 427 5.9 25457 0 9.53674e-08 inf
80 424 5.9 20958 0 9.53674e-08 inf
81 421 5.9 22266 0 9.53674e-08 8.89947e+305
82 428 5.9 21403 0 9.53674e-08 8.81222e+305
83 428 5.9 25042 0.777947 0.1 118.33
84 424 5.9 20900 0 9.53674e-08 1.01565e+306
85 415 5.9 22521 80.2768 0.0501378 1.31657
86 424 5.9 20659 0 9.53674e-08 inf
87 424 5.9 24391 0 9.53674e-08 8.98847e+305
88 427 5.9 21902 0 9.53674e-08 1.02142e+306
89 425 5.9 21218 0 9.53674e-08 inf
90 428 5.9 21291 0 9.53674e-08 1.01565e+306
91 424 5.9 23056 0 9.53674e-08 inf
92 421 5.9 22642 0 9.53674e-08 1.08295e+306
93 420 5.9 21028 0 9.53674e-08 1.15237e+306
94 422 5.9 21129 0 9.53674e-08 inf
95 427 5.9 21132 0 9.53674e-08 inf
96 429 5.9 23719 0 9.53674e-08 inf
97 427 5.9 23841 0 9.53674e-08 1.02142e+306
98 428 5.9 23546 0 9.53674e-08 inf
99 421 5.9 25103 0 9.53674e-08 8.2463e+305
100 426 5.9 23082 0 9.53674e-08 inf
101 425 5.9 22153 0 9.53674e-08 inf
102 419 5.9 22593 0 9.53674e-08 inf
103 420 5.9 23779 0 9.53674e-08 8.89947e+305
104 421 5.9 21244 0 9.53674e-08 inf
105 421 5.9 22625 0 9.53674e-08 inf
106 419 5.9 21520 0 9.53674e-08 inf
107 414 5.9 25286 0 9.53674e-08 inf
108 421 5.9 20345 0 9.53674e-08 1.13062e+306
109 422 5.9 22624 12.1886 0.1 68.5534
110 430 5.9 21141 0 9.53674e-08 1.00994e+306
111 409 5.9 24774 0 9.53674e-08 7.91935e+305
112 427 5.9 21501 0 9.53674e-08 inf
113 420 5.9 22765 0 9.53674e-08 8.6014e+305
114 421 5.9 21856 0 9.53674e-08 9.36299e+305
115 416 5.9 25176 69.4897 0.0657552 1.90917
116 422 5.9 22165 0 9.53674e-08 8.72667e+305
117 417 5.9 22866 77.3511 0.0553876 1.2813
118 422 5.9 22427 0 9.53674e-08 8.2463e+305
119 425 5.9 25119 64.9817 0.0768578 2.65173
120 424 5.9 23524 87.4115 0.0530093 1.32239
121 423 5.9 22945 89.5317 0.0534002 1.37478
122 422 5.9 23433 48.8634 0.0826972 14.2479
123 424 5.9 24547 88.2355 0.0561864 1.49033
124 415 5.9 24327 0 9.53674e-08 7.81606e+305
125 426 5.9 23893 59.35 0.0755511 1.81636
126 419 5.9 23928 8.70304 0.1 83.0785
127 426 5.9 25292 90.4689 0.0591145 1.39736
128 464 5.9 25172 116.203 0.0559398 1.21317
129 466 5.9 25822 103.839 0.0590231 1.14101
130 463 5.9 25214 111.716 0.0561323 1.24629
131 479 5.9 27271 96.8183 0.0628844 1.11466
132 461 5.9 23575 101.543 0.0531058 1.18313
133 467 5.9 23350 79.325 0.0616801 1.27045
134 465 5.9 23520 98.3879 0.0529287 1.0268
135 465 5.9 26555 86.1062 0.0623421 1.24406
136 471 5.9 23573 106.552 0.0518531 1.00011
137 469 5.9 23561 60.3518 0.0748801 6.35947
138 459 5.9 23873 99.9867 0.0530038 1.12198
139 471 5.9 26776 69.2547 0.0783369 2.20414
140 467 5.9 24096 86.8911 0.0573837 1.26971
141 465 5.9 23701 81.1969 0.0609601 1.27762
142 460 5.9 23480 82.488 0.0574048 1.17003
143 462 5.9 27015 90.5559 0.0602864 1.33906
144 464 5.9 24215 86.8534 0.0549285 1.18712
145 459 5.9 24155 90.0877 0.0539372 1.25059
146 469 5.9 24201 42.0727 0.0946697 14.2725
147 465 5.9 26182 9.64506 0.0848799 91.0413
148 470 5.9 24260 85.8935 0.0574183 1.06472
149 461 5.9 23791 0 9.53674e-08 7.81606e+305
150 460 5.9 23548 0 9.53674e-08 7.71542e+305
151 463 5.9 26616 0 9.53674e-08 inf
152 466 5.9 23691 0 9.53674e-08 inf
153 458 5.9 23384 0 9.53674e-08 7.74868e+305
154 460 5.9 23134 0 9.53674e-08 inf
155 466 5.9 25120 0 9.53674e-08 7.95439e+305
156 458 5.9 25017 0 9.53674e-08 inf
157 468 5.9 24096 0 9.53674e-08 8.36136e+305
158 463 5.9 25233 60.988 0.0758868 1.57393
159 475 5.9 27118 52.893 0.0965483 4.04305
160 470 5.9 25803 67.1148 0.0718862 1.52837
161 472 5.9 26164 40.1889 0.1 20.3445
162 463 5.9 26002 45.3859 0.08447 20.5075
163 457 5.9 27005 98.6087 0.0586001 1.24422
164 464 5.9 24849 22.1518 0.1 42.3469
165 459 5.9 25964 96.6168 0.0582002 1.05987
166 459 5.9 25647 83.0053 0.0642488 1.25935
167 452 5.9 26218 99.8256 0.0582515 1.13684
168 458 5.9 25019 73.8548 0.0670562 1.41126
169 471 5.9 26097 100.181 0.0579153 1.24259
170 466 5.9 26146 88.1702 0.0624612 1.24205
171 462 5.9 26913 96.8083 0.0611107 0.987919
172 470 5.9 25563 73.9307 0.0706646 1.43461
173 457 5.9 25853 99.8137 0.0580258 1.26084
174 458 5.9 25193 93.4711 0.0568047 1.29281
175 457 5.9 27616 105.407 0.0617859 1.25167
176 460 5.9 24917 97.9079 0.054898 1.09444
177 471 5.9 26034 109.094 0.057724 1.15446
178 469 5.9 25120 86.3299 0.0632307 1.21296
179 467 5.9 27294 101.529 0.0623418 1.16884
180 462 5.9 24686 97.6169 0.0558105 1.04879
181 467 5.9 25542 101.094 0.0588689 1.17139
182 458 5.9 24873 100.791 0.0557258 0.960149
183 466 5.9 26271 96.8633 0.0588646 1.10858
184 463 5.9 24549 108.986 0.0544617 1.22064
185 468 5.9 24753 124.26 0.0543762 1.04136
186 461 5.9 25343 121.689 0.0554423 1.42566
187 471 5.9 24772 95.3958 0.0558889 1.36919
188 471 5.9 26642 108.985 0.0589333 1.25861
189 462 5.9 25924 109.738 0.0571755 1.16153
190 465 5.9 26353 118.757 0.0591973 1.38331
191 465 5.9 25981 103.993 0.059479 1.12098
