0 495 0 453292 0 0 0
1 502 0 483077 0 0 0
2 494 0 449137 0 0 0
3 493 0 431006 0 0 0
4 491 0 412171 0 0 0
5 505 0 420369 0 0 0
6 498 0 474259 0 0 0
7 497 0 459116 0 0 0
8 492 0 461860 0 0 0
9 494 0 417756 0 0 0
10 489 0 477222 0 0 0
11 499 0 465054 0 0 0
12 501 0 424687 0 0 0
13 496 0 409072 0 0 0
14 490 0 475585 0 0 0
15 490 0 460624 0 0 0
16 493 0 402259 0 0 0
17 494 0 420658 0 0 0
18 504 0 451265 0 0 0
19 495 0 481130 0 0 0
20 497 0 482528 0 0 0
21 491 0 437416 0 0 0
22 494 0 481450 0 0 0
23 499 0 473121 0 0 0
24 496 0 457148 0 0 0
25 494 0 443846 0 0 0
26 497 0 450877 0 0 0
27 490 0 421717 0 0 0
28 495 0 475790 0 0 0
29 491 0 434379 0 0 0
30 494 0 413088 0 0 0
31 506 0 421400 0 0 0
32 489 0 432057 0 0 0
33 492 0 476972 0 0 0
34 506 0 493557 0 0 0
35 505 0 451855 0 0 0
36 498 0 463470 0 0 0
37 501 0 416230 0 0 0
38 493 0 452865 0 0 0
39 492 0 428353 0 0 0
40 501 0 455726 0 0 0
41 489 0 456173 0 0 0
42 491 0 456469 0 0 0
43 494 0 426807 0 0 0
44 494 0 478645 0 0 0
45 490 0 417015 0 0 0
46 498 0 428416 0 0 0
47 499 0 459260 0 0 0
48 496 0 435084 0 0 0
49 503 0 415103 0 0 0
50 492 0 473580 0 0 0
51 497 0 476968 0 0 0
52 497 0 439936 0 0 0
53 502 0 466857 0 0 0
54 490 0 475327 0 0 0
55 496 0 461391 0 0 0
56 503 0 480652 0 0 0
57 505 0 443730 0 0 0
58 499 0 467787 0 0 0
59 497 0 434049 0 0 0
60 498 0 423881 0 0 0
61 499 0 414440 0 0 0
62 499 0 475859 0 0 0
63 499 0 407162 0 0 0
64 518 5.55526 30516 279.61 0.0634156 1.2263
65 518 5.9 29163 268.105 0.0607158 1.2551
66 515 5.68154 30726 290.966 0.0639329 1.27633
67 524 5.81894 32169 295.331 0.0675897 1.267
68 535 5.9 27256 303.599 0.0563428 1.24825
69 523 5.76894 27511 320.091 0.0565253 1.27275
70 525 5.9 27260 308.432 0.056403 1.26175
71 521 5.9 30485 285.802 0.0638723 1.22054
72 521 5.9 24644 298.546 0.0508553 1.14435
73 517 6.11886 27228 322.944 0.0558227 1.34433
74 514 5.3256 26609 301.682 0.054679 1.22848
75 529 6.38766 31070 316.047 0.0647564 1.3627
76 523 5.9 23695 271.997 0.0491511 1.12076
77 515 6.14512 26515 311.269 0.0548082 1.1939
78 516 5.56792 24461 297.08 0.0501984 1.22255
79 514 5.9 30347 317.138 0.0629873 1.34537
80 521 5.59235 22860 312.795 0.0469261 1.1094
81 515 5.42133 26676 307.415 0.0549101 1.16851
82 522 5.9 24086 305.104 0.0495904 1.23629
83 521 6.18426 30434 319.65 0.063267 1.27419
84 525 5.9 24957 284.584 0.0517662 1.18612
85 519 5.9 27180 305.701 0.0563179 1.20939
86 518 5.8704 25881 315.46 0.0533689 1.22418
87 527 5.9 31035 327.196 0.0645015 1.26271
88 526 5.7564 26978 322.886 0.0557843 1.25561
89 525 5.9 26031 316.642 0.0534948 1.17711
90 519 5.539 26636 296.133 0.0546933 1.27283
91 518 5.9 29242 285.448 0.061024 1.26858
92 520 5.9 29213 309.209 0.0606234 1.18795
93 520 5.81281 28496 291.432 0.0590645 1.19351
94 516 5.9 29578 311.745 0.0609611 1.1666
95 524 5.9 30659 287.136 0.0641368 1.13559
96 524 5.09527 29365 269.689 0.0610316 1.13617
97 513 5.9 28581 246.663 0.0597457 1.23428
98 514 4.94894 29653 252.065 0.0617573 1.17589
99 523 5.9 30324 245.046 0.0638128 1.16655
100 524 4.90772 27972 284.701 0.0578227 1.28866
101 517 4.784 27294 236.829 0.0567508 1.18592
102 518 4.85844 28336 264.649 0.0589076 1.174
103 528 5.9 28245 284.293 0.0587799 1.20772
104 515 5.29523 25181 288.938 0.0517234 1.29015
105 523 5.50033 26629 279.4 0.0551364 1.20195
106 515 5.9 26095 266.942 0.0543355 1.22265
107 524 5.9 29000 258.827 0.0607834 1.17132
108 518 4.99204 24489 288.605 0.0503608 1.14456
109 521 5.006 26785 273.135 0.0552979 1.25716
110 515 5.9 24158 287.908 0.0499911 1.25044
111 520 5.9 29838 281.896 0.0622477 1.33169
112 513 5.27847 23674 284.543 0.0487568 1.05794
113 521 5.08551 26360 278.256 0.0541868 1.29964
114 516 5.9 24453 283.265 0.0506044 1.21738
115 519 5.9 29358 314.612 0.0608044 1.28117
116 521 5.57405 25566 294.496 0.0526671 1.17687
117 527 6.27644 26891 313.705 0.0557248 1.29024
118 525 4.59183 26543 293.103 0.0529845 1.33579
119 515 5.74385 28884 291.611 0.0600426 1.22973
120 519 5.10214 27305 291.449 0.056445 1.18591
121 514 4.85245 27134 274.968 0.0556765 1.34813
122 518 5.9 27662 292.27 0.0573588 1.34427
123 516 5.9 28056 308.636 0.058017 1.21418
124 523 5.83489 29378 271.194 0.0613584 1.15409
125 519 5.62691 29190 266.861 0.060827 1.19486
126 519 5.9 29378 277.648 0.0611612 1.12244
127 517 5.9 29566 312.582 0.0614909 1.2144
128 549 5.9 26035 256.648 0.0541703 1.09891
129 551 6.60861 26725 301.415 0.0551078 1.29647
130 547 5.87555 26354 273.032 0.0544644 1.12639
131 550 5.9 27616 327.248 0.0571843 1.21144
132 548 5.9 23860 269.173 0.0489823 1.19815
133 549 5.9 24183 315.365 0.049193 1.28142
134 550 5.9 25115 290.123 0.051382 1.20324
135 549 5.9 26630 313.537 0.0549328 1.16719
136 542 6.38166 22833 298.009 0.0469737 1.17328
137 549 6.54789 24747 325.987 0.0508205 1.3089
138 538 5.9 23382 299.277 0.0481729 1.09778
139 543 6.97581 27299 344.461 0.0566619 1.30169
140 547 5.59244 20674 270.895 0.0421415 1.23336
141 545 6.32039 24666 313.32 0.0508404 1.28658
142 552 5.9 22819 286.782 0.0468948 1.20787
143 531 5.9 27366 339.339 0.0560665 1.24737
144 549 5.9 20555 256.976 0.0425481 1.07578
145 547 5.9 25146 315.104 0.0514958 1.25226
146 555 5.9 22015 303.143 0.0449175 1.29603
147 554 7.24797 27079 350.289 0.0562559 1.36307
148 547 5.96003 22421 277.01 0.0461714 1.225
149 551 6.26485 24171 308.884 0.0495034 1.36786
150 545 6.43671 23572 309.438 0.0489727 1.14941
151 541 8.30159 26334 340.233 0.0550339 1.26784
152 542 5.60429 24934 281.033 0.0516291 1.15742
153 551 5.9 24756 299.293 0.0510107 1.25281
154 550 5.9 25008 295.794 0.0515705 1.15308
155 547 5.9 26169 315.71 0.0539722 1.24135
156 547 5.9 25648 275.649 0.0529813 1.24566
157 542 5.9 26167 266.397 0.0543022 1.25177
158 542 5.9 26964 289.174 0.0558461 1.16079
159 537 5.9 26207 293.574 0.0541594 1.24765
160 546 5.9 26953 252.193 0.0561643 1.22987
161 540 5.9 27439 253.15 0.0570878 1.30701
162 543 5.9 27848 237.157 0.0583631 1.1997
163 542 5.9 29312 217.323 0.0622823 1.01915
164 545 5.9 25013 274.483 0.0520168 1.20311
165 542 5.9 25906 229.173 0.0544079 1.31572
166 544 5.9 25346 262.855 0.0525765 1.31995
167 555 5.9 28889 214.953 0.0609914 1.14049
168 550 5.9 23438 274.322 0.048462 1.11814
169 534 5.9 25762 238.007 0.053888 1.18642
170 547 5.9 24512 269.811 0.0508078 1.22791
171 551 5.9 28705 238.148 0.0602971 1.16227
172 541 5.9 22312 261.189 0.0460568 1.09996
173 542 5.9 25025 233.742 0.0521227 1.23862
174 543 5.9 23710 264.18 0.0490989 1.22281
175 546 5.9 27958 230.662 0.0585314 1.34911
176 544 5.9 22340 258.551 0.0461871 1.10801
177 550 5.9 24678 228.201 0.0517541 1.17398
178 538 5.9 23082 262.291 0.0476426 1.15881
179 538 5.9 28441 260.054 0.0593517 1.17679
180 552 5.9 23497 256.281 0.0486096 1.21372
181 544 5.9 25458 235.688 0.0532026 1.08957
182 549 6.30159 24233 268.196 0.0502954 1.10049
183 553 5.9 28449 273.648 0.0590618 1.14441
184 545 5.9 25447 268.067 0.0525415 1.25572
185 541 5.9 25660 236.412 0.0536201 1.14534
186 540 5.86433 26436 273.038 0.0547007 1.24545
187 548 5.9 28723 241.717 0.0601212 1.17297
188 534 5.9 26866 237.307 0.0563686 1.1426
189 544 5.9 27632 254.36 0.0575475 1.12979
190 547 5.9 27387 257.226 0.0568342 1.18909
191 551 5.9 30275 263.135 0.0630201 1.26302
