0 473 0 454052 0 0 0
1 483 0 478267 0 0 0
2 478 0 451959 0 0 0
3 478 0 474309 0 0 0
4 468 0 416856 0 0 0
5 477 0 418761 0 0 0
6 480 0 410040 0 0 0
7 475 0 481083 0 0 0
8 481 0 447203 0 0 0
9 472 0 412014 0 0 0
10 479 0 446772 0 0 0
11 482 0 461604 0 0 0
12 468 0 430844 0 0 0
13 478 0 449098 0 0 0
14 474 0 433783 0 0 0
15 465 0 469027 0 0 0
16 466 0 475542 0 0 0
17 470 0 417712 0 0 0
18 476 0 473669 0 0 0
19 464 0 468476 0 0 0
20 477 0 479001 0 0 0
21 481 0 479153 0 0 0
22 480 0 473469 0 0 0
23 470 0 444071 0 0 0
24 470 0 479481 0 0 0
25 480 0 476686 0 0 0
26 461 0 482392 0 0 0
27 472 0 469459 0 0 0
28 477 0 475427 0 0 0
29 479 0 480339 0 0 0
30 473 0 426296 0 0 0
31 475 0 467003 0 0 0
32 476 0 455178 0 0 0
33 483 0 444715 0 0 0
34 482 0 428384 0 0 0
35 478 0 480172 0 0 0
36 479 0 465196 0 0 0
37 481 0 454738 0 0 0
38 480 0 447320 0 0 0
39 479 0 423286 0 0 0
40 475 0 449067 0 0 0
41 470 0 481775 0 0 0
42 477 0 480558 0 0 0
43 468 0 465638 0 0 0
44 478 0 479371 0 0 0
45 487 0 428697 0 0 0
46 485 0 441536 0 0 0
47 475 0 440354 0 0 0
48 469 0 463433 0 0 0
49 473 0 449657 0 0 0
50 475 0 441505 0 0 0
51 478 0 477716 0 0 0
52 478 0 448272 0 0 0
53 479 0 422386 0 0 0
54 478 0 450046 0 0 0
55 470 0 477063 0 0 0
56 474 0 472046 0 0 0
57 489 0 427453 0 0 0
58 468 0 448592 0 0 0
59 474 0 437818 0 0 0
60 475 0 409849 0 0 0
61 479 0 444963 0 0 0
62 478 0 443082 0 0 0
63 471 0 452318 0 0 0
64 526 5.9 29436 226.378 0.0622026 1.201
65 515 5.9 29900 217.739 0.0637069 1.16509
66 532 5.9 29955 203.43 0.0641603 1.13064
67 521 5.9 32625 232.587 0.0695167 1.34565
68 521 5.9 27001 221.958 0.0570502 1.17669
69 518 5.9 27770 221.741 0.0583952 1.24195
70 521 5.9 27773 212.52 0.0590135 1.16668
71 509 5.9 30443 207.757 0.0651195 1.21727
72 521 5.9 25457 211.997 0.0541882 1.14297
73 516 5.66223 25854 215.251 0.0543351 1.23331
74 521 5.16083 26770 212.002 0.05591 1.36317
75 517 5.9 29624 218.177 0.0630093 1.23145
76 524 5.9 24731 212.917 0.0521324 1.31411
77 527 5.52551 24454 205.568 0.0513348 1.37085
78 517 5.29197 24059 204.903 0.0508218 1.1192
79 516 5.9 27559 202.629 0.0587295 1.27004
80 521 5.12548 23590 215.68 0.0494248 1.24922
81 523 5.88286 24152 206.598 0.051013 1.19673
82 532 5.64542 23674 216.913 0.0500418 1.11936
83 527 5.9 26618 179.513 0.057441 1.14975
84 531 5.9 24889 197.746 0.0528873 1.23893
85 515 5.9 24556 189.007 0.0519552 1.32194
86 517 5.90694 24059 207.693 0.0508195 1.20267
87 522 5.9 29077 196.047 0.0623398 1.07434
88 524 5.9 25007 202.124 0.0527935 1.1876
89 523 5.9 26051 202.562 0.0549247 1.18887
90 515 5.9 25076 198.62 0.0527394 1.41077
91 522 5.9 29008 171.489 0.0626685 1.1353
92 521 5.9 28174 174.46 0.0605322 1.05882
93 517 5.57417 28484 200.643 0.0600348 1.13002
94 515 5.34071 28267 188.486 0.0598778 1.15854
95 516 5.9 30680 204.134 0.0653818 1.16563
96 513 5.9 28144 182.399 0.0604375 1.08935
97 523 5.9 27317 193.423 0.0580213 1.09844
98 517 5.9 29006 185.13 0.0625572 1.15448
99 513 5.9 29532 199.169 0.0632961 1.19394
100 525 5.9 27280 191.893 0.0583221 1.07708
101 521 5.9 25775 211.201 0.054294 1.2514
102 524 5.9 27345 204.332 0.0579334 1.32071
103 524 5.9 27365 214.594 0.0582719 1.0464
104 515 5.9 25755 214.41 0.0544184 1.09527
105 509 5.66758 25805 229.031 0.0542987 1.19361
106 527 4.83749 26528 207.823 0.0557374 1.27199
107 526 5.9 28183 223.821 0.0595505 1.31174
108 516 5.9 24785 233.242 0.051925 1.22379
109 521 5.9 25885 234.925 0.0543539 1.32371
110 518 5.12637 25359 221.433 0.0530898 1.33658
111 531 5.9 29033 213.445 0.0619041 1.18391
112 516 4.99106 25229 221.789 0.0526843 1.18706
113 516 5.9 25355 232.09 0.0533673 1.24324
114 524 5.9 25604 226.136 0.0540865 1.18014
115 509 5.9 28613 240.589 0.0603042 1.42083
116 525 5.9 26520 214.199 0.056326 1.21453
117 514 5.2023 24305 233.873 0.0506454 1.20121
118 515 5.14151 25013 233.903 0.0521917 1.28942
119 520 5.9 27695 236.105 0.0584075 1.20488
120 523 5.9 27026 225.337 0.0570135 1.4445
121 520 5.9 25720 254.677 0.0539438 1.20898
122 518 5.9 26474 222.712 0.05589 1.32102
123 516 5.9 26865 230.252 0.0565986 1.35424
124 519 5.9 27755 211.084 0.058863 1.2463
125 525 5.9 28161 228.997 0.0596058 1.2898
126 520 5.9 27992 212.246 0.0593407 1.34122
127 524 5.9 29452 221.12 0.0622456 1.39804
128 539 5.9 25558 198.1 0.0542681 1.1933
129 541 5.9 26004 195.421 0.0552194 1.18165
130 536 5.9 26039 224.539 0.0548091 1.26479
131 540 5.9 28634 201.616 0.0615044 1.38021
132 536 5.9 22013 210.481 0.0463626 1.29616
133 537 5.9 22888 215.658 0.0481266 1.31858
134 534 5.9 22582 186.889 0.047921 1.3095
135 544 5.9 26830 214.383 0.0569159 1.18074
136 535 5.9 21255 200.072 0.0448101 1.1884
137 537 5.9 22477 221.489 0.0471765 1.2049
138 533 5.9 21707 210.916 0.045833 1.2063
139 536 5.9 27437 224.281 0.0580566 1.41323
140 543 5.9 21268 219.419 0.0448315 1.11853
141 540 5.9 22465 210.187 0.0470134 1.35539
142 531 5.9 22248 217.822 0.0466174 1.26449
143 536 5.9 26839 209.478 0.0566876 1.48705
144 533 5.9 21795 213.483 0.0455549 1.24338
145 529 5.53253 23003 211.585 0.0481006 1.19703
146 545 5.9 22004 215.527 0.0462223 1.13507
147 535 5.9 27583 210.866 0.0585718 1.36965
148 537 5.9 21624 199.196 0.0454276 1.21764
149 537 5.9 22969 209.083 0.0480543 1.22355
150 538 5.9 22854 216.281 0.0478056 1.20523
151 536 5.9 27225 203.044 0.0581417 1.20684
152 542 5.9 23492 208.012 0.0495153 1.1708
153 542 6.06197 23530 210.888 0.0493931 1.18431
154 531 5.9 23464 215.188 0.0491546 1.19284
155 537 5.9 26603 198.611 0.056202 1.36594
156 538 5.9 25385 215.152 0.0532455 1.23132
157 535 5.9 25374 197.553 0.0537113 1.08187
158 530 5.9 26075 217.154 0.0548831 1.28765
159 533 5.9 28006 194.599 0.0601354 1.20713
160 533 5.9 25848 228.145 0.0539497 1.22539
161 535 5.9 25365 251.816 0.0527108 1.25379
162 538 5.9 26457 239.174 0.0554348 1.25161
163 528 5.9 27296 297.679 0.0568111 1.23585
164 533 5.9 24003 225.921 0.0503746 1.23479
165 540 5.9 24735 274.259 0.0515811 1.31251
166 536 5.49757 24235 256.638 0.0503423 1.26507
167 536 5.9 25845 271.547 0.0536264 1.33576
168 536 5.9 22552 216.992 0.0471609 1.22391
169 537 5.9 24737 248.295 0.051746 1.24194
170 539 5.6423 23954 259.708 0.0496955 1.28042
171 534 5.9 26413 276.867 0.0551298 1.38996
172 540 5.9 23099 230.059 0.048207 1.24593
173 533 5.9 24711 266.24 0.0516655 1.20965
174 543 5.0327 24464 250.299 0.0508967 1.23527
175 536 5.9 26434 256.017 0.0552779 1.42174
176 540 5.9 22879 219.363 0.0480796 1.2116
177 534 5.9 24461 245.15 0.0510906 1.37347
178 541 5.9 23722 224.252 0.0498583 1.23519
179 534 5.9 26667 262.044 0.0558238 1.42962
180 533 5.9 22255 213.61 0.0468452 1.19551
181 535 5.9 24238 231.925 0.0509256 1.31295
182 536 5.9 23240 218.112 0.0492612 1.19817
183 542 5.9 26150 249.256 0.055052 1.31644
184 536 5.9 22355 191.119 0.0474686 1.17943
185 541 5.9 24414 226.73 0.0515183 1.26416
186 537 5.9 24337 221.643 0.0515023 1.29877
187 539 5.9 26173 249.722 0.0551175 1.35871
188 539 5.9 25458 206.94 0.054239 0.982632
189 535 5.9 26346 234.243 0.0552525 1.29413
190 542 5.9 25987 229.07 0.054528 1.23155
191 531 5.9 28142 217.106 0.0602091 1.25691
