0 507 5.9 23148 5.8683 0.1 90.3796
1 509 5.9 23865 0 9.53674e-08 9.12535e+305
2 501 5.9 23270 0 9.53674e-08 inf
3 500 7.10734 18842 36.5687 0.0954723 1.24878
4 499 5.9 22696 81.2233 0.0517721 1.05816
5 507 5.9 22917 50.0138 0.082319 2.45227
6 505 5.9 22946 69.0285 0.0590221 1.24246
7 513 5.9 25006 48.8489 0.0872472 1.25943
8 505 5.9 22844 74.4127 0.0574919 1.08546
9 512 5.9 21564 0 9.53674e-08 9.41201e+305
10 505 5.9 22234 0 9.53674e-08 8.32265e+305
11 503 5.9 24486 64.309 0.0610746 0.965325
12 508 5.9 22971 85.0275 0.051325 1.22069
13 494 5.9 22023 0 9.53674e-08 inf
14 510 5.9 22753 57.5153 0.0711804 1.28331
15 506 5.9 25266 48.1725 0.0777055 8.0579
16 509 5.9 23247 87.5423 0.0521256 1.02851
17 507 5.9 22173 0 9.53674e-08 8.56044e+305
18 508 5.9 22966 57.7928 0.071652 1.20818
19 513 5.9 26039 42.6159 0.0837101 14.2579
20 504 5.9 23447 83.1129 0.0530131 1.10651
21 500 5.9 22610 46.8305 0.0809113 1.51982
22 512 5.9 23100 75.5349 0.0539526 1.28533
23 509 5.9 26015 14.3406 0.1 60.2078
24 501 5.9 23811 93.4224 0.0525312 0.794263
25 510 5.9 23830 45.5732 0.0937329 4.54892
26 504 5.9 24678 94.5592 0.0540064 1.17591
27 499 5.9 24085 0 9.53674e-08 inf
28 504 5.9 25327 78.5386 0.0596965 1.0543
29 513 5.9 25286 72.0951 0.0602733 1.10649
30 501 5.9 26035 73.8278 0.0637964 1.11364
31 501 5.9 23877 0 9.53674e-08 7.74868e+305
32 505 5.9 24849 76.2443 0.0604569 0.97346
33 503 5.9 23238 77.3326 0.0528265 1.4367
34 507 5.9 23628 21.2172 0.1 37.4707
35 496 5.9 20804 41.4167 0.0858525 2.04618
36 514 5.9 23338 80.3059 0.0546184 1.2414
37 511 5.9 21319 82.6717 0.047556 1.13951
38 507 5.9 22473 76.9329 0.0534585 1.08342
39 495 5.9 20188 59.7188 0.0571374 1.2404
40 500 5.9 23362 77.585 0.0595588 0.989784
41 503 5.9 19663 0 9.53674e-08 inf
42 505 5.9 21689 71.5897 0.05308 1.20402
43 493 5.9 21677 53.2966 0.074346 1.44894
44 506 5.9 20984 70.1287 0.0497463 1.28364
45 502 5.9 19979 48.5402 0.0648908 1.14514
46 503 5.9 22127 65.082 0.0585737 1.03573
47 483 5.9 20834 67.7704 0.0523033 0.94511
48 519 5.9 22848 77.4782 0.0548693 1.06622
49 511 5.9 18621 0 9.53674e-08 1.01565e+306
50 505 5.9 21168 75.4222 0.0492549 1.02516
51 504 5.9 21675 76.32 0.0497929 1.31986
52 508 5.9 22626 74.3222 0.0525943 1.23525
53 507 5.9 19403 0 9.53674e-08 9.61333e+305
54 503 5.9 20864 0 9.53674e-08 8.81222e+305
55 501 5.9 21406 59.9546 0.0626645 1.03563
56 505 5.9 23551 74.4336 0.0595822 1.12784
57 506 5.9 20580 80.8845 0.0464389 1.11654
58 513 5.9 22484 84.7519 0.04987 1.11982
59 502 5.9 20913 62.1647 0.0607588 1.25074
60 510 5.9 23467 27.286 0.1 19.3296
61 506 5.9 19992 0 9.53674e-08 inf
62 504 5.9 21868 0 9.53674e-08 inf
63 503 5.9 20103 43.5545 0.0641602 8.83995
64 525 5.9 22748 0 9.53674e-08 8.43987e+305
65 525 5.9 22215 0 9.53674e-08 inf
66 531 5.9 22716 0 9.53674e-08 inf
67 529 5.9 21299 0 9.53674e-08 inf
68 519 5.9 23083 0 9.53674e-08 7.74868e+305
69 519 5.9 22583 0 9.53674e-08 inf
70 527 5.9 22774 0 9.53674e-08 8.17133e+305
71 523 5.9 23166 0 9.53674e-08 8.56044e+305
72 529 5.9 22121 0 9.53674e-08 7.85019e+305
73 530 5.9 23468 0 9.53674e-08 8.2843e+305
74 520 5.9 22191 0 9.53674e-08 inf
75 531 5.9 23383 0 9.53674e-08 inf
76 521 5.9 22269 0 9.53674e-08 8.40044e+305
77 523 5.9 21092 0 9.53674e-08 9.41201e+305
78 527 5.9 22096 0 9.53674e-08 8.6014e+305
79 525 5.9 24342 0 9.53674e-08 8.56044e+305
80 529 5.9 22264 40.3146 0.0935088 11.2473
81 529 5.9 21403 0 9.53674e-08 inf
82 517 5.9 21312 0 9.53674e-08 inf
83 516 5.9 24276 0 9.53674e-08 8.43987e+305
84 525 5.9 20890 0 9.53674e-08 8.56044e+305
85 523 5.9 22790 0 9.53674e-08 8.72667e+305
86 526 5.9 22728 0 9.53674e-08 7.95439e+305
87 529 5.9 24425 0 9.53674e-08 inf
88 518 5.9 23180 37.8122 0.0997175 16.1294
89 531 5.9 22771 0 9.53674e-08 inf
90 520 5.9 22788 0 9.53674e-08 inf
91 525 5.9 22872 0 9.53674e-08 inf
92 526 5.9 23406 0 9.53674e-08 inf
93 521 5.9 23593 0 9.53674e-08 inf
94 525 5.9 24103 0 9.53674e-08 inf
95 527 5.9 24011 0 9.53674e-08 9.03363e+305
96 524 5.9 24153 0 9.53674e-08 8.51987e+305
97 520 5.9 21253 35.8973 0.1 6.57017
98 513 5.9 22983 0 9.53674e-08 inf
99 524 5.9 21417 67.6478 0.0596293 1.22975
100 527 5.9 23321 0 9.53674e-08 7.95439e+305
101 525 5.9 20991 0 9.53674e-08 8.6014e+305
102 531 5.9 22171 0 9.53674e-08 8.72667e+305
103 518 5.9 20518 25.9845 0.1 26.0226
104 521 5.9 22462 34.0172 0.1 21.1199
105 529 5.9 22140 25.8797 0.1 33.6462
106 525 5.9 21329 2.81076 0.1 99.1443
107 515 5.9 21545 41.6948 0.0902256 6.23218
108 536 5.9 21978 55.3264 0.0743158 2.76699
109 523 5.9 20742 0 9.53674e-08 inf
110 521 5.9 21895 0 9.53674e-08 8.2463e+305
111 522 5.9 20118 0 9.53674e-08 8.89947e+305
112 534 5.9 22731 46.58 0.0868213 7.01327
113 522 5.9 20856 0 9.53674e-08 8.36136e+305
114 529 5.9 21767 0 9.53674e-08 8.2843e+305
115 522 5.9 20755 0 9.53674e-08 8.43987e+305
116 534 5.9 22355 19.0157 0.1 48.4243
117 531 5.9 21402 0 9.53674e-08 7.85019e+305
118 520 5.9 21734 58.5416 0.0695715 3.03907
119 531 5.9 20620 0 9.53674e-08 8.98847e+305
120 528 5.9 22831 0 9.53674e-08 7.85019e+305
121 527 5.9 19853 0.550039 0.0999999 99.1457
122 535 5.9 22329 0 9.53674e-08 7.55333e+305
123 529 5.9 18129 58.3293 0.0463346 1.30543
124 535 5.9 22400 0 9.53674e-08 8.6014e+305
125 519 5.9 19561 0 9.53674e-08 inf
126 527 5.9 22108 28.4088 0.1 23.1634
127 528 5.9 19561 14.5425 0.1 46.9956
128 550 5.9 23564 105.624 0.0505582 1.20572
129 555 5.9 24287 98.4162 0.0531345 1.06637
130 549 5.9 23466 88.9153 0.0543507 1.01018
131 571 5.9 18612 77.1671 0.0535689 1.06672
132 556 5.9 21522 105.277 0.0476595 1.2134
133 555 5.9 22434 104.536 0.0477852 1.25278
134 563 5.9 22433 109.323 0.0489456 1.18644
135 557 5.9 22867 76.1257 0.0585072 1.20528
136 547 5.9 21302 100.829 0.0477231 1.07233
137 554 5.9 21538 66.2859 0.0608655 1.27455
138 552 5.9 21918 86.5683 0.0508287 0.99307
139 555 5.9 23288 81.0834 0.0551763 1.29847
140 552 5.9 21170 96.962 0.0461114 1.05652
141 554 5.9 21448 97.7518 0.0463524 1.05799
142 551 5.9 21588 103.641 0.0476502 1.24677
143 552 5.9 23577 81.2196 0.0570389 1.1627
144 549 5.9 21878 97.0264 0.0481331 1.02655
145 553 5.9 21726 87.5385 0.0482073 1.07717
146 549 5.9 22639 104.42 0.0498222 0.946317
147 548 5.9 23598 79.5524 0.0554955 0.970844
148 559 5.9 22377 110.171 0.0491377 1.23024
149 555 5.9 23008 90.095 0.0515371 1.03874
150 552 5.9 22965 95.5822 0.0530004 1.03782
151 552 5.9 24503 85.632 0.0560753 1.09671
152 553 5.9 22891 106.891 0.0491376 0.936111
153 547 5.9 23496 103.441 0.0523704 1.13494
154 542 5.9 23013 108.946 0.0511151 1.12804
155 558 5.9 22669 71.2891 0.0613953 0.990609
156 560 5.9 25482 105.41 0.0552267 1.09123
157 554 5.9 24946 101.357 0.0541261 1.17149
158 556 5.9 25025 91.7667 0.0587458 1.00451
159 560 5.9 19263 76.4025 0.0561196 1.02149
160 549 5.9 24981 108.579 0.0537556 1.27643
161 551 5.9 25167 99.4601 0.0568507 0.961348
162 556 5.9 24994 94.1555 0.0561543 0.939434
163 551 5.9 27406 101.223 0.0631038 0.960627
164 551 5.9 24163 114.398 0.0535913 1.2205
165 557 5.9 23534 115.814 0.051229 1.22138
166 562 5.9 23920 111.922 0.0529201 1.18616
167 542 5.9 26297 110.561 0.0579931 1.36871
168 551 5.9 23371 111.096 0.0512385 1.13245
169 547 5.9 24318 96.4944 0.0534842 0.980809
170 557 5.9 23805 96.5693 0.0518883 0.948651
171 539 5.9 27320 112.399 0.0583763 1.15734
172 560 5.9 22509 101.993 0.0485925 1.0008
173 553 5.9 23227 103.946 0.0516259 1.33906
174 543 5.9 23160 110.878 0.0491674 1.09645
175 538 5.9 25979 99.0281 0.0573683 1.11507
176 550 5.9 22187 106.839 0.047456 1.1559
177 560 5.9 23065 100.243 0.0505553 1.23622
178 543 5.9 23197 109.222 0.0508285 1.1681
179 545 5.9 26014 102.745 0.058001 1.16535
180 542 5.9 22529 111.154 0.0493713 1.09012
181 550 5.9 23458 105.071 0.0516454 1.04697
182 554 5.9 23058 100.971 0.0516952 1.25503
183 547 5.9 25878 95.0096 0.0591541 1.11162
184 553 5.9 22897 123.597 0.049681 1.2858
185 559 5.9 22677 120.496 0.0496229 1.1726
186 561 5.9 23368 122.641 0.0507172 1.35226
187 555 5.9 25379 109.418 0.0554764 1.29778
188 549 5.9 24704 112.175 0.0544924 1.05023
189 557 5.9 24535 119.616 0.0535945 1.10626
190 551 5.9 24081 103.701 0.0540721 1.14757
191 561 5.9 26723 114.978 0.0590199 1.38135
