0 447 0 475468 0 0 0
1 451 0 486432 0 0 0
2 452 0 486370 0 0 0
3 453 0 458376 0 0 0
4 453 0 428176 0 0 0
5 446 0 476641 0 0 0
6 442 0 427284 0 0 0
7 453 0 435800 0 0 0
8 461 0 467075 0 0 0
9 455 0 441338 0 0 0
10 453 0 456714 0 0 0
11 461 0 458212 0 0 0
12 457 0 458906 0 0 0
13 451 0 466322 0 0 0
14 455 0 462593 0 0 0
15 458 0 456033 0 0 0
16 451 0 445872 0 0 0
17 444 0 480280 0 0 0
18 448 0 483455 0 0 0
19 455 0 485794 0 0 0
20 445 0 484291 0 0 0
21 457 0 485809 0 0 0
22 458 0 486633 0 0 0
23 455 0 452945 0 0 0
24 455 0 479866 0 0 0
25 455 0 481963 0 0 0
26 452 0 455339 0 0 0
27 453 0 459194 0 0 0
28 456 0 476957 0 0 0
29 452 0 450654 0 0 0
30 444 0 478384 0 0 0
31 453 0 458202 0 0 0
32 459 0 481330 0 0 0
33 448 0 436355 0 0 0
34 450 0 482072 0 0 0
35 447 0 488039 0 0 0
36 449 0 461871 0 0 0
37 458 0 480350 0 0 0
38 454 0 488552 0 0 0
39 451 0 479063 0 0 0
40 448 0 488718 0 0 0
41 456 0 488535 0 0 0
42 451 0 428400 0 0 0
43 456 0 426141 0 0 0
44 453 0 472551 0 0 0
45 454 0 454342 0 0 0
46 452 0 486346 0 0 0
47 451 0 436026 0 0 0
48 449 0 465868 0 0 0
49 451 0 474509 0 0 0
50 457 0 458368 0 0 0
51 451 0 456113 0 0 0
52 447 0 475007 0 0 0
53 450 0 439455 0 0 0
54 447 0 462500 0 0 0
55 443 0 486560 0 0 0
56 449 0 476775 0 0 0
57 448 0 482279 0 0 0
58 455 0 480200 0 0 0
59 446 0 470856 0 0 0
60 450 0 481876 0 0 0
61 457 0 478407 0 0 0
62 453 0 476151 0 0 0
63 448 0 434269 0 0 0
64 445 5.9 27559 151.104 0.0600511 1.06087
65 449 5.34164 28619 157.339 0.0615228 1.11657
66 449 5.9 28960 152.532 0.0632591 1.08477
67 443 5.9 32009 157.131 0.0699672 1.19888
68 457 5.9 27162 167.794 0.0581778 1.19125
69 452 4.40326 27204 168.782 0.0572518 1.12677
70 446 5.9 26680 163.702 0.057358 1.09523
71 447 5.9 30654 152.661 0.0675789 0.987269
72 442 5.9 25810 145.678 0.0558551 1.02744
73 454 5.9 27089 148.735 0.0587383 1.16597
74 454 5.9 26815 168.186 0.0574254 1.08252
75 449 5.9 31064 159.439 0.0672306 1.01274
76 448 5.9 25708 166.416 0.0546115 1.01593
77 450 5.9 26914 146.844 0.0579851 1.21954
78 440 5.9 26401 158.408 0.0559461 1.15979
79 450 5.9 30611 130.4 0.067364 1.29994
80 450 5.9 25844 168.173 0.0548484 1.18311
81 449 5.9 26812 153.502 0.0572584 1.12992
82 451 5.9 25048 143.337 0.0537324 1.15474
83 451 5.9 30108 140.041 0.0661276 1.10948
84 445 5.9 24843 147.847 0.0538604 1.12512
85 450 5.9 25874 135.559 0.0548585 1.11729
86 449 5.9 25291 132.934 0.0534705 1.11935
87 445 5.9 31016 142.191 0.0671627 1.24796
88 445 5.9 26041 138.355 0.0558493 1.11155
89 450 5.9 26482 129.095 0.0577197 1.08067
90 455 5.9 25714 123.564 0.0563842 1.16975
91 446 5.9 30159 125.652 0.0667157 1.20161
92 450 5.9 27468 117.019 0.0603484 1.0572
93 446 5.9 28266 127.399 0.0620046 1.07083
94 452 5.9 28038 116.117 0.0625578 1.1446
95 450 5.9 32364 133.522 0.0717181 1.1895
96 453 5.9 28908 141.651 0.0632589 0.959324
97 447 5.9 29393 156.262 0.063675 1.07147
98 446 5.9 29540 152.139 0.0642143 1.09351
99 443 5.9 29284 152.886 0.0638631 1.22514
100 449 5.9 26446 159.642 0.0572156 1.06185
101 454 4.01825 26544 164.855 0.0556269 1.1435
102 448 4.89422 26909 166.585 0.0567341 1.15754
103 453 5.9 27360 163.537 0.0578117 1.20841
104 449 5.9 25808 149.375 0.0555847 1.07874
105 451 5.9 26453 159.846 0.0560765 1.22857
106 445 5.9 25716 156.461 0.0549663 1.15904
107 455 5.9 29059 168.498 0.0624567 1.0807
108 440 5.9 25521 166.992 0.0543585 1.12013
109 453 5.9 26155 161.574 0.0558641 1.09967
110 454 5.9 25875 155.359 0.0554178 1.08151
111 445 5.9 27978 171.684 0.0593255 1.31775
112 460 5.9 26474 157.318 0.0568105 1.19522
113 449 4.80368 26098 170.945 0.0549552 0.982881
114 452 5.9 26198 169.916 0.0557455 1.191
115 446 5.9 28492 169.358 0.0609373 1.16725
116 451 5.9 26395 160.195 0.0565004 1.13555
117 447 5.9 25646 167.491 0.0549558 1.01174
118 454 5.9 25760 155.248 0.0555879 1.08123
119 445 5.9 28124 168.325 0.0602591 0.965066
120 449 5.44438 26589 161.243 0.0568875 1.15337
121 441 5.9 26001 192.997 0.054849 1.08276
122 459 5.9 26164 164.73 0.0562078 1.03906
123 452 5.9 27152 179.457 0.058481 0.991228
124 450 5.9 27258 140.517 0.0604945 1.11348
125 449 5.9 26010 167.373 0.055467 1.10507
126 448 5.9 27633 169.15 0.0589587 1.23453
127 447 5.9 27801 167.863 0.0602728 1.19282
128 509 5.9 25158 104.636 0.0558061 1.06596
129 500 5.9 25084 104.034 0.0570074 0.975224
130 504 5.9 26151 112.017 0.0560462 1.07127
131 511 5.9 27186 109.042 0.0627392 1.01017
132 511 5.9 23360 114.926 0.0513625 0.932988
133 507 5.9 23411 123.876 0.0511267 1.07371
134 513 5.9 23483 107.718 0.0517882 1.18367
135 506 5.9 26112 118.319 0.0582942 1.03838
136 507 5.9 22754 112.369 0.0499099 1.06604
137 500 5.9 23745 116.354 0.0511531 1.13232
138 510 5.9 24014 121.491 0.0526218 0.944255
139 512 5.9 25830 105.322 0.0583953 0.966908
140 507 5.9 24064 134.17 0.0516563 1.14344
141 504 5.9 23632 119.94 0.051604 1.16747
142 510 5.9 24192 133.332 0.0521559 1.1131
143 513 5.9 27382 120.334 0.0609064 1.00353
144 504 5.9 24802 134.823 0.054041 1.01652
145 506 5.9 23692 115.187 0.052527 0.986169
146 501 5.9 24345 121.019 0.0531666 1.21029
147 506 5.9 26999 119.652 0.0591657 1.15293
148 500 5.9 23888 121.918 0.0523191 1.09195
149 511 5.9 24783 114.463 0.0538665 1.06962
150 511 5.9 24788 120.319 0.054067 0.858955
151 505 5.9 26652 108.759 0.0601759 1.09901
152 502 5.9 24635 112.922 0.0550242 1.09696
153 508 5.9 23386 110.279 0.0524273 0.966562
154 500 5.9 23301 106.317 0.0523369 1.13218
155 505 5.9 26366 112.965 0.0583408 1.23492
156 507 5.9 25787 100.914 0.0597631 1.11189
157 514 5.9 25469 109.191 0.0566056 1.03797
158 515 5.9 26010 117.688 0.0574089 0.924544
159 508 5.9 27849 106.295 0.0640096 1.09662
160 513 5.9 26254 109.992 0.0571227 1.27958
161 495 5.9 26329 103.029 0.0580257 1.13118
162 508 5.9 26406 108.434 0.0586501 1.11352
163 504 5.9 30003 112.289 0.0678518 0.904018
164 505 5.9 25526 113.995 0.0565193 1.25301
165 505 5.9 24941 105.069 0.0551579 1.11583
166 508 5.9 25594 117.017 0.0556188 1.16969
167 512 5.9 28277 126.797 0.0621758 0.956261
168 509 5.9 25215 117.294 0.0562729 0.97024
169 510 5.9 25582 107.146 0.0568975 1.20147
170 493 5.9 25708 114.976 0.057154 1.1583
171 507 5.9 29157 117.439 0.0647205 1.13956
172 501 5.9 24810 125.931 0.0545458 1.07285
173 501 5.9 24451 106.853 0.0544555 1.05337
174 503 5.9 24796 120.349 0.0545052 1.16326
175 501 5.9 28798 132.727 0.0628528 1.01982
176 498 5.9 24464 126.815 0.0534497 1.17483
177 511 5.9 24791 117.193 0.0536268 1.10257
178 496 5.9 24392 119.025 0.0530279 1.06902
179 538 5.9 28120 124.569 0.0625602 1.15912
180 505 5.9 23943 105.283 0.0524992 1.00282
181 498 5.9 25071 112.097 0.0550464 1.17618
182 504 5.9 23768 105.344 0.0531321 1.03789
183 503 5.9 29520 135.72 0.0649339 1.17302
184 505 5.9 24566 124.041 0.0538258 1.16198
185 512 5.9 24244 117.144 0.0537607 1.06617
186 502 5.9 24439 114.026 0.0537797 1.03575
187 504 5.9 28489 140.965 0.0615146 1.19629
188 507 5.9 26413 110.001 0.059832 1.08306
189 504 5.9 26694 103.587 0.059632 1.22293
190 505 5.9 26458 103.939 0.05897 1.19702
191 503 5.9 28749 124.574 0.0644613 1.09341
