0 479 0 476950 0 0 0
1 479 0 442841 0 0 0
2 477 0 480001 0 0 0
3 478 0 465766 0 0 0
4 478 0 437536 0 0 0
5 477 0 478972 0 0 0
6 479 0 421806 0 0 0
7 475 0 482751 0 0 0
8 471 0 471123 0 0 0
9 484 0 451559 0 0 0
10 489 0 469498 0 0 0
11 476 0 475643 0 0 0
12 483 0 478267 0 0 0
13 468 0 470517 0 0 0
14 480 0 451753 0 0 0
15 474 0 482029 0 0 0
16 470 0 469687 0 0 0
17 480 0 453295 0 0 0
18 471 0 483209 0 0 0
19 478 0 440103 0 0 0
20 475 0 455906 0 0 0
21 469 0 471203 0 0 0
22 477 0 419485 0 0 0
23 474 0 481242 0 0 0
24 475 0 478406 0 0 0
25 468 0 419863 0 0 0
26 485 0 476659 0 0 0
27 480 0 451099 0 0 0
28 478 0 464198 0 0 0
29 476 0 460224 0 0 0
30 475 0 482273 0 0 0
31 483 0 456335 0 0 0
32 477 0 461258 0 0 0
33 483 0 449883 0 0 0
34 472 0 473377 0 0 0
35 474 0 474434 0 0 0
36 471 0 447227 0 0 0
37 480 0 463574 0 0 0
38 486 0 480154 0 0 0
39 481 0 435884 0 0 0
40 474 0 484688 0 0 0
41 481 0 481559 0 0 0
42 479 0 435374 0 0 0
43 477 0 469320 0 0 0
44 476 0 440931 0 0 0
45 478 0 414292 0 0 0
46 478 0 450115 0 0 0
47 478 0 465917 0 0 0
48 485 0 450316 0 0 0
49 479 0 467309 0 0 0
50 479 0 469529 0 0 0
51 481 0 453796 0 0 0
52 485 0 427567 0 0 0
53 477 0 422763 0 0 0
54 475 0 462657 0 0 0
55 478 0 481962 0 0 0
56 476 0 448545 0 0 0
57 471 0 481918 0 0 0
58 485 0 441717 0 0 0
59 474 0 433666 0 0 0
60 481 0 475333 0 0 0
61 480 0 476411 0 0 0
62 475 0 474700 0 0 0
63 482 0 461133 0 0 0
64 457 5.9 28295 249.435 0.0598334 1.36834
65 464 4.70314 31059 257.633 0.0651885 1.25585
66 459 5.6601 28951 245.062 0.0614288 1.39042
67 450 5.9 34458 283.064 0.0746874 1.72502
68 457 5.9 21151 253.095 0.0446112 1.28423
69 459 5.17355 26527 240.167 0.0559899 1.52008
70 464 5.9 21297 250.858 0.045252 1.23104
71 450 5.42053 31563 235.871 0.0677389 1.77583
72 466 4.79888 18455 247.255 0.0384415 1.11395
73 466 5.9 21255 227.505 0.0449716 1.35777
74 457 5.9 19006 247.553 0.0401273 1.21843
75 461 5.9 29831 242.825 0.0642737 1.55424
76 464 5.9 17426 240.635 0.0366321 1.182
77 460 4.90715 18823 206.149 0.0397011 1.1992
78 463 5.07437 17080 228.999 0.0356648 1.19311
79 462 5.9 28427 215.217 0.0617652 1.61368
80 451 4.85616 18560 238.962 0.0390742 1.17698
81 458 5.9 18773 227.511 0.0401044 1.22064
82 462 5.03095 18111 228.349 0.0380288 1.25338
83 457 5.9 28630 222.241 0.0622443 1.4236
84 465 5.9 20005 236.324 0.0424613 1.3352
85 458 5.9 21718 227.57 0.0463696 1.29644
86 452 5.9 20067 228.61 0.0428572 1.24096
87 464 5.9 30564 228.822 0.0658804 1.75056
88 463 4.65345 24701 247.744 0.0520593 1.38889
89 455 5.4704 26802 246.027 0.0571774 1.43294
90 453 5.9 25186 257.24 0.0538063 1.44306
91 467 5.9 31902 234.51 0.0686763 1.73711
92 461 5.9 28971 254.435 0.0614242 1.27382
93 458 5.66308 31108 259.832 0.0656229 1.49374
94 465 5.26442 30913 242.372 0.0654611 1.32822
95 460 5.9 34204 276.131 0.0736093 1.73604
96 466 5.22231 28582 259.856 0.0599824 1.15957
97 455 5.9 27552 190.559 0.0594 1.2894
98 457 5.14335 29307 227.952 0.0621476 1.1198
99 457 5.9 27916 178.002 0.0609377 1.32305
100 461 4.64483 26183 236.911 0.0553713 1.35659
101 458 4.69399 26260 207.896 0.0556512 1.51429
102 460 5.42159 26455 235.496 0.0561913 1.34818
103 459 5.9 26630 172.521 0.0576165 1.6643
104 456 3.8628 23166 246.61 0.0475865 1.26427
105 457 5.9 25300 197.375 0.05451 1.48229
106 463 5.056 25099 227.672 0.052889 1.5155
107 458 5.9 26248 160.766 0.0572008 1.54343
108 465 5.10982 21307 238.946 0.0448163 1.27031
109 467 5.00436 25394 204.92 0.0540702 1.39202
110 458 5.9 23753 218.879 0.0507571 1.21406
111 461 5.9 26123 162.431 0.0571737 1.37448
112 464 5.9 20105 217.336 0.0427225 1.18469
113 456 5.26539 24866 202.332 0.0528517 1.33559
114 459 5.9 23680 219.768 0.0502827 1.46007
115 460 5.9 27061 162.228 0.0595503 1.33056
116 461 4.97992 21949 246.555 0.0458102 1.29462
117 454 5.34548 24617 199.138 0.0525276 1.23726
118 455 5.75517 23535 242.224 0.0498731 1.24533
119 459 5.9 26266 176.231 0.0571311 1.22471
120 453 5.57017 24789 269.148 0.0521743 1.30065
121 466 5.9 25121 216.53 0.053473 1.43888
122 458 4.65887 26499 243.903 0.0555852 1.3603
123 456 5.9 26880 178.515 0.0583741 1.40408
124 458 5.7488 29177 264.378 0.0614962 1.34705
125 464 5.9 27486 197.896 0.059081 1.41514
126 465 5.9 28115 240.66 0.0598992 1.19206
127 465 5.9 28288 176.903 0.0621545 1.18773
128 585 5.49885 27120 283.64 0.0563701 1.19518
129 571 5.9 27871 270.044 0.0581256 1.26067
130 582 5.8094 27439 286.07 0.057011 1.25915
131 583 5.80482 31135 288.517 0.0658667 1.42426
132 569 5.71822 24377 301.18 0.0503752 1.15912
133 592 5.79707 24872 284.886 0.0512473 1.31445
134 584 5.9 24485 305.308 0.0504821 1.23369
135 591 5.9 28898 271.846 0.0610609 1.21983
136 575 5.54562 21172 288.929 0.0437506 1.10177
137 590 5.9 21903 270.024 0.0454479 1.1649
138 589 6.06956 21414 291.06 0.0441617 1.18547
139 594 5.9 27617 284.166 0.0579188 1.35065
140 579 5.9 19707 276.454 0.0407415 1.14825
141 580 5.9 19891 276.64 0.0411574 1.23836
142 587 5.68697 19392 267.087 0.0397742 1.27073
143 584 5.9 26978 285.085 0.0563765 1.35616
144 578 5.9 19050 272.656 0.0393812 1.20382
145 595 5.9 19104 264.119 0.0396687 1.1261
146 591 5.9 19544 270.807 0.0401436 1.36612
147 590 5.9 25890 272.443 0.0543179 1.32515
148 591 5.9 19915 285.115 0.0412236 1.08046
149 595 5.9 20937 262.084 0.0435135 1.23976
150 576 5.9 19511 288.774 0.0402462 1.1608
151 586 5.9 26194 263.543 0.0553488 1.20796
152 590 5.62846 22161 276.817 0.0460203 1.09051
153 574 5.9 24502 281.913 0.0508581 1.3104
154 574 5.9 20990 267.598 0.0433664 1.20097
155 581 5.9 29117 302.399 0.0614427 1.26165
156 584 5.9 26850 263.015 0.0560386 1.20664
157 580 5.9 27377 258.058 0.0572567 1.22856
158 595 5.9 26804 253.53 0.0559291 1.2744
159 585 5.9 30307 251.676 0.0640188 1.30081
160 583 5.9 27447 286.071 0.0572146 1.22085
161 581 5.72158 27576 279.898 0.0573044 1.3648
162 582 5.9 28122 304.926 0.0583003 1.23553
163 580 5.9 29141 299.566 0.0606021 1.30593
164 582 6.27756 24453 287.509 0.0509335 1.16065
165 589 6.34958 25940 286.486 0.0543694 1.18145
166 585 6.46434 27225 307.557 0.0568406 1.29984
167 593 5.9 26966 298.284 0.0559008 1.23886
168 596 5.9 21925 279.105 0.0453582 1.24064
169 581 5.9 26260 312.044 0.0540747 1.22848
170 586 6.12113 24956 304.522 0.0519255 1.16005
171 590 5.9 28334 303.495 0.058798 1.32193
172 580 6.70811 21438 299.532 0.0442955 1.1351
173 579 5.9 26178 308.951 0.0539743 1.0985
174 585 5.9 24398 291.465 0.050839 1.18061
175 585 5.9 27957 308.566 0.0580388 1.26683
176 582 6.74605 21759 302.65 0.0451088 1.17606
177 586 5.9 25406 307.924 0.0522477 1.20127
178 577 6.56157 24511 307.476 0.050899 1.21272
179 588 5.9 28308 328.3 0.0583381 1.25408
180 592 6.46008 23437 314.42 0.0483797 1.23849
181 583 6.44298 26255 302.958 0.0548688 1.20111
182 583 3.88988 31095 306.226 0.0532269 1.27741
183 570 5.9 27954 328.918 0.0576867 1.24762
184 587 6.16226 26599 331.519 0.0551678 1.199
185 588 6.26742 26309 299.138 0.0546493 1.40172
186 588 6.4294 27231 321.509 0.0567858 1.31776
187 591 5.9 27837 328.345 0.057463 1.30688
188 586 5.9 27348 298.991 0.0566745 1.26931
189 588 5.9 27666 285.934 0.0575713 1.24803
190 583 5.9 28479 312.129 0.0588248 1.3558
191 580 5.9 29427 355.3 0.0613881 1.27627
