0 548 5.62645 26917 312.15 0.0548426 1.26354
1 564 6.10613 27904 272.088 0.057649 1.21665
2 557 6.75713 27302 316.104 0.0562531 1.15026
3 544 5.9 30898 221.603 0.0673553 1.05921
4 542 5.9 24584 334.788 0.0505344 1.30479
5 550 5.9 25148 317.519 0.0519811 1.14599
6 560 5.9 25587 340.198 0.0522535 1.25121
7 544 5.9 30497 274.704 0.0626478 1.33003
8 555 5.61969 24800 311.129 0.051162 1.29784
9 554 6.15422 24960 267.341 0.0512836 1.3333
10 551 5.9 24295 302.184 0.0498125 1.22158
11 551 5.9 30029 237.842 0.0625119 1.41573
12 560 5.24907 24275 314.134 0.0505073 1.3198
13 543 6.19706 24880 284.848 0.050798 1.27759
14 556 7.06082 24285 315.799 0.0500895 1.24
15 556 5.9 29878 241.378 0.0619137 1.28043
16 555 5.9 24242 333.73 0.0501763 1.26787
17 552 5.89785 24922 272.917 0.0510459 1.22579
18 557 5.97047 24354 282.071 0.0502222 1.15951
19 555 5.9 30296 235.251 0.0633455 1.25429
20 547 5.62463 24846 330.224 0.051269 1.3548
21 553 5.9 24699 271.142 0.0505362 1.28582
22 554 5.9 24865 304.231 0.0499759 1.37254
23 546 5.9 30833 244.063 0.0638976 1.2666
24 555 5.76611 24561 332.852 0.0507482 1.26106
25 557 6.30186 25243 311.72 0.0521923 1.22178
26 549 5.98744 25197 307.404 0.0521401 1.39801
27 557 5.9 30534 257.725 0.0633135 1.15657
28 558 5.9 28108 321.735 0.0575898 1.50781
29 551 5.93057 28629 309.472 0.0591217 1.25144
30 548 7.1737 28346 340.272 0.0584341 1.38101
31 554 5.9 32477 315.22 0.0673527 1.30487
32 550 5.98107 28163 303.046 0.0582075 1.231
33 557 5.77099 27679 280.492 0.0574527 1.19291
34 551 5.88948 27792 298.391 0.057513 1.32554
35 560 5.9 27220 308.493 0.0559895 1.20455
36 553 6.1092 25663 336.758 0.0531423 1.25698
37 552 5.9 25460 299.118 0.052802 1.35203
38 555 5.9 26089 313.842 0.0539409 1.3801
39 548 5.9 26289 294.928 0.0544051 1.23267
40 562 6.03367 25068 316.89 0.0520385 1.25327
41 548 4.80402 26249 273.201 0.0540077 1.32399
42 555 5.9 25011 318.457 0.0515483 1.34523
43 557 5.9 27709 273.203 0.0578255 1.27521
44 554 5.94249 25289 330.283 0.0523651 1.36684
45 545 5.14384 25444 270.142 0.052539 1.34504
46 553 5.73086 24953 294.92 0.0518198 1.27863
47 560 5.9 27415 288.435 0.0571949 1.30623
48 556 5.9 24659 332.104 0.051046 1.28773
49 538 6.36155 25287 294.136 0.0526503 1.3031
50 545 5.9 24592 321.379 0.0508193 1.13085
51 558 5.9 27629 297.086 0.0574461 1.32315
52 543 6.62393 24616 359.228 0.0506299 1.27101
53 545 5.9 24894 313.699 0.0517143 1.1857
54 548 5.9 24900 339.717 0.0510633 1.31657
55 561 5.9 26686 292.861 0.0556242 1.18215
56 553 5.9 26190 357.18 0.0538473 1.3761
57 553 6.42232 24103 325.568 0.050098 1.23265
58 558 6.85057 25402 354.812 0.0530415 1.19549
59 550 5.9 25857 301.757 0.0537178 1.23407
60 550 6.53989 27713 358.17 0.057034 1.19125
61 547 5.9 26351 311.539 0.054094 1.15873
62 556 6.77517 27071 320.889 0.0559466 1.11645
63 548 5.9 27269 306.462 0.0562113 1.21168
64 502 5.69431 28156 287.472 0.0581578 1.10837
65 505 6.56677 27964 271.592 0.0576222 1.20773
66 511 6.45848 28528 300.424 0.0586837 1.13452
67 509 5.9 31744 247.084 0.0672374 1.0554
68 509 6.06446 26085 316.412 0.0536301 1.26773
69 507 5.9 26193 321.642 0.0533336 1.42095
70 503 6.93605 25606 320.044 0.0529409 1.25055
71 511 7.72828 30330 274.646 0.0639204 1.16782
72 508 6.53292 25273 347.497 0.052184 1.27435
73 505 5.9 27234 315.905 0.054791 1.32738
74 500 5.9 25410 298.24 0.0521357 1.30032
75 505 5.9 30659 252.426 0.0635456 1.08046
76 519 5.50044 25402 271.41 0.0519963 1.24106
77 508 5.9 26075 273.68 0.0532068 1.15525
78 509 6.62851 25503 281.18 0.0522796 1.12596
79 502 7.58332 30720 260.846 0.0643884 1.08343
80 510 5.9 25008 301.724 0.0512252 1.23083
81 504 5.81912 25964 267.767 0.053177 1.1675
82 503 6.5014 24928 269.63 0.0513345 1.00798
83 503 6.96656 30677 255.426 0.0639791 1.14235
84 510 5.3172 25068 276.639 0.0516544 1.2699
85 515 6.18345 26364 276.987 0.0543788 1.25803
86 506 5.89477 24526 252.89 0.0507991 1.17535
87 501 5.9 31495 251.973 0.0657624 1.07106
88 513 5.14591 26091 281.489 0.0535776 1.3607
89 509 5.96214 26433 282.66 0.0543255 1.33073
90 512 5.9 26259 267.137 0.0545347 1.17294
91 503 5.9 31217 240.478 0.0651209 1.05181
92 508 5.9 28856 267.921 0.0598807 1.22655
93 502 5.62721 29307 250.38 0.0608023 1.17293
94 508 6.00314 29197 268.429 0.060628 1.1173
95 510 6.87502 32186 215.665 0.0710795 1.07379
96 505 5.9 30053 259.791 0.0629484 1.24414
97 494 6.21497 28993 334.802 0.0599157 1.32383
98 500 6.49753 30498 304.96 0.0633554 1.32062
99 510 5.727 29594 329.723 0.0607844 1.2135
100 505 5.97142 27004 292.2 0.0560054 1.29347
101 519 6.11394 26580 347.498 0.054908 1.32662
102 504 6.07784 27274 328.803 0.0564368 1.24307
103 507 5.9 27284 349.614 0.0556869 1.34893
104 508 5.9 25334 311.923 0.0523865 1.21916
105 503 6.14212 26882 328.355 0.0553243 1.30027
106 504 4.38125 27627 293.885 0.0527221 1.24548
107 508 7.08309 28357 355.542 0.0585897 1.26533
108 506 5.9 25262 309.112 0.0519565 1.15884
109 504 5.9 26942 333.352 0.0547458 1.09595
110 509 5.9 26675 352.27 0.0529959 1.14804
111 510 5.9 28696 377.817 0.0584026 1.27891
112 500 5.79511 26245 306.364 0.0536868 1.2137
113 513 7.1448 26674 359.294 0.0546663 1.22682
114 516 6.47887 25940 330.024 0.0530703 1.23462
115 507 5.9 28501 360.031 0.0580956 1.20438
116 496 6.52979 25920 320.517 0.0536069 1.34207
117 514 7.37436 26007 379.967 0.0532029 1.31269
118 513 5.9 26680 364.207 0.0528522 1.39977
119 502 5.9 27650 386.65 0.0561515 1.24976
120 501 6.02018 26322 315.978 0.0543738 1.25814
121 507 5.9 26340 381.766 0.0521526 1.26616
122 500 6.81161 26629 353.653 0.0549328 1.2749
123 511 7.12125 26741 403.462 0.0547522 1.26668
124 509 6.4923 28647 303.363 0.0591379 1.18063
125 515 5.9 27669 341.428 0.0553498 1.5164
126 499 7.11234 27620 335.647 0.0567912 1.20195
127 511 5.9 28468 362.98 0.0579772 1.22212
128 560 5.88986 26462 319.201 0.0544454 1.19061
129 565 5.9 26801 335.696 0.0546158 1.28906
130 566 5.9 27051 346.964 0.0545597 1.22859
131 568 5.9 28032 304.626 0.0570549 1.11223
132 566 6.55739 23570 333.847 0.0484069 1.15765
133 566 5.9 23564 305.902 0.0470298 1.00112
134 548 6.59076 23523 300.88 0.0481021 1.09734
135 556 5.9 26205 276.342 0.0533803 1.13363
136 572 6.2673 22013 283.288 0.0446881 1.10586
137 558 5.9 22463 256.89 0.0456693 1.09376
138 557 5.9 22315 268.39 0.0453278 1.04315
139 556 5.9 26041 292.033 0.0531631 1.14799
140 557 5.9 22667 310.184 0.0458538 1.09951
141 552 5.9 21640 290.222 0.0438852 1.00794
142 565 5.9 21791 299.78 0.043494 1.05603
143 559 5.9 26939 329.146 0.0547175 1.21011
144 565 5.9 23241 324.962 0.0471156 1.2447
145 572 7.71419 21458 336.666 0.0433911 1.1314
146 558 7.0895 22153 315.766 0.0451868 1.06277
147 561 5.9 26954 359.113 0.0544113 1.33771
148 559 6.52636 22603 350.768 0.0457722 1.17456
149 564 6.93657 22867 327.133 0.0463885 1.09588
150 551 6.90612 22931 319.504 0.0467635 1.0905
151 558 5.9 27241 344.767 0.055386 1.29876
152 562 5.9 24786 352.907 0.0502468 1.22528
153 551 7.31867 24047 345.213 0.049471 1.14891
154 558 7.73116 24172 376.513 0.0495162 1.15615
155 552 5.9 28053 346.422 0.0568968 1.28678
156 563 7.40638 28202 366.64 0.058061 1.17295
157 571 7.04377 27629 351.531 0.0565165 1.17406
158 560 5.9 28636 330.907 0.0582318 1.21406
159 556 5.9 30518 348.834 0.061941 1.35102
160 569 6.38161 28106 342.791 0.0574123 1.2393
161 565 6.79633 27992 312.252 0.0579026 1.26631
162 563 6.50672 28549 319.04 0.059099 1.23636
163 551 5.9 31434 317.217 0.065485 1.23182
164 571 6.98376 25716 359.014 0.052826 1.15025
165 572 6.67961 26035 310.758 0.0537702 1.31867
166 564 5.9 26555 355.55 0.0539253 1.22939
167 565 5.9 27806 322.626 0.0576534 1.16938
168 566 6.64092 24711 337.011 0.0505565 1.24925
169 565 6.28434 25994 305.311 0.0535384 1.1615
170 565 5.9 25804 324.72 0.0520067 1.22559
171 569 5.9 28247 321.075 0.0584471 1.22815
172 570 5.9 24364 312.963 0.0497727 1.12365
173 565 7.05285 24860 308.579 0.0513145 1.17051
174 565 6.61623 24178 315.652 0.0494467 1.17065
175 563 5.9 27772 296.186 0.0575997 1.21275
176 560 5.9 23537 291.539 0.0483519 1.0686
177 558 5.9 25457 272.676 0.0521814 1.1758
178 575 5.9 24095 320.509 0.0486576 1.07983
179 566 5.9 27034 297.467 0.0557082 1.2179
180 556 5.9 23703 317.34 0.0480429 1.08844
181 568 5.9 24545 271.184 0.0503312 1.05765
182 567 5.9 23848 297.68 0.0482287 1.09877
183 561 5.9 27465 266.542 0.0571796 1.06886
184 566 5.9 25071 338.792 0.0512053 1.19645
185 562 6.20494 24774 297.036 0.0513994 1.16451
186 553 7.28462 24854 347.26 0.0513222 1.21811
187 555 5.9 25781 302.341 0.0530811 1.23581
188 570 6.2001 26849 319.862 0.0549545 1.32511
189 558 6.72741 26064 301.896 0.054018 1.18576
190 571 4.5244 31100 332.463 0.0555473 1.13634
191 555 5.9 27562 319.352 0.0572757 1.20856
