0 549 0 443536 0 0 0
1 542 0 471862 0 0 0
2 559 0 447998 0 0 0
3 549 0 476095 0 0 0
4 552 0 439708 0 0 0
5 538 0 467183 0 0 0
6 541 0 455687 0 0 0
7 545 0 464417 0 0 0
8 547 0 457454 0 0 0
9 552 0 467845 0 0 0
10 542 0 470819 0 0 0
11 556 0 463822 0 0 0
12 541 0 412863 0 0 0
13 541 0 455911 0 0 0
14 548 0 452392 0 0 0
15 555 0 420506 0 0 0
16 549 0 455080 0 0 0
17 548 0 416508 0 0 0
18 548 0 446898 0 0 0
19 536 0 458306 0 0 0
20 551 0 454949 0 0 0
21 554 0 459248 0 0 0
22 543 0 473750 0 0 0
23 550 0 417557 0 0 0
24 543 0 418212 0 0 0
25 549 0 431539 0 0 0
26 545 0 476229 0 0 0
27 543 0 460883 0 0 0
28 558 0 435489 0 0 0
29 546 0 410414 0 0 0
30 541 0 448076 0 0 0
31 549 0 462221 0 0 0
32 541 0 470932 0 0 0
33 547 0 419666 0 0 0
34 546 0 417020 0 0 0
35 542 0 454183 0 0 0
36 532 0 469014 0 0 0
37 547 0 465425 0 0 0
38 545 0 425276 0 0 0
39 549 0 436992 0 0 0
40 549 0 451911 0 0 0
41 543 0 445975 0 0 0
42 549 0 473413 0 0 0
43 545 0 447640 0 0 0
44 548 0 458223 0 0 0
45 541 0 410543 0 0 0
46 539 0 431271 0 0 0
47 549 0 457328 0 0 0
48 550 0 467391 0 0 0
49 539 0 445371 0 0 0
50 534 0 467048 0 0 0
51 542 0 471334 0 0 0
52 545 0 423860 0 0 0
53 553 0 417712 0 0 0
54 537 0 457542 0 0 0
55 548 0 433192 0 0 0
56 554 0 474821 0 0 0
57 541 0 402289 0 0 0
58 548 0 435804 0 0 0
59 541 0 460088 0 0 0
60 549 0 473258 0 0 0
61 553 0 442979 0 0 0
62 544 0 461780 0 0 0
63 539 0 425224 0 0 0
64 529 5.9 25853 198.348 0.0547827 1.08868
65 522 5.9 26888 194.671 0.0574662 0.966227
66 532 5.50058 27537 214.672 0.057994 1.01198
67 528 5.9 29344 202.928 0.063321 1.05038
68 522 5.9 25522 232.923 0.0532258 1.20166
69 517 5.9 25832 225.292 0.0541409 1.21773
70 522 5.46747 25969 230.87 0.0540457 1.20067
71 518 5.9 28563 207.229 0.0605092 1.37753
72 520 5.9 23175 209.01 0.0491156 1.07181
73 523 5.9 25902 251.667 0.0537661 1.30649
74 524 5.6524 24409 237.392 0.0510029 1.10501
75 522 5.9 28919 222.066 0.0614919 1.15936
76 523 5.9 22409 217.797 0.0470902 1.16647
77 524 5.9 24963 248.035 0.0519858 1.14569
78 513 5.29697 23528 241.124 0.0485918 1.14252
79 525 5.9 29125 224.329 0.0616645 1.28582
80 522 5.9 22105 209.008 0.0464523 1.18572
81 525 5.9 24898 229.195 0.0520694 1.2592
82 523 5.25695 23009 216.324 0.0478317 1.21516
83 517 5.9 28120 217.371 0.0597091 1.13308
84 511 5.9 22136 201.733 0.0468518 1.03624
85 523 5.17654 25939 221.675 0.0539664 1.08254
86 521 5.9 23612 214.662 0.0498206 1.02458
87 517 5.9 29154 204.433 0.0619638 1.25635
88 523 5.31468 25129 217.865 0.0524583 1.13264
89 517 5.9 26386 210.86 0.0554844 1.07918
90 520 5.9 25715 183.091 0.054694 1.11569
91 515 5.9 29229 201.169 0.0621457 1.23102
92 532 5.9 27003 189.684 0.0575044 1.13733
93 518 5.9 27095 171.142 0.0581368 0.997389
94 515 5.9 27231 181.673 0.0589005 0.992894
95 521 5.9 30219 206.359 0.0643657 1.29037
96 533 5.9 27120 180.562 0.0576801 1.09413
97 526 5.9 28363 187.125 0.0604503 1.06058
98 530 5.9 28019 175.708 0.0600995 1.10767
99 528 5.9 28788 196.908 0.0614022 1.17012
100 521 5.9 25544 209.133 0.0542296 0.971698
101 515 5.9 26002 191.155 0.055156 1.17701
102 525 4.91238 26393 190.897 0.0555878 1.09239
103 521 5.9 27512 199.787 0.0581986 1.08299
104 519 5.9 23329 213.79 0.0487649 1.11506
105 513 4.9165 26236 215.377 0.0549389 1.01309
106 517 5.9 23704 214.244 0.0497424 1.04715
107 516 5.9 28114 185.357 0.0600305 1.13104
108 519 5.9 22760 214.101 0.04805 1.00683
109 518 5.9 24451 204.801 0.0515324 1.19815
110 528 5.9 23152 219.275 0.04859 1.07342
111 520 5.9 26974 219.209 0.0571458 0.939976
112 524 5.9 22962 211.087 0.0481277 1.03029
113 514 5.21351 24903 218.822 0.0523713 1.04126
114 531 4.94138 23436 206.747 0.0491539 1.0321
115 528 5.9 27391 233.086 0.057566 1.13779
116 515 5.9 23178 203.02 0.0488295 1.10765
117 523 5.32636 24754 232.16 0.0514519 1.20713
118 522 5.01691 23686 203.849 0.0495836 1.16778
119 516 5.9 27803 227.054 0.0586729 0.997142
120 530 5.9 24723 211.343 0.0520688 1.25075
121 523 5.9 25470 226.451 0.0533306 1.13409
122 524 5.23646 25667 231.935 0.053551 1.03573
123 516 5.9 26489 209.628 0.0558508 1.08839
124 527 5.9 24799 182.829 0.0533357 1.12353
125 518 5.81682 27567 202.763 0.0583097 1.25209
126 524 5.9 26664 196.22 0.0567583 1.13343
127 526 5.9 27355 210.072 0.0580543 1.14979
128 470 5.9 25217 247.39 0.0522761 1.25993
129 473 5.9 24552 214.707 0.0514443 1.10652
130 476 5.27811 25484 210.538 0.0532618 1.20111
131 476 5.9 26503 220.63 0.055994 1.24359
132 464 5.9 23200 249.586 0.048249 1.08871
133 472 5.17505 23558 226.358 0.0486732 1.26427
134 475 5.9 23339 229.32 0.0484408 1.29853
135 476 5.9 25395 210.73 0.0536632 1.17945
136 469 5.9 20985 229.285 0.0434667 1.20338
137 475 5.9 22796 233.711 0.0475943 1.2969
138 477 5.9 22179 230.398 0.0460714 1.37807
139 470 5.9 25821 214.503 0.0541244 1.42414
140 472 5.9 20533 212.731 0.0428922 1.14141
141 473 5.9 21936 220.269 0.0456367 1.26183
142 483 5.30824 20982 241.892 0.0432717 1.0908
143 473 5.9 26086 221.463 0.0548076 1.30976
144 474 5.9 20966 219.27 0.0437139 1.1336
145 471 5.51787 22947 230.378 0.0476321 1.18851
146 472 5.9 21215 213.556 0.0442288 1.18995
147 478 5.9 26249 211.979 0.0555911 1.30287
148 474 5.9 21520 198.647 0.0450749 1.26324
149 474 5.9 24131 207.615 0.050799 1.2933
150 474 5.9 22427 205.531 0.0470273 1.20443
151 479 5.9 26589 214.847 0.0562251 1.27161
152 471 5.9 23257 191.687 0.0490715 1.16433
153 477 5.9 23633 218.309 0.0496664 1.09842
154 479 5.9 23564 200.535 0.0494975 1.25613
155 475 5.9 25907 212.317 0.0544188 1.40916
156 475 5.9 25889 175.6 0.0548336 1.20586
157 472 5.9 24990 184.246 0.0530872 1.05265
158 477 5.9 25838 182.083 0.0548184 1.22021
159 478 5.9 26454 216.108 0.0559363 1.31198
160 481 5.9 26266 185.158 0.055575 1.04752
161 475 5.9 26702 172.798 0.0570034 1.14848
162 485 5.9 26413 167.672 0.056489 1.06308
163 475 5.9 29005 191.303 0.0615376 1.27486
164 477 5.9 24514 218.702 0.0512588 1.25543
165 478 5.9 24848 184.55 0.0526135 1.28455
166 485 5.9 24670 172.306 0.0526357 1.26074
167 478 5.9 26549 181.151 0.0564188 1.11943
168 483 5.9 22471 195.844 0.0472407 1.20095
169 480 5.9 24913 180.355 0.0528091 1.23779
170 472 5.9 23530 188.257 0.0497303 1.13742
171 472 5.9 27358 188.532 0.0582121 1.23982
172 472 5.9 21331 179.499 0.0452455 1.10109
173 473 5.9 23499 192.645 0.0494901 1.37688
174 479 5.9 21317 188.668 0.044964 1.16199
175 476 5.9 26812 201.01 0.0565862 1.28689
176 475 5.9 20930 201.422 0.043803 1.17759
177 476 5.9 23894 188.012 0.0504034 1.35246
178 481 5.9 21480 201.207 0.0449546 1.23167
179 471 5.9 26506 206.599 0.0558463 1.26545
180 476 5.9 21375 224.195 0.0441597 1.40382
181 470 5.9 24056 203.811 0.0507702 1.19839
182 480 5.9 22459 229.246 0.0468416 1.2883
183 472 5.9 27512 228.917 0.0575798 1.31399
184 474 5.9 23816 232.163 0.0496575 1.15469
185 470 5.14008 23949 243.941 0.0492676 1.37521
186 474 5.9 23962 215.084 0.050137 1.20375
187 476 5.9 25739 223.253 0.0540723 1.20163
188 475 5.9 25407 239.522 0.0527827 1.2257
189 476 5.9 25738 218.435 0.0538688 1.25544
190 480 5.9 25580 225.616 0.05342 1.26019
191 472 5.9 26889 217.729 0.0567321 1.20494
