0 523 5.9 26696 324.116 0.0548328 1.19592
1 530 6.7431 26446 321.965 0.0548714 1.15709
2 515 7.1464 26757 308.007 0.0559635 1.12104
3 520 5.9 30458 337.698 0.0632133 1.27226
4 519 6.22336 25124 311.913 0.052156 1.18637
5 525 5.9 25290 315.222 0.0510878 1.17324
6 519 7.60193 25708 328.574 0.0538145 1.20187
7 518 5.9 29223 315.343 0.0602502 1.46711
8 527 5.59051 23456 290.816 0.0482221 1.2559
9 511 7.05582 25188 327.815 0.0524425 1.32591
10 515 6.59141 25496 332.512 0.0520907 1.47709
11 515 7.4534 28800 317.04 0.0610377 1.33868
12 509 5.9 22844 288.989 0.0476184 1.14916
13 526 7.1539 24854 325.975 0.0520806 1.23442
14 520 6.4611 23998 289.26 0.0500789 1.2594
15 508 7.27516 30066 317.397 0.0636292 1.40776
16 522 5.56482 22971 285.114 0.0476366 1.24625
17 521 6.74388 24587 301.554 0.0512771 1.34505
18 528 6.42076 23488 278.461 0.04895 1.31827
19 519 7.20738 29613 320.612 0.0628446 1.35048
20 521 5.3748 22964 267.724 0.0476783 1.18754
21 518 5.9 24745 273.272 0.051456 1.36726
22 518 6.836 24117 290.624 0.0506141 1.24794
23 523 7.45954 29054 318.571 0.0617918 1.21081
24 513 5.9 24604 262.171 0.0516546 1.28882
25 528 5.9 25571 283.56 0.0529525 1.19972
26 527 6.26485 25692 288.945 0.0536638 1.15833
27 514 6.85022 28018 294.18 0.0591612 1.30974
28 522 6.44254 25844 306.474 0.0539988 1.25619
29 519 5.9 26379 295.452 0.0547245 1.20332
30 523 5.9 27276 285.554 0.0568631 1.24197
31 516 5.9 30744 326.005 0.0645682 1.31525
32 515 6.01452 26268 272.559 0.0547734 1.31997
33 516 5.9 25593 259.551 0.0532699 1.25459
34 515 5.9 26307 274.234 0.0549621 1.35682
35 525 5.9 26920 267.919 0.0564549 1.2603
36 519 5.76109 25066 268.641 0.0523424 1.15169
37 527 5.9552 24426 254.935 0.0512483 1.22211
38 513 5.89825 25588 260.956 0.0538664 1.15566
39 521 5.9 25733 273.667 0.0534489 1.25956
40 518 6.08218 23279 255.27 0.048804 1.16602
41 510 5.85225 24597 259.311 0.0516458 1.26207
42 516 5.72105 23920 271.226 0.0496719 1.29752
43 524 5.9 26768 284.2 0.0557974 1.29192
44 524 5.98761 22750 262.899 0.047587 1.24588
45 508 5.9 23949 269.466 0.0499163 1.2705
46 513 5.9 23319 249.843 0.0490936 1.19354
47 514 5.9 27063 319.348 0.0563537 1.24632
48 523 6.33201 23085 282.604 0.0479898 1.2391
49 525 6.30526 23979 288.59 0.0499786 1.22815
50 517 6.29614 23140 279.608 0.0484619 1.21846
51 514 5.9 26768 278.845 0.0560071 1.30008
52 520 5.9 24286 314.209 0.0493897 1.42614
53 513 6.16997 24171 284.475 0.0502713 1.32396
54 525 5.9 24016 313.465 0.0495511 1.23542
55 521 5.9 26485 281.633 0.0550898 1.3912
56 515 6.54292 24915 328.337 0.0516912 1.17918
57 508 6.01279 24098 295.262 0.0498563 1.30441
58 523 5.9 25374 313.704 0.0523733 1.17349
59 518 5.9 25411 307.099 0.0523517 1.2723
60 535 5.9 26495 304.078 0.054768 1.23675
61 526 5.9 25254 305.301 0.0519745 1.12953
62 517 6.38392 25997 327.815 0.0535762 1.21381
63 532 5.9 26725 310.271 0.0556749 1.19967
64 476 5.29031 29762 268.545 0.0625175 1.29763
65 481 5.23975 30224 262.299 0.0632592 1.3417
66 483 5.04625 30432 241.44 0.0639527 1.28737
67 464 5.9 33292 266.24 0.0711655 1.35586
68 473 4.45726 27983 248.103 0.0586067 1.32731
69 469 5.08784 27902 239.851 0.0587852 1.35142
70 477 5.2933 27890 245.908 0.0585868 1.49327
71 471 5.9 30370 220.623 0.0650775 1.41896
72 476 4.08842 27026 259.48 0.05511 1.29085
73 473 5.55383 28412 254.408 0.0598889 1.4833
74 466 5.9 27554 232.608 0.0587386 1.33505
75 480 5.9 31472 216.907 0.0677548 1.58091
76 477 4.55629 26550 230.882 0.0559848 1.2276
77 471 5.30121 27299 230.59 0.0575254 1.45125
78 481 5.9 25939 243.656 0.0549137 1.34784
79 482 5.62333 31297 228.168 0.0672426 1.64896
80 486 4.80972 25458 256.09 0.0533924 1.24096
81 476 6.1886 26893 240.389 0.0573062 1.35711
82 485 5.9 26483 232.982 0.0563212 1.34316
83 481 5.9 30824 210.841 0.066549 1.43872
84 471 4.67415 26707 243.05 0.055908 1.36177
85 476 5.6366 27976 221.206 0.0594726 1.36963
86 478 5.24697 27138 238.348 0.0572963 1.41738
87 484 6.6757 30459 207.42 0.0659505 1.63167
88 478 3.95729 27707 205.017 0.0578934 1.56643
89 470 5.9 26955 222.348 0.0573912 1.33666
90 489 5.95379 27282 225.646 0.0576117 1.52194
91 475 5.9 30820 217.981 0.0662028 1.3176
92 481 5.9 28788 241.133 0.0609736 1.25299
93 470 5.94756 28834 241.097 0.0606761 1.28543
94 477 5.9 29001 236.891 0.0612376 1.32203
95 479 5.9 30399 231.339 0.0647711 1.45862
96 477 5.9 29189 220.811 0.0619349 1.26098
97 481 5.9 27704 200.968 0.059142 1.24586
98 480 5.9 28543 193.717 0.0612142 1.28912
99 486 5.9 31179 218.61 0.0663891 1.44147
100 471 5.9 27661 218.678 0.0588747 1.44599
101 475 4.42043 27357 201.487 0.0577874 1.36643
102 481 4.49354 28500 211.565 0.0601144 1.42659
103 476 5.9 28852 207.527 0.0615336 1.20356
104 475 4.85157 26843 208.656 0.0564389 1.34497
105 485 4.27178 27185 193.14 0.0573349 1.39083
106 471 4.23572 27673 194.087 0.0583398 1.37871
107 489 5.9 28885 202.548 0.0615385 1.12975
108 478 4.38637 26467 219.333 0.0552004 1.36212
109 473 4.22629 27134 189.65 0.0572035 1.37388
110 480 5.9 26517 200.877 0.0566431 1.48926
111 475 5.9 29898 198.415 0.0639435 1.58739
112 487 4.91598 26633 224.847 0.0559313 1.3858
113 482 5.9 25930 189.068 0.0555993 1.40209
114 469 5.9 26578 215.502 0.0566193 1.35643
115 477 5.9 29701 212.031 0.0635673 1.4778
116 477 5.34803 27119 251.362 0.056688 1.3758
117 484 4.92787 27788 223.168 0.0583461 1.49449
118 471 4.79305 27152 239.227 0.0566483 1.30505
119 476 5.9 28561 213.529 0.0607274 1.49244
120 476 4.87691 27498 241.283 0.0576822 1.31683
121 475 4.74772 26182 213.256 0.0548183 1.45064
122 479 4.86622 27904 237.086 0.0584539 1.33808
123 481 5.9 28675 228.371 0.0607305 1.54016
124 487 5.78366 30121 271.101 0.0633115 1.27973
125 476 5.63609 29656 236.627 0.0625698 1.24743
126 480 5.40823 29785 274.807 0.0622112 1.32222
127 478 5.9 30307 243.301 0.0642657 1.39405
128 507 5.9 26813 283.172 0.0557905 1.20546
129 510 5.76081 26172 263.508 0.0544178 1.22313
130 509 6.28024 27487 269.519 0.0576888 1.12125
131 502 5.9 28379 260.239 0.0600976 1.29896
132 519 5.9 24301 279.337 0.0506607 1.20298
133 517 5.9 24027 269.27 0.0501863 1.28514
134 516 5.9 24238 271.026 0.0502981 1.40799
135 515 6.45652 26614 278.334 0.0557317 1.24154
136 516 5.9 23562 290.076 0.0486753 1.2607
137 519 6.07848 24906 283.696 0.0522404 1.18169
138 513 6.25405 24569 300.575 0.0511221 1.28255
139 517 5.9 26868 265.987 0.056628 1.27921
140 503 5.9 24357 308.573 0.0504356 1.30927
141 509 5.9 24647 276.711 0.0511684 1.40324
142 505 5.91434 24843 287.387 0.0516736 1.25392
143 524 5.9 27513 268.154 0.0578081 1.3943
144 514 5.9 23839 293.651 0.0494763 1.36332
145 510 5.69943 25225 260.08 0.0525746 1.32087
146 514 5.9 24272 287.041 0.0503997 1.22912
147 518 5.9 28148 260.97 0.0593384 1.44876
148 525 5.9 24115 301.867 0.0498576 1.33895
149 512 5.9 25010 266.319 0.0523181 1.23249
150 512 6.71513 24260 291.627 0.0500341 1.22195
151 505 5.9 27142 261.169 0.0570958 1.38139
152 518 5.9 24815 271.837 0.0516509 1.18805
153 517 6.44163 24010 268.148 0.0502073 1.25646
154 514 5.9 25230 291.056 0.0517183 1.35393
155 505 5.9 26450 253.433 0.055558 1.26057
156 515 5.61493 26542 310.086 0.0548555 1.16329
157 514 6.21633 26615 273.527 0.0554816 1.19289
158 514 5.9 27290 280.864 0.0568452 1.10804
159 508 5.9 28975 287.113 0.0604728 1.4766
160 508 5.9 27556 285.941 0.0572528 1.19587
161 519 5.9 26953 213.711 0.056905 1.28262
162 512 5.9 27034 245.553 0.0567112 1.12297
163 515 5.9 30193 245.194 0.0635555 1.34021
164 510 5.9 24891 283.408 0.0517177 1.22628
165 521 5.9 24820 230.966 0.0521584 1.20712
166 515 5.9 24908 246.48 0.0522122 1.18508
167 515 5.9 28697 219.639 0.0607086 1.41032
168 521 5.86011 25263 294.775 0.0524902 1.1989
169 512 5.38904 25441 243.609 0.0530864 1.29931
170 517 5.9 25311 265.842 0.053057 1.24613
171 515 5.9 28832 261.188 0.0604001 1.30992
172 515 5.9 25108 282.563 0.0521321 1.24879
173 509 5.9 25340 256.119 0.0529398 1.40166
174 507 5.9 25816 292.332 0.0538287 1.23898
175 518 5.9 29457 272.146 0.061911 1.41275
176 514 5.9 24857 291.758 0.0515689 1.30552
177 515 5.59348 25501 273.541 0.0531535 1.22188
178 523 5.64454 25124 307.68 0.0521612 1.18455
179 518 5.9 29580 284.441 0.0624351 1.36354
180 500 5.9 24854 280.493 0.0516451 1.24441
181 508 5.9 25687 261.878 0.0537107 1.37291
182 520 5.78394 25165 288.463 0.0524773 1.25712
183 521 5.55536 29501 296.987 0.0613713 1.36335
184 511 5.9 25170 276.927 0.0526045 1.17028
185 519 5.46374 25974 269.943 0.0542463 1.28922
186 509 5.9 25492 261.338 0.0533104 1.26001
187 523 5.9 28890 268.916 0.060264 1.37215
188 517 5.9 27071 266.785 0.0564464 1.29421
189 521 5.87136 27171 250.113 0.0570562 1.20984
190 511 5.9 27263 247.836 0.0573065 1.2531
191 507 5.9 31168 303.535 0.0660575 1.29212
