0 473 5.9 27599 179.483 0.0594027 1.12553
1 468 4.26772 28455 186.789 0.0601144 1.18129
2 464 4.84076 28906 200.757 0.0607056 1.21505
3 475 5.9 30487 229.403 0.0653496 1.33429
4 472 4.68648 27268 205.981 0.0573522 1.2348
5 477 4.66782 26152 210.401 0.054404 1.24685
6 481 5.9 26892 201.069 0.0572205 1.13251
7 478 5.22909 28968 228.528 0.0613521 1.28456
8 483 5.9 25259 209.142 0.0534756 1.31823
9 477 5.19961 27163 203.62 0.057335 1.32658
10 483 5.19044 26844 227.634 0.056185 1.17465
11 471 5.9 29642 226.157 0.0632248 1.26038
12 485 4.95351 25018 220.598 0.0522516 1.20052
13 482 4.96331 27801 224.657 0.058339 1.29429
14 472 4.67292 26793 230.95 0.0553039 1.23099
15 476 4.78474 30437 227.172 0.0641851 1.33269
16 473 4.5977 25160 212.65 0.0525782 1.12798
17 480 5.9 27048 213.738 0.0574136 1.31469
18 490 5.05314 26221 227.006 0.0547594 1.32596
19 491 5.39867 30652 234.6 0.0649979 1.31985
20 481 4.48841 26082 203 0.0545535 1.24417
21 470 5.04074 27327 214.356 0.0575038 1.34904
22 481 5.26313 27139 224.729 0.0571331 1.26169
23 486 5.60849 30887 227.734 0.0661454 1.27453
24 476 4.82674 27059 228.884 0.0565556 1.25965
25 474 4.67501 27339 211.279 0.0571924 1.2335
26 481 5.2154 28383 219.472 0.0598872 1.23327
27 480 5.39108 29898 218.16 0.0635798 1.2832
28 478 5.9 28842 197.094 0.0618361 1.13159
29 476 5.9 29223 200.028 0.0624625 1.22731
30 487 4.93103 30218 193.377 0.0640014 1.34047
31 481 5.9 31822 213.792 0.0685178 1.3842
32 471 5.9 28776 193.374 0.0619814 1.28555
33 485 5.9 28014 179.297 0.0601386 1.24435
34 477 5.9 29079 195.921 0.0621412 1.33203
35 484 5.9 29686 203.472 0.0631284 1.33986
36 489 4.22609 28131 198.712 0.0591395 1.19311
37 475 4.38295 26940 195.715 0.0562075 1.3333
38 477 5.9 27790 210.573 0.0589571 1.28206
39 479 5.9 28112 183.407 0.0601535 1.15828
40 481 4.87773 26071 220.995 0.0543952 1.19334
41 483 5.9 26797 204.22 0.0569283 1.20917
42 475 5.00057 25989 212.706 0.0548307 1.14261
43 475 5.9 28989 197.379 0.0617902 1.19378
44 472 5.9 25028 226.82 0.0525665 1.12441
45 482 5.9 25459 204.11 0.0540496 1.37127
46 480 5.43988 25619 217.42 0.0538632 1.20045
47 475 5.9 28857 189.05 0.0619699 1.15462
48 478 5.9 24716 213.741 0.0521855 1.26208
49 480 4.53571 26379 192.642 0.0553765 1.35196
50 475 5.9 25062 196.85 0.0536549 1.10994
51 469 5.9 28615 196.529 0.0612885 1.253
52 480 4.53655 25689 195.856 0.0538632 1.25524
53 474 4.89686 26365 202.234 0.0554965 1.20244
54 480 4.6634 25555 199.729 0.0535306 1.25739
55 479 4.70202 28729 204.49 0.0605535 1.14219
56 472 4.74832 26733 198.544 0.0561691 1.23342
57 466 5.9 25308 213.478 0.0535363 1.18723
58 472 5.9 25595 202.047 0.0542697 1.28222
59 488 5.9 27098 200.039 0.0573453 1.1989
60 472 4.61549 27756 196.911 0.0580767 1.39921
61 471 4.68548 26561 202.049 0.055703 1.10587
62 490 5.05624 27209 209.306 0.0573128 1.08953
63 476 5.9 27623 220.759 0.0585566 1.19048
64 508 5.9 26911 185.975 0.0573505 1.01777
65 516 5.24474 26913 178.641 0.0574166 1.15746
66 510 5.9 27401 171.792 0.0594123 1.04681
67 510 5.9 27991 182.046 0.0602633 1.264
68 512 5.9 25224 192.286 0.0536861 1.12789
69 506 5.9 25885 181.258 0.0554402 1.12359
70 510 5.69635 25420 211.376 0.0534167 1.19048
71 504 5.9 27732 198.606 0.0590744 1.22791
72 515 5.9 22283 196.955 0.047346 1.11337
73 514 5.92412 24464 205.945 0.0516093 1.24844
74 507 5.39769 23551 216.134 0.0492115 1.22496
75 509 5.9 28263 185.824 0.0610943 1.22831
76 507 5.9 21941 190.029 0.0467566 0.987635
77 502 5.75695 23519 214.06 0.0493849 1.24799
78 497 5.57236 22063 207.588 0.0466029 1.07036
79 519 5.9 28231 214.015 0.0602717 1.26375
80 520 5.9 20912 205.843 0.0439578 1.10412
81 514 5.67014 23632 230.481 0.0493416 1.24595
82 498 5.9 22035 217.005 0.0466686 1.06412
83 497 5.9 28379 212.502 0.0605026 1.35866
84 502 5.9 22632 215.91 0.0476875 1.14757
85 507 5.39844 24943 215.024 0.0521596 1.29374
86 506 5.20071 22944 224.139 0.0478224 1.13119
87 507 5.9 27711 210.121 0.0590717 1.1821
88 512 4.88963 25048 219.417 0.0522207 1.05412
89 508 5.9 24804 226.946 0.0519762 1.10024
90 501 5.67176 25208 201.866 0.0534182 1.02853
91 510 5.9 27183 201.725 0.0578232 1.19536
92 503 5.9 26406 183.757 0.0569936 0.966569
93 509 5.9 25505 190.475 0.0541161 1.0688
94 511 5.92057 26594 177.865 0.0574022 1.21444
95 502 5.9 28236 196.129 0.0609743 1.13154
96 512 5.9 26569 178.716 0.0565067 1.18717
97 515 5.9 25763 186.236 0.0546736 1.28682
98 505 5.9 26481 188.247 0.0565423 1.19817
99 510 5.9 29218 212.291 0.0619354 1.14432
100 501 5.9 25822 219.595 0.0543595 1.20429
101 502 5.9 25867 198.754 0.0550893 1.12131
102 508 5.9 27295 226.034 0.0575979 1.2058
103 510 5.9 26125 204.369 0.0554478 1.07657
104 506 5.9 23053 214.169 0.0488444 0.995561
105 506 5.9 24617 199.712 0.0522924 1.21119
106 503 5.30472 23800 241.203 0.0495871 1.26508
107 508 5.9 27355 204.693 0.0581168 1.17039
108 516 5.9 22304 217.075 0.046846 1.09108
109 515 5.9 24191 207.922 0.0513574 1.24589
110 507 5.9 22919 235.46 0.0480509 1.14245
111 519 5.9 28465 220.558 0.0601829 1.35162
112 508 5.9 22465 228.423 0.0472596 1.04844
113 518 5.01484 24204 224.865 0.0508292 1.10317
114 508 5.40447 22653 225.691 0.0476849 1.01516
115 513 5.9 27674 202.771 0.0590515 1.20041
116 516 5.9 23292 217.862 0.0491958 1.15801
117 508 5.9 24670 228.835 0.0520464 1.25488
118 510 5.9 23389 227.046 0.0492867 1.22952
119 506 5.9 26830 230.366 0.056577 1.18883
120 508 5.9 25238 208.957 0.0535262 1.1639
121 506 5.30305 25826 210.936 0.0542667 1.13274
122 509 4.93139 25617 225.949 0.0535808 1.16825
123 499 5.9 26366 217.73 0.0556158 1.18428
124 508 5.9 27206 196.859 0.0583161 0.998011
125 503 5.9 26696 207.019 0.0564877 1.06486
126 512 5.9 26676 194.395 0.056833 1.07551
127 513 5.9 26316 198.475 0.0562389 1.17003
128 517 5.27776 24948 265.791 0.0514939 1.09367
129 509 6.95083 24212 244.873 0.0510329 1.07592
130 520 7.09627 25573 280.133 0.0536745 1.01535
131 514 5.9 28040 280.16 0.0582865 1.25443
132 509 5.9 24033 288.842 0.049551 1.19878
133 510 6.32688 23137 274.703 0.0476529 1.26855
134 510 5.9 24562 279.901 0.050647 1.17329
135 513 5.9 26639 288.139 0.0550291 1.20263
136 514 5.9 20762 235.607 0.0430593 1.22394
137 512 5.9 22864 275.337 0.0471808 1.15758
138 515 5.9 22271 277.063 0.0460069 1.12934
139 504 5.9 26774 279.855 0.0557717 1.12287
140 512 5.9 21273 261.212 0.0442157 1.16978
141 503 6.59719 22418 296.61 0.0465144 1.11976
142 510 6.40997 21970 292.029 0.0453826 1.16632
143 513 6.82165 26525 302.702 0.0556498 1.14445
144 517 5.9 20586 269.034 0.0423508 1.25264
145 518 5.9 23231 294.212 0.0473855 1.36362
146 518 5.9 21933 289.166 0.0447982 1.04498
147 525 5.9 26976 295.488 0.0561014 1.1669
148 507 5.71264 21109 275.259 0.0434327 1.13966
149 508 5.9 23222 263.954 0.0480206 1.19645
150 506 6.17186 22025 272.942 0.0453827 1.18867
151 510 5.9 26544 287.972 0.055007 1.2659
152 524 5.9 23913 262.186 0.0498172 1.16031
153 510 6.49907 22979 271.962 0.0477582 1.15519
154 514 6.51681 24207 249.17 0.0506387 1.19752
155 509 5.9 24968 278.317 0.0519884 1.1157
156 513 5.9 24614 254.405 0.0515125 1.01727
157 507 5.80855 23942 241.656 0.0498888 1.1218
158 514 5.9 24272 242.657 0.0506045 1.10048
159 508 5.9 25858 268.643 0.0539682 1.14358
160 506 6.05765 25660 250.927 0.0537254 1.20282
161 511 5.581 25298 244.743 0.0526033 1.23133
162 511 5.9 24860 244.852 0.0519114 1.20638
163 519 5.9 26347 248.033 0.0551754 1.25645
164 504 5.89348 24000 244.037 0.0502703 1.12296
165 516 5.9 25487 226.937 0.0535572 1.21788
166 508 5.9 24992 251.243 0.0521037 1.18372
167 511 5.9 27508 262.632 0.0575087 1.16216
168 510 5.9 22349 261.621 0.0465313 1.06146
169 513 5.53644 23997 242.272 0.0501401 1.22274
170 512 5.9 22865 250.32 0.0477112 1.20388
171 525 5.9 27216 256.378 0.0569848 1.11651
172 500 6.00639 22625 271.579 0.0466214 1.34494
173 514 5.61751 23451 255.973 0.0488125 1.15305
174 518 5.481 22636 251.485 0.0470916 1.16724
175 510 5.9 28418 265.223 0.0598254 1.14204
176 519 5.9 21510 248.656 0.0446242 1.26126
177 510 6.06736 23139 283.502 0.0479422 1.19018
178 522 5.9 22014 244.941 0.0459822 1.12827
179 519 5.9 28122 283.348 0.058857 1.15903
180 506 5.9 21956 263.315 0.0454716 1.18981
181 513 5.9 24897 269.328 0.0517715 1.17373
182 508 5.72407 23016 277.746 0.0473978 1.255
183 520 5.9 27656 266.837 0.0578707 1.14485
184 514 6.27826 24142 283.031 0.0501136 1.17508
185 516 6.22901 25843 291.193 0.0538053 1.15708
186 513 5.66551 25624 275.495 0.0531184 1.17997
187 520 5.9 27526 287.136 0.0571642 1.24036
188 512 3.86024 28011 269.781 0.0529229 1.19725
189 515 5.9 25384 293.162 0.0525546 1.04178
190 513 5.9 25366 252.093 0.0529639 1.11845
191 505 5.9 27716 291.619 0.0576201 1.20483
