0 510 5.05994 28010 266.799 0.0577293 1.19628
1 506 5.59129 28537 245.671 0.0596518 1.02584
2 501 6.19111 28387 271.119 0.0588312 1.1609
3 497 5.9 31972 267.613 0.0669524 1.09144
4 497 5.21345 25839 263.219 0.0532883 1.15101
5 510 6.09778 26080 292.656 0.0533599 1.23245
6 497 6.26556 26439 281.472 0.054411 1.15429
7 510 5.9 29897 265.99 0.0620875 1.18322
8 496 5.9 24941 268.412 0.051573 1.10919
9 497 5.19076 26003 233.803 0.0535017 1.00465
10 510 5.9 25377 244.556 0.0522452 1.04146
11 508 5.40077 30249 249.418 0.0629853 1.25221
12 502 4.7952 24780 267.141 0.0506388 1.07162
13 504 5.08331 26099 227.088 0.0539714 1.04805
14 504 5.9 25037 235.484 0.0518263 1.10991
15 510 5.9 30879 259.505 0.0641778 1.18902
16 502 4.59016 24761 244.312 0.0508673 1.06302
17 499 5.61919 25975 249.556 0.0533053 1.18013
18 493 5.9 25241 238.297 0.0522343 1.09968
19 505 5.42754 31418 238.708 0.0656915 1.12472
20 508 5.04411 24013 262.717 0.0488622 1.21065
21 508 5.65203 25560 229.921 0.0529583 1.02241
22 489 5.9 25707 234.911 0.0531 1.05999
23 498 5.9 29455 244.582 0.0613099 1.22986
24 499 5.33302 25303 260.508 0.0518574 1.20117
25 507 5.9 25568 252.595 0.0528133 1.17077
26 505 5.41599 26244 247.99 0.0545842 1.10957
27 503 5.9 29480 258.331 0.0611932 1.1185
28 506 5.9 27400 242.981 0.0572434 1.07109
29 500 5.9 28264 257.198 0.0585739 1.17419
30 497 5.30777 28560 227.101 0.0594024 1.20195
31 510 5.9 30315 223.347 0.063936 1.23631
32 494 5.33322 27216 242.496 0.0563122 1.11528
33 494 5.9 25127 243.577 0.0521566 1.20472
34 510 5.25173 27109 245.622 0.0559953 1.23391
35 511 5.9 27087 254.047 0.0564428 1.1826
36 511 5.9 25379 258.367 0.0527372 1.11199
37 493 5.9 23814 252.794 0.0494189 1.23473
38 504 5.51235 24896 272.631 0.051507 1.1911
39 497 5.9 25407 253.137 0.0527773 1.12158
40 507 5.9 24238 240.93 0.0504944 1.11558
41 495 5.02941 24333 228.216 0.0503093 1.08771
42 505 4.71369 25050 230.436 0.051532 1.16443
43 495 5.9 26024 241.672 0.0542117 1.20368
44 497 5.9 23934 231.842 0.049892 1.13167
45 506 5.26484 24645 235.819 0.050836 1.13426
46 502 5.4395 24517 250.933 0.0504011 1.07415
47 501 5.9 26472 242.01 0.0553614 1.24559
48 502 5.33588 24908 254.316 0.0514912 1.08218
49 499 5.16191 24158 234.045 0.0497296 1.15247
50 499 5.34027 25143 246.924 0.051399 1.22254
51 497 5.9 26102 270.289 0.0541266 1.2234
52 498 5.19419 24881 242.233 0.0514127 1.15889
53 510 5.88282 24309 263.914 0.0503548 1.06105
54 497 5.9 24423 251.706 0.0505513 1.05554
55 504 5.58289 25875 241.219 0.0538332 1.25653
56 499 5.9 25715 273.824 0.0532338 1.05905
57 501 5.22616 23609 262.144 0.0485121 1.19624
58 500 5.7708 24812 270.84 0.0511438 1.09478
59 510 5.9 24680 229.663 0.0516447 1.16212
60 493 5.9 27389 253.893 0.0572249 1.04446
61 500 6.40007 25057 294.768 0.0514992 1.12408
62 506 5.44562 26421 272.016 0.0545149 1.02713
63 500 5.9 26956 254.386 0.0562098 1.15806
64 489 5.9 27884 173.454 0.0595124 0.984344
65 482 5.9 27627 184.257 0.0579884 1.12859
66 478 5.9 28117 166.833 0.0600279 1.16339
67 486 5.9 31469 185.46 0.0675091 1.10522
68 480 5.9 25728 173.027 0.0541983 1.30974
69 478 5.9 25469 159.764 0.0543769 1.07743
70 487 4.61604 26137 172.782 0.0547503 1.09107
71 488 5.9 29885 197.893 0.0631809 1.06446
72 484 5.9 25239 169.208 0.0533369 0.99867
73 481 5.9 25703 163.522 0.0543191 1.11956
74 485 5.9 26333 162.124 0.0561732 1.07906
75 478 5.9 29285 179.443 0.0625819 1.02646
76 492 5.9 24640 162.52 0.0525382 1.00811
77 486 5.9 25814 169.366 0.0545504 1.13906
78 478 5.9 24616 164.288 0.0526927 1.1152
79 481 5.9 28521 168 0.0611887 1.04848
80 479 5.9 23368 172.863 0.0492663 1.18106
81 480 5.9 26251 177.608 0.0549632 0.985889
82 487 5.9 24163 165.181 0.0513033 0.941129
83 472 5.9 30318 185.89 0.0642556 1.17376
84 480 4.18532 25262 176.68 0.0517244 1.20921
85 478 5.9 25392 177.545 0.0534944 0.984909
86 476 4.91557 25505 175.675 0.053107 1.03721
87 488 5.9 30286 194.116 0.0641296 0.978091
88 485 5.9 25055 192.638 0.0525087 1.11212
89 483 5.14633 25033 197.954 0.0518324 1.05392
90 489 5.9 24326 183.903 0.0512994 1.00431
91 478 5.9 28815 191.567 0.0608852 1.15627
92 478 5.9 26217 216.745 0.0548933 1.06777
93 487 5.9 26747 206.005 0.0563871 1.01491
94 479 5.60732 26893 199.463 0.056917 1.02465
95 487 5.9 30313 219.98 0.0642682 1.01341
96 474 5.9 25698 200.631 0.0542295 1.04703
97 485 5.9 23898 186.965 0.050425 1.14468
98 484 5.35684 25724 196.766 0.0538695 1.16537
99 478 5.9 25586 205.921 0.0541065 1.25276
100 490 5.9 25742 194.379 0.0538988 1.33581
101 483 4.5289 23889 193.912 0.0496089 1.11628
102 483 4.50687 25173 194.079 0.0521833 1.11945
103 486 5.9 23841 187.318 0.0506291 1.06188
104 474 5.9 24953 181.398 0.0527804 0.91825
105 477 5.10267 23870 195.536 0.0499479 1.03708
106 480 5.80827 24771 195.248 0.0519377 1.05142
107 487 5.9 24264 193.491 0.0510494 1.19089
108 483 5.9 24907 187.128 0.0524719 1.07977
109 476 5.9 24538 164.133 0.052056 1.10047
110 482 5.9 24439 186.986 0.0514378 1.09852
111 481 5.9 25001 170.6 0.0535957 0.955471
112 480 5.9 24340 183.605 0.0514924 1.04181
113 471 5.9 23981 177.502 0.0505393 1.19484
114 479 5.3275 25206 183.646 0.0525917 1.156
115 472 5.9 24353 189.579 0.0515385 1.12976
116 478 5.9 25616 183.129 0.0539394 1.13679
117 479 5.9 23930 175.113 0.0506007 1.14663
118 487 5.9 24331 183.862 0.0509915 1.14691
119 474 5.9 24169 192.924 0.0510171 1.15559
120 484 5.9 25461 195.713 0.0535947 1.13186
121 478 4.49721 23963 198.106 0.0497364 1.21968
122 482 4.83309 25503 215.105 0.0528266 1.14938
123 483 5.9 23688 200.826 0.0496761 1.30819
124 485 5.9 26429 172.261 0.0561978 1.08937
125 485 5.9 25658 191.529 0.0541076 1.17727
126 480 5.41521 25978 195.113 0.0546747 1.0993
127 489 5.9 25206 202.519 0.0537188 1.05725
128 529 5.9 25032 127.618 0.0530373 1.11219
129 526 5.9 24250 118.542 0.0522173 1.03489
130 533 5.9 23936 116.224 0.0516557 0.908348
131 533 5.9 26090 85.038 0.0678902 1.20848
132 530 5.9 22679 134.95 0.0490165 0.930801
133 518 5.9 21824 116.567 0.0467083 1.13648
134 521 5.9 23094 119.152 0.0495595 1.02823
135 527 5.9 24476 96.111 0.0548854 1.05598
136 516 5.9 22443 120.226 0.0482407 1.0575
137 529 5.9 22504 109.714 0.0489831 1.20841
138 524 5.9 22583 91.7311 0.0575091 1.16996
139 521 5.9 25603 114.583 0.0553053 1.07639
140 525 5.9 21591 121.821 0.0461742 1.15418
141 531 5.9 23664 107.08 0.0547593 0.997206
142 530 5.9 23323 106.852 0.0520319 1.00291
143 525 5.9 26562 121.753 0.0571299 1.1215
144 528 5.9 21698 124.762 0.0462655 0.961398
145 525 5.9 24097 128.283 0.0512008 1.15504
146 524 5.9 22697 108.286 0.0523068 0.897807
147 533 5.9 26717 127.523 0.0571143 1.09973
148 526 5.9 22054 120.619 0.0474872 1.03301
149 531 5.9 22711 111.921 0.0492053 0.999776
150 528 5.9 23051 112.13 0.0501141 1.03567
151 523 5.9 25880 123.037 0.0573154 0.944125
152 521 5.9 23375 146.119 0.0494839 1.09666
153 526 5.9 22858 131.611 0.0483828 0.993185
154 527 5.9 22920 121.608 0.0513695 0.968143
155 526 5.9 25813 126.354 0.0551536 1.00838
156 524 5.9 23746 107.567 0.0531499 1.0428
157 526 5.9 24132 135.465 0.0520742 0.954615
158 526 5.9 24547 123.982 0.0523512 0.931225
159 524 5.9 25419 105.467 0.059213 1.12436
160 531 5.9 24205 124.817 0.0517656 0.863325
161 528 5.9 23289 124.134 0.0504764 0.810256
162 525 5.9 23992 121.625 0.0521142 1.08938
163 529 5.9 23600 125.999 0.0532162 0.907668
164 517 5.9 22815 137.842 0.0486541 1.09364
165 522 5.9 22209 147.95 0.0474724 1.10289
166 520 5.9 22672 142.705 0.0483706 1.14546
167 532 5.9 24472 146.438 0.0523192 0.988123
168 527 5.9 22866 135.181 0.0484071 0.918557
169 525 5.9 22613 122.706 0.0477961 1.05173
170 518 5.9 22668 107.86 0.0501767 0.802766
171 524 5.9 24505 140.547 0.0529259 1.11922
172 525 5.9 23237 128.699 0.0500963 1.22718
173 524 5.9 23529 125.895 0.0495184 1.16236
174 524 5.9 23903 126.301 0.0508067 1.03338
175 528 5.9 24905 145.472 0.0531419 1.10497
176 529 5.9 22987 122.208 0.0488669 1.22557
177 525 5.9 23508 129.875 0.049343 1.08644
178 523 5.9 23424 126.796 0.0500149 0.967843
179 530 5.9 25135 143.784 0.0542707 0.952195
180 525 5.9 23453 127.028 0.0501175 0.984728
181 534 5.9 23131 126.069 0.0491191 0.961759
182 528 5.9 22812 128.77 0.0485176 1.03189
183 518 5.9 24231 145.629 0.0515369 1.13364
184 526 5.9 23435 136.958 0.0501933 1.10765
185 533 5.9 23159 157.31 0.0488578 1.10364
186 525 5.9 23968 139.223 0.0511939 1.19047
187 514 5.9 24616 140.987 0.052524 1.13017
188 513 5.9 25204 137.642 0.0548662 1.00533
189 531 5.9 24509 125.498 0.0536183 1.07611
190 527 5.9 24739 143.074 0.0537058 0.972603
191 521 5.9 26433 128.961 0.0584921 0.966553
