0 421 0 470455 0 0 0
1 413 0 452665 0 0 0
2 421 0 471999 0 0 0
3 432 0 436246 0 0 0
4 422 0 485294 0 0 0
5 426 0 437293 0 0 0
6 423 0 489313 0 0 0
7 421 0 489134 0 0 0
8 425 0 462385 0 0 0
9 417 0 445131 0 0 0
10 420 0 480689 0 0 0
11 423 0 482335 0 0 0
12 424 0 466906 0 0 0
13 419 0 477402 0 0 0
14 424 0 484702 0 0 0
15 422 0 437438 0 0 0
16 417 0 488480 0 0 0
17 422 0 462411 0 0 0
18 418 0 486276 0 0 0
19 420 0 489360 0 0 0
20 425 0 473027 0 0 0
21 418 0 485669 0 0 0
22 427 0 478009 0 0 0
23 425 0 489409 0 0 0
24 421 0 451158 0 0 0
25 422 0 485494 0 0 0
26 416 0 481264 0 0 0
27 417 0 473052 0 0 0
28 426 0 452813 0 0 0
29 426 0 485053 0 0 0
30 427 0 463072 0 0 0
31 425 0 481247 0 0 0
32 410 0 487926 0 0 0
33 418 0 486293 0 0 0
34 421 0 444160 0 0 0
35 430 0 470321 0 0 0
36 418 0 463696 0 0 0
37 419 0 477641 0 0 0
38 414 0 457252 0 0 0
39 425 0 483309 0 0 0
40 420 0 433135 0 0 0
41 426 0 484828 0 0 0
42 423 0 434659 0 0 0
43 414 0 473953 0 0 0
44 419 0 453621 0 0 0
45 436 0 433694 0 0 0
46 423 0 467413 0 0 0
47 417 0 488306 0 0 0
48 420 0 482015 0 0 0
49 432 0 476851 0 0 0
50 429 0 437885 0 0 0
51 423 0 476025 0 0 0
52 428 0 484276 0 0 0
53 422 0 479234 0 0 0
54 421 0 448919 0 0 0
55 433 0 454131 0 0 0
56 432 0 452339 0 0 0
57 418 0 442995 0 0 0
58 420 0 478809 0 0 0
59 421 0 466769 0 0 0
60 421 0 483647 0 0 0
61 422 0 471494 0 0 0
62 424 0 435203 0 0 0
63 422 0 477577 0 0 0
64 548 5.9 26411 229.288 0.0553854 1.10165
65 553 5.9 27852 199.832 0.0594955 1.04109
66 538 5.58282 27820 212.817 0.0585585 1.19705
67 546 5.9 31367 213.474 0.0671003 1.15075
68 545 5.3562 24930 238.852 0.0517226 1.26922
69 539 6.04885 25299 228.849 0.0528279 1.19347
70 536 5.85362 24906 231.103 0.0521654 1.14034
71 548 5.9 29316 211.726 0.0618316 1.31174
72 542 5.32912 22763 253.141 0.0468745 1.1985
73 531 6.24535 24904 221.213 0.0526987 1.05375
74 537 5.9 23732 235.658 0.0498211 1.06239
75 545 5.9 28818 201.559 0.0614433 1.11351
76 543 5.9 22932 271.759 0.0471694 1.16904
77 541 5.9 23427 213.962 0.0490474 1.01861
78 538 5.9 22549 261.23 0.046053 1.23548
79 538 5.9 28574 234.186 0.0599654 1.26571
80 543 5.57546 22194 234.727 0.04604 1.08016
81 549 5.9 22907 196.67 0.0476907 1.22529
82 545 5.9 22458 231.109 0.0462521 1.27306
83 544 5.9 28527 220.992 0.0601736 1.20136
84 548 5.9 23143 234.507 0.0481541 1.2055
85 545 5.9 24406 206.257 0.0510391 1.17512
86 541 5.9 23162 208.447 0.0486968 1.04739
87 544 5.9 29408 196.658 0.0629046 1.08893
88 546 5.9 23810 218.217 0.049935 1.21473
89 542 5.9 24524 200.791 0.0515705 1.1662
90 549 5.9 23992 191.155 0.0506231 1.2269
91 549 5.9 29681 221.273 0.0629029 1.0082
92 532 5.9 27759 211.996 0.0584831 1.12531
93 540 5.9 27838 183.518 0.0595904 1.04248
94 542 5.9 28184 193.774 0.0601377 1.05787
95 535 5.9 31137 214.588 0.0668741 1.15194
96 543 5.9 28279 208.211 0.0598098 1.14615
97 531 5.12306 25668 215.265 0.0536559 1.16618
98 544 5.9 27670 212.239 0.058631 1.20013
99 534 5.9 28797 222.671 0.0611306 1.17388
100 539 5.9 25215 216.693 0.0531563 1.12371
101 541 5.9 24427 218.582 0.0511542 1.29192
102 542 5.9 25812 240.219 0.0538277 1.30338
103 532 5.9 25742 243.942 0.0540091 1.08079
104 542 5.9 23800 233.124 0.0499695 1.07107
105 540 5.9 24275 230.427 0.0508902 1.14107
106 546 5.2923 24325 220.292 0.0508502 1.16809
107 548 5.9 26395 227.035 0.0555773 1.11059
108 542 5.9 22938 228.629 0.0477485 1.15096
109 550 5.9 24242 217.546 0.0510184 1.07949
110 553 5.9 23204 216.205 0.0486715 1.15464
111 540 5.9 26565 222.306 0.0561212 1.09323
112 539 5.77372 23224 240.891 0.0478942 1.16167
113 539 5.9 23839 243.703 0.0496897 1.15868
114 545 5.55376 23210 241.684 0.0482292 1.05399
115 548 5.9 26295 234.388 0.0553475 1.11884
116 544 5.9 23711 254.718 0.0488851 1.35877
117 539 5.69076 24478 237.815 0.0510117 1.18959
118 551 5.10152 23777 211.569 0.0497978 1.19474
119 544 5.9 24648 223.188 0.0515281 1.27526
120 535 5.9 24407 218.769 0.051376 1.01826
121 542 5.9 23185 243.667 0.048279 1.23129
122 549 5.40471 24357 221.299 0.0509082 1.18657
123 525 5.9 23296 209.492 0.0488763 1.20315
124 542 5.9 26592 222.96 0.0561639 1.18829
125 551 5.9 25196 205.614 0.0535258 1.12543
126 541 5.9 25532 213.203 0.0538668 1.15215
127 548 5.9 25969 206.977 0.0553535 1.16059
128 479 5.9 28393 241.326 0.059447 1.14315
129 466 5.58942 29563 226.982 0.0615491 1.37741
130 474 5.9 29371 232.658 0.0613342 1.30706
131 473 5.9 31540 236.426 0.0670654 1.33709
132 467 5.9 25596 246.169 0.0535265 1.12588
133 468 5.9 25781 242.379 0.0534935 1.21717
134 467 5.9 26321 247.599 0.0546591 1.27052
135 472 5.9 30162 239.496 0.0636302 1.19023
136 463 5.83782 25794 257.619 0.0536948 1.23365
137 464 5.9 27065 243.341 0.0566197 1.21817
138 460 5.9 26476 246.348 0.0552736 1.22265
139 468 5.9 30890 241.276 0.0650241 1.39235
140 471 5.79685 26717 248.865 0.0557482 1.19255
141 469 5.9 26668 242.94 0.055659 1.14429
142 467 5.9 27058 241.703 0.0567259 1.14091
143 463 5.9 31427 235.966 0.0662453 1.39912
144 466 5.55545 25956 257.662 0.0536915 1.28903
145 471 5.9 27593 249.357 0.0572539 1.31074
146 483 5.9 26384 242.519 0.0548619 1.15109
147 470 5.9 30565 222.364 0.0645808 1.22069
148 469 5.9 25672 241.542 0.0533647 1.27511
149 473 5.9 26709 212.905 0.0561926 1.15029
150 481 5.9 26295 232.776 0.0549325 1.15195
151 471 5.9 30751 213.227 0.0654265 1.31984
152 472 5.9 26308 232.959 0.0551141 1.25892
153 472 5.9975 26143 219.782 0.0550058 1.10394
154 469 5.60329 26848 212.398 0.0564037 1.17066
155 475 6.50891 29893 231.834 0.0633628 1.28746
156 473 5.9 28155 213.052 0.0596297 1.19669
157 476 5.9 28452 217.393 0.0599269 1.11772
158 472 5.9 28702 218.263 0.0605623 1.18361
159 453 5.9 31091 229.643 0.06595 1.41697
160 470 5.9 28944 220.945 0.0611778 1.24892
161 468 5.9 27584 211.984 0.0585658 1.25875
162 477 5.9 27986 223.42 0.058987 1.3111
163 463 5.9 27467 242.902 0.0579278 1.21292
164 472 5.9 26619 237.958 0.0557192 1.21269
165 467 5.9 25319 192.873 0.054325 1.12793
166 466 5.9 26318 222.05 0.055659 1.1958
167 481 5.9 27259 215.979 0.0578033 1.19858
168 477 5.9 27059 229.263 0.0566898 1.24066
169 465 5.9 26009 229.21 0.0547434 1.23072
170 464 5.97299 26851 235.193 0.0562557 1.32899
171 472 5.9 26684 237.956 0.0560181 1.22922
172 475 4.32743 27737 234.44 0.0567938 1.15889
173 475 5.9 26254 226.7 0.0553225 1.22901
174 471 5.6842 26626 230.644 0.056271 1.11868
175 464 5.9 28011 256.782 0.0587144 1.19608
176 467 5.9 26894 253.668 0.0559826 1.24171
177 461 5.9 25061 218.259 0.0527599 1.2434
178 456 5.91671 26687 240.284 0.0561253 1.18069
179 474 5.9 27926 252.493 0.0588104 1.25204
180 472 5.19885 26533 239.645 0.0550965 1.2607
181 473 5.42976 26667 226.582 0.0561386 1.27555
182 468 5.9 26342 228.397 0.0554758 1.20548
183 471 5.9 27309 241.337 0.0573552 1.2816
184 464 5.9 25991 234.135 0.0542005 1.33075
185 466 5.9 25198 227.113 0.0529802 1.42105
186 458 5.9 26132 230.489 0.0549517 1.27338
187 465 5.9 27287 246.562 0.0574508 1.21217
188 459 5.54678 28808 238.5 0.0602978 1.20193
189 465 6.58436 26784 244.252 0.0563041 1.32701
190 465 5.9 27962 229.377 0.0587226 1.30418
191 478 5.9 27617 231.272 0.0582418 1.37691
