0 546 0 433333 0 0 0
1 544 0 473414 0 0 0
2 558 0 425152 0 0 0
3 544 0 419416 0 0 0
4 550 0 446600 0 0 0
5 562 0 445817 0 0 0
6 547 0 444699 0 0 0
7 553 0 405178 0 0 0
8 546 0 474094 0 0 0
9 559 0 406136 0 0 0
10 545 0 475643 0 0 0
11 545 0 428848 0 0 0
12 547 0 450546 0 0 0
13 542 0 477814 0 0 0
14 548 0 441288 0 0 0
15 545 0 462683 0 0 0
16 555 0 474743 0 0 0
17 563 0 429925 0 0 0
18 534 0 419580 0 0 0
19 548 0 436513 0 0 0
20 542 0 470249 0 0 0
21 546 0 473732 0 0 0
22 551 0 466956 0 0 0
23 540 0 467507 0 0 0
24 542 0 469691 0 0 0
25 549 0 461867 0 0 0
26 547 0 463878 0 0 0
27 551 0 435236 0 0 0
28 541 0 428207 0 0 0
29 541 0 467622 0 0 0
30 543 0 452086 0 0 0
31 546 0 433106 0 0 0
32 549 0 467477 0 0 0
33 545 0 475534 0 0 0
34 558 0 441598 0 0 0
35 541 0 419009 0 0 0
36 547 0 460803 0 0 0
37 557 0 432092 0 0 0
38 546 0 473825 0 0 0
39 545 0 464784 0 0 0
40 550 0 411683 0 0 0
41 555 0 443190 0 0 0
42 552 0 481016 0 0 0
43 547 0 448971 0 0 0
44 552 0 468181 0 0 0
45 550 0 413689 0 0 0
46 549 0 418729 0 0 0
47 552 0 455570 0 0 0
48 544 0 448153 0 0 0
49 537 0 475290 0 0 0
50 544 0 433682 0 0 0
51 548 0 445333 0 0 0
52 558 0 428257 0 0 0
53 546 0 428900 0 0 0
54 543 0 457017 0 0 0
55 543 0 448577 0 0 0
56 549 0 421478 0 0 0
57 542 0 465647 0 0 0
58 540 0 472894 0 0 0
59 551 0 435724 0 0 0
60 547 0 408828 0 0 0
61 538 0 472671 0 0 0
62 542 0 413029 0 0 0
63 549 0 409387 0 0 0
64 488 5.57774 29231 275.023 0.0606499 1.22177
65 497 5.9 30415 298.631 0.0631912 1.27932
66 495 5.9 30517 297.066 0.0633068 1.25164
67 493 5.9 31641 326.26 0.0667533 1.39936
68 501 5.05026 27238 278.017 0.0564725 1.27601
69 491 5.9 27747 314.7 0.0573857 1.29876
70 484 5.9 28064 303.088 0.0579242 1.34509
71 495 5.9 31262 300.656 0.0658528 1.33811
72 492 4.91222 25570 266.483 0.0529602 1.14702
73 491 6.25749 28124 293.359 0.0590205 1.37639
74 497 5.9 26846 272.475 0.0559886 1.32839
75 490 6.56187 31572 293.909 0.0668841 1.34375
76 491 5.051 24960 258.701 0.0517882 1.20617
77 495 5.49352 27562 273.182 0.0573472 1.24213
78 497 5.91851 25920 259.374 0.0538406 1.16115
79 495 6.97762 30585 290.536 0.0644978 1.4491
80 484 5.9 23894 253.937 0.0498308 1.22888
81 488 5.71995 27052 261.933 0.0563758 1.28435
82 496 5.47973 26007 254.898 0.0537938 1.14844
83 493 5.9 30801 253.635 0.064893 1.48747
84 500 5.9 26029 273.453 0.0541234 1.29855
85 495 5.49383 28024 248.979 0.0588648 1.41597
86 491 5.47651 26340 243.342 0.0545684 1.39983
87 490 6.11909 31330 279.885 0.0660982 1.4018
88 495 4.31525 27352 240.197 0.0566217 1.2962
89 501 5.9 26949 257.273 0.0566998 1.38703
90 498 5.3809 27507 241.912 0.0573543 1.48506
91 499 6.71368 30452 262.5 0.0645567 1.46467
92 490 5.9 30088 251.143 0.0631989 1.34494
93 498 5.9 29519 222.309 0.0623013 1.23407
94 496 5.9 30428 244.871 0.0640789 1.28785
95 498 5.9 31824 280.319 0.0676386 1.43816
96 494 5.9 30237 246.966 0.063262 1.20736
97 497 5.70837 29083 265.047 0.0602416 1.11336
98 497 5.48684 30408 243.604 0.0636457 1.04585
99 499 5.9 31868 290.762 0.066549 1.35676
100 492 5.37676 27925 248.911 0.0580041 1.30511
101 496 5.55351 27553 255.42 0.0573215 1.26293
102 492 5.9 28328 235.76 0.0592501 1.28946
103 493 5.9 28478 252.37 0.0592894 1.37197
104 492 5.9 26469 250.979 0.0551552 1.37814
105 496 5.06956 26216 215.829 0.0538878 1.19127
106 496 5.39297 27169 252.368 0.0560176 1.14923
107 488 5.9 28980 232.479 0.0606042 1.21388
108 508 5.9 24997 258.335 0.0519 1.25678
109 486 5.26876 27202 224.872 0.0563325 1.04951
110 494 5.30543 25959 243.625 0.0534472 1.14596
111 501 5.9 29643 246.063 0.0615654 1.23472
112 493 4.81181 25990 273.272 0.0533351 1.18863
113 494 5.29651 26537 248.588 0.0543189 1.23631
114 495 5.12754 26433 265.438 0.0546342 1.04908
115 494 5.9 29602 250.004 0.0616475 1.17867
116 499 5.94065 26580 294.359 0.0550806 1.21876
117 497 5.29352 27661 256.849 0.0569415 1.1828
118 483 5.9 27345 310.693 0.0565071 1.14884
119 486 5.9 28669 276.864 0.0596169 1.23958
120 486 5.9 27094 291.347 0.0559997 1.2635
121 494 5.75997 27522 289.658 0.0567761 1.41988
122 501 5.9 27877 313.79 0.0575839 1.3661
123 476 5.9 29031 293.514 0.0601783 1.31786
124 491 5.94595 29602 307.516 0.0608095 1.19455
125 490 5.9 29602 273.285 0.0614058 1.16328
126 497 5.9 29928 297.575 0.0618128 1.24354
127 494 5.9 30976 319.013 0.0644752 1.24435
128 536 5.9 27453 224.873 0.057383 1.22026
129 537 5.65107 26589 211.03 0.0554226 1.24923
130 539 5.74124 27214 217.702 0.057287 1.079
131 540 5.9 28495 245.573 0.0601441 1.20722
132 540 5.9 24440 231.619 0.0509073 1.18597
133 538 5.9 24166 252.84 0.0496124 1.18879
134 547 5.9 24313 235.267 0.0503939 1.20664
135 529 5.9 27049 243.388 0.0566394 1.18849
136 522 5.9 23206 217.389 0.048515 1.25383
137 539 5.9 23847 221.917 0.0497451 1.05205
138 548 5.9 23449 222.691 0.0483279 1.20668
139 550 5.9 27067 230.886 0.0569833 1.30059
140 533 5.61957 23773 227.899 0.0493748 1.18678
141 543 5.81053 24720 249.797 0.0511122 1.05283
142 543 5.9 23823 208.017 0.0500744 0.934832
143 532 5.9 27981 247.751 0.0585758 1.0742
144 543 5.9 23078 215.53 0.0484019 1.23838
145 530 5.9 24931 204.124 0.0524818 1.01677
146 534 5.9 23867 211.401 0.049551 1.25376
147 532 5.9 27585 226.997 0.0583392 1.21944
148 532 5.9 23575 214.995 0.0496151 1.08875
149 536 6.0941 24457 230.094 0.0510229 1.13185
150 546 5.9 24053 215.124 0.0502507 1.19598
151 534 5.9 27125 227.557 0.0572302 1.07089
152 546 5.11398 24866 216.84 0.0515466 1.26102
153 541 6.88498 23836 233.088 0.050066 1.18485
154 534 5.44584 24788 207.201 0.0517916 1.10298
155 539 5.9 26873 234.434 0.0559118 1.53509
156 537 5.9 26876 210.359 0.0564367 1.12254
157 541 5.9 26344 205.904 0.0556484 1.14601
158 540 6.3056 26487 212.397 0.0557952 1.09372
159 538 5.9 27553 225.946 0.0582347 1.18187
160 538 5.9 27739 198.069 0.0587237 1.23523
161 537 5.90887 28064 197.911 0.0595024 1.15241
162 537 5.27845 27492 198.425 0.0576591 1.07985
163 529 5.9 29666 232.735 0.0623199 1.22368
164 548 5.9 25145 201.647 0.0531421 1.16481
165 539 5.9 25468 192.34 0.0538324 1.25512
166 537 5.9 25610 207.611 0.0538565 1.19771
167 533 5.9 29702 225.096 0.0626167 1.10255
168 534 5.9 25208 212.793 0.0529143 1.13449
169 537 5.9 25250 176.319 0.0537964 1.06048
170 539 5.9 25195 190.057 0.0532686 1.08887
171 540 5.9 27949 214.008 0.0586163 1.23064
172 534 5.9 24760 188.323 0.0526356 1.12104
173 544 5.9 25712 176.489 0.0544195 1.17744
174 535 5.9 24945 178.44 0.0528061 1.17752
175 541 5.9 28678 191.502 0.0607611 1.31022
176 545 5.9 24136 181.569 0.051153 1.06457
177 527 5.9 24943 170.429 0.0531564 1.12511
178 537 5.9 24519 188.006 0.0520114 1.07956
179 543 5.9 29098 204.518 0.0611814 1.33123
180 534 5.9 24467 202.862 0.0515777 1.27278
181 530 5.9 25420 191.946 0.0534857 1.10811
182 538 5.9 24513 180.289 0.0519308 1.02462
183 536 5.9 29190 218.183 0.0614696 1.21499
184 527 5.9 25739 222.757 0.0537183 1.23946
185 545 5.9 25932 222.629 0.0543397 1.15667
186 535 5.9 25688 197.21 0.0540352 1.24602
187 545 5.9 29824 220.833 0.0624697 1.31038
188 533 5.9 27786 216.896 0.0583153 1.22654
189 538 5.9 27356 201.53 0.0577114 1.10653
190 544 5.9 27841 214.538 0.0584801 1.22667
191 545 5.9 30983 224.538 0.0655538 1.25988
