0 529 0 441306 0 0 0
1 518 0 441787 0 0 0
2 518 0 481080 0 0 0
3 521 0 433265 0 0 0
4 512 0 437285 0 0 0
5 533 0 482507 0 0 0
6 525 0 417009 0 0 0
7 532 0 459905 0 0 0
8 527 0 426396 0 0 0
9 526 0 412637 0 0 0
10 529 0 462187 0 0 0
11 522 0 467931 0 0 0
12 531 0 441224 0 0 0
13 526 0 419644 0 0 0
14 529 0 457998 0 0 0
15 518 0 447904 0 0 0
16 528 0 473187 0 0 0
17 530 0 456661 0 0 0
18 527 0 476503 0 0 0
19 522 0 469907 0 0 0
20 530 0 453781 0 0 0
21 528 0 412957 0 0 0
22 531 0 458084 0 0 0
23 509 0 475273 0 0 0
24 525 0 475880 0 0 0
25 529 0 462925 0 0 0
26 520 0 461083 0 0 0
27 529 0 440797 0 0 0
28 528 0 410420 0 0 0
29 522 0 467010 0 0 0
30 530 0 425409 0 0 0
31 533 0 478342 0 0 0
32 525 0 481708 0 0 0
33 531 0 473930 0 0 0
34 530 0 455823 0 0 0
35 520 0 461871 0 0 0
36 529 0 423392 0 0 0
37 529 0 467365 0 0 0
38 535 0 472073 0 0 0
39 522 0 436066 0 0 0
40 537 0 463887 0 0 0
41 535 0 480880 0 0 0
42 531 0 423931 0 0 0
43 534 0 469774 0 0 0
44 524 0 409807 0 0 0
45 527 0 434981 0 0 0
46 525 0 480634 0 0 0
47 528 0 476859 0 0 0
48 523 0 419958 0 0 0
49 533 0 453709 0 0 0
50 526 0 472771 0 0 0
51 526 0 415313 0 0 0
52 525 0 423715 0 0 0
53 535 0 431959 0 0 0
54 527 0 443669 0 0 0
55 529 0 418981 0 0 0
56 524 0 441815 0 0 0
57 530 0 445048 0 0 0
58 533 0 454821 0 0 0
59 517 0 459934 0 0 0
60 537 0 480544 0 0 0
61 525 0 444106 0 0 0
62 523 0 455217 0 0 0
63 528 0 468756 0 0 0
64 524 5.9 27780 160.145 0.0595294 1.20915
65 525 4.85051 29246 150.067 0.0625875 1.14774
66 521 5.9 28958 165.098 0.0622101 1.09958
67 530 5.9 31048 195.796 0.0663322 1.31948
68 526 5.9 26663 188.155 0.0563281 1.10224
69 526 5.9 27202 178.294 0.058286 1.00241
70 522 5.9 26809 176.394 0.0569315 1.13607
71 525 5.9 30559 168.553 0.065797 1.27394
72 524 5.9 25057 167.71 0.0527729 1.03576
73 525 5.9 27258 167.171 0.0582121 1.14086
74 534 5.9 25659 150.013 0.0551562 1.10832
75 522 5.9 30720 178.733 0.0658489 1.42855
76 526 5.9 24977 174.106 0.0532205 1.08749
77 521 5.9 26384 171.105 0.0561302 1.00218
78 517 5.9 24857 158.001 0.053212 0.956643
79 523 5.9 30039 199.492 0.0639642 1.16689
80 528 5.9 24099 202.067 0.050513 1.10641
81 523 5.62423 26262 177.744 0.0554329 1.14329
82 523 5.9 25443 157.712 0.0546582 0.948106
83 518 5.9 29801 200.069 0.0630072 1.11146
84 529 5.9 25443 174.22 0.0546108 1.07574
85 522 5.9 27172 176.207 0.0586914 0.85062
86 515 5.9 25622 173.792 0.0543776 1.00551
87 521 6.37499 30889 229.803 0.0650675 1.34534
88 523 5.9 25809 171.958 0.0554875 1.11636
89 525 5.9 26812 195.354 0.0567483 1.11785
90 525 5.9 26449 181.941 0.0560341 1.07387
91 527 5.9 30674 195.388 0.06567 1.12367
92 523 5.9 28679 176.344 0.0609441 1.18004
93 528 5.9 29320 162.466 0.0636797 1.06022
94 530 5.9 29367 160.667 0.0634391 1.15023
95 524 5.9 31424 211.04 0.0670679 1.13643
96 506 5.9 29205 180.418 0.0620237 1.18744
97 531 5.9 28833 174.645 0.0618351 1.09368
98 533 5.9 29652 168.596 0.063767 1.10293
99 518 5.9 31403 211.023 0.0664998 1.11459
100 522 5.9 27046 192.986 0.0572858 1.25081
101 524 5.9 26905 190.65 0.0572331 1.0805
102 532 5.9 27616 187.362 0.0590895 1.0084
103 523 5.9 28061 222.535 0.0585009 1.11951
104 525 5.9 25728 170.719 0.0555357 0.940413
105 529 5.9 25960 176.7 0.0544581 1.167
106 525 5.9 26388 170.447 0.0558401 1.08437
107 525 5.9 28861 205.687 0.0607111 1.04669
108 519 5.9 25670 188.315 0.0543426 1.10736
109 524 4.77056 26370 158.716 0.0552891 0.952007
110 521 5.06983 25575 177.661 0.0534703 1.08868
111 527 5.9 28768 194.118 0.0607595 0.998621
112 518 5.9 25516 182.15 0.0540583 1.00619
113 516 5.9 25968 155.144 0.0554541 0.926079
114 522 5.9 25508 164.775 0.0539774 0.943124
115 514 5.9 28927 197.213 0.0606595 1.11926
116 534 5.9 25774 165.972 0.0547637 0.988373
117 524 6.08583 26769 181.933 0.0555483 1.14543
118 535 5.9 26233 167.297 0.0553449 0.929328
119 515 5.9 28033 204.051 0.0585143 1.1409
120 517 5.9 26517 175.244 0.0564751 1.23418
121 517 5.9 26765 197.394 0.0564122 1.11318
122 526 5.9 26828 178.071 0.0572359 1.13634
123 532 5.9 28722 199.54 0.0609741 1.0798
124 533 5.9 27390 137.802 0.0610517 0.914449
125 530 5.9 29018 167.606 0.0626053 1.02091
126 517 5.9 28678 175.636 0.0610649 1.16525
127 524 5.9 28593 183.459 0.0613085 1.04054
128 458 5.9 26098 170.711 0.0559647 0.949951
129 454 4.23582 27146 177.397 0.0565881 1.04338
130 450 5.9 27065 165.449 0.0574793 1.07366
131 459 5.9 28361 200.914 0.0602813 1.10686
132 463 5.9 23701 182.339 0.0502083 1.15616
133 457 5.9 24306 186.178 0.0513774 1.10486
134 457 5.9 24210 177.03 0.0514802 1.05818
135 462 5.9 27175 187.395 0.0582839 1.00325
136 463 5.9 22798 163.881 0.0488601 1.05024
137 462 5.9 24664 173.016 0.051891 1.01828
138 460 5.9 24456 178.883 0.0513247 1.15552
139 453 5.9 26664 176.545 0.0570328 1.03695
140 455 5.9 24474 186.18 0.0514576 1.06425
141 456 5.9 24371 155.096 0.0519919 1.01611
142 457 5.9 25400 160.824 0.0532487 1.16993
143 461 5.9 27621 202.891 0.0581327 1.06928
144 453 5.9 23555 175.781 0.049877 1.09672
145 458 5.17223 25964 162.863 0.0546902 0.989714
146 459 5.9 24704 163.746 0.0524356 1.02066
147 455 5.9 27449 182.412 0.0584925 1.15971
148 457 5.9 23002 167.214 0.0487371 1.17122
149 460 5.9 25050 157.627 0.0533197 1.21464
150 451 5.9 24552 155.097 0.0519527 1.02876
151 457 5.9 27879 184.195 0.0591054 1.10346
152 459 5.9 23940 186.003 0.0505234 1.15877
153 466 5.9 24107 195.093 0.0508045 1.05738
154 455 5.9 24973 197.229 0.0523013 1.04102
155 462 5.9 27599 190.182 0.0588643 1.10861
156 456 5.9 25265 182.542 0.0533209 0.984258
157 463 5.9 27192 199.802 0.0566483 1.0987
158 460 5.9 26980 194.721 0.0568704 1.06666
159 454 5.9 28577 195.332 0.0605857 1.17421
160 459 5.9 25833 178.718 0.0549896 1.02158
161 445 4.72062 28451 176.745 0.0600007 1.06964
162 457 5.9 27169 189.128 0.0575177 1.054
163 461 5.9 28359 209.568 0.0598026 1.16035
164 461 5.9 24023 190.105 0.0507447 1.10284
165 463 5.9 25536 188.974 0.0540328 0.978614
166 460 5.9 25537 213.632 0.0532182 1.08784
167 459 5.9 25025 195.305 0.0526775 1.07499
168 455 5.9 24209 177.333 0.0509164 1.22384
169 459 5.9 25241 170.448 0.0532685 0.996548
170 456 5.9 25470 154.242 0.0538855 1.01041
171 458 5.9 24088 170.62 0.0511492 0.911388
172 457 5.9 24778 177.599 0.0522881 1.08484
173 447 5.9 25587 146.799 0.0540919 1.02013
174 461 5.9 24867 162.135 0.0519239 1.22471
175 465 5.9 24587 176.864 0.0518353 1.03257
176 461 5.9 24044 173.541 0.0515117 1.03295
177 467 4.381 24797 142.189 0.0525304 0.945213
178 457 5.9 24878 168.327 0.0527643 0.992976
179 458 5.9 24534 179.452 0.051753 1.06853
180 451 5.9 24419 174.5 0.0521767 1.16719
181 452 5.9 25405 157.369 0.0542744 1.02813
182 452 5.9 24934 165.747 0.0528846 1.0639
183 458 5.9 24242 188.72 0.0514009 1.03268
184 460 5.9 24274 196.057 0.0510631 1.0426
185 457 4.83371 26099 209.057 0.0542363 1.07858
186 454 5.12988 25602 209.119 0.053024 1.22061
187 460 5.9 26120 197.904 0.054977 1.10706
188 458 5.9 26544 177.367 0.0565769 1.00653
189 467 4.92677 27402 179.634 0.0574771 1.12519
190 461 5.9 27283 186.303 0.0573802 1.06954
191 455 5.9 28555 203.343 0.0602334 1.1508
