0
0
0
0
0
0
0
0
0
0
0
0
0
0
0
0
0
0
0
0
0
0
0
0
0
0
0
0
0
0
0
0
0
0
0
0
0
0
0
0
0
0
0
0
0
0
0
0
0
0
0
0
0
0
0
0
0
0
0
0
0
0
0
0
0
0
0
0
0
0
0
0
0
0
0
0
0
0
0
0
0
0
0
0
0
0
0
0
0
0
0
0
0
0
0
0
0
0
0
0
0
0
0
0
0
0
0
0
0
0
0
0
0
0
0
0
0
0
0
0
0
0
0
0
0
0
0
0
0
0
0
0
0
0
0
0
0
0
0
0
0
0
0
0
0
0
0
0
0
0
0
0
0
0
0
0
0
0
0
0
0
0
0
0
0
0
0
0
0
0
0
0
0
0
0
0
0
0
0
0
0
0
0
0
0
0
0
0
0
0
0
0
0
0
0
0
0
0
0
0
0
0
0
0
0
0
0
0
0
0
0
0
0
0
0
0
0
0
0
0
0
0
0
0
0
0
0
0
0
0
0
0
0
0
0
0
0
0
0
0
0
0
0
0
0
0
0
0
0
0
0
0
0
0
0
0
0
0
0
0
0
0
0
0
0
0
0
0
0
0
0
0
0
0
0
0
0
0
0
0
0
0
0
0
0
0
0
0
0
0
0
0
0
0
0
0
0
0
0
0
0
0
0
0
0
0
0
0
0
0
0
0
0
0
0
0
0
0
0
0
0
0
0
0
0
0
0
0
0
0
0
0
0
0
0
0
0
0
0
0
0
0
0
0
0
0
0
0
0
0
0
0
0
0
0
0
0
0
0
0
0
0
0
0
0
0
0
0
0
0
0
0
0
0
0
0
0
0
0
0
0
0
0
0
0
0
0
0
0
0
0
0
0
0
0
0
0
0
0
0
0
0
0
0
0
0
0
0
0
0
0
0
0
0
0
0
0
0
0
0
0
0
0
0
0
0
0
0
0
0
0
0
0
0
0
0
0
0
0
0
0
0
0
0
0
0
0
0
0
0
0
0
0
0
0
0
0
0
0
0
0
0
0
0
0
0
0
0
0
0
0
0
0
0
0
0
0
0
0
0
0
0
0
0
0
0
0
0
0
0
0
0
0
0
0
0
0
0
0
0
0
0
0
0
0
0
0
0
0
0
0
0
0
0
0
0
0
0
0
0
0
0
0
0
0
0
0
0
0
0
0
0
0
0
0
0
0
0
0
0
0
0
0
0
0
0
0
0
0
0
0
0
0
0
0
0
0
0
0
0
0
0
0
0
0
0
0
0
0
0
0
0
0
0
0
0
0
0
0
0
0
0
0
0
0
0
0
0
0
0
0
0
0
0
0
0
0
0
0
0
0
0
0
0
0
0
0
0
0
0
0
0
0
0
0
0
0
0
0
0
0
0
0
0
0
0
0
0
0
0
0
0
0
0
0
0
0
0
0
0
0
0
0
0
0
0
0
0
0
0
0
0
0
0
0
0
0
0
0
0
0
0
0
0
0
0
0
0
0
0
0
0
0
0
0
0
0
0
0
0
0
0
0
0
0
0
0
0
0
0
0
0
0
0
0
0
0
0
0
0
0
0
0
0
0.964582
0.969156
1.00203
1.00653
1.00254
0.987412
0.961611
1.02314
0.990149
0.895113
0.914347
0.898084
0.895113
0.897498
0.86208
0.977248
0.95688
0.918726
0.917944
0.908131
0.884011
0.925997
0.898358
1.01052
1.00348
0.930258
0.883972
0.877404
0.895074
0.897733
0.958405
1.014
1.04183
0.932017
0.903948
0.909891
0.898944
0.922752
0.925176
1.00438
1.09132
1.00536
0.979163
0.919429
0.9405
0.95903
0.962158
1.0622
1.08491
1.00039
1.00242
0.99441
0.981196
1.02158
0.976466
1.07416
0.895152
0.993901
1.03882
1.00066
0.997029
1.00692
1.04027
0.914386
0.899765
0.891595
0.942338
0.942299
0.942533
0.926857
0.898397
0.97588
0.943862
0.879828
0.870876
0.867748
0.879046
0.851329
0.870055
0.948514
0.951486
0.889758
0.861923
0.856138
0.84613
0.861493
0.902815
0.982408
0.988077
0.897733
0.879242
0.853831
0.866341
0.892338
0.955395
1.03167
1.0208
0.883933
0.871345
0.842768
0.835223
0.864152
0.920328
0.989992
1.01212
0.925254
0.88706
0.868726
0.843745
0.899492
0.906802
0.99699
1.02174
0.883385
0.898006
0.933776
0.924277
0.928812
0.881509
1.00344
1.07099
1.03299
1.10872
1.08702
1.05004
1.03382
1.02768
1.04633
0.813292
0.78921
0.84742
0.814464
0.847342
0.836826
0.817553
0.785887
0.908444
0.833425
0.768686
0.78104
0.727952
0.758522
0.804535
0.781548
0.92369
0.878538
0.847889
0.865012
0.827522
0.815637
0.878968
0.854887
0.971423
0.912353
0.913292
0.820328
0.893198
0.884519
0.92068
0.917396
0.990109
0.930844
0.916615
0.908796
0.898006
0.893041
0.887256
0.904926
1.01779
0.964738
0.903049
0.897811
0.889484
0.869195
0.897029
0.909695
0.988507
0.931587
0.883894
0.86681
0.860946
0.843002
0.895895
0.932955
0.933425
0.941556
1.01701
1.01794
0.987725
0.957232
0.977561
0.736591
0.825293
0.881274
0.904339
0.913761
0.918061
0.88964
0.85043
0.803088
0.907584
0.873339
0.856959
0.840227
0.85258
0.824277
0.806411
0.872791
0.942025
0.895661
0.899023
0.89179
0.877639
0.869625
0.878186
0.932291
0.948397
0.895426
0.889523
0.858561
0.857428
0.911689
0.876075
0.952228
0.970954
0.892103
0.883581
0.845074
0.864699
0.893198
0.868647
0.947733
0.98276
0.888585
0.91165
0.902697
0.884793
0.909656
0.862862
0.966693
0.950586
0.900039
0.903401
0.94222
0.916888
0.931001
0.887568
0.95688
0.659421
0.699453
0.712901
0.7095
0.711728
0.695582
0.695817
0.6457
1.03573
0.973808
1.02052
1.03753
1.0274
0.898397
0.981665
1.02111
0.986904
0.957936
0.957232
0.969547
0.985457
0.990344
0.95821
0.975919
1.06145
1.00754
0.966341
0.97502
1.00082
0.968686
0.966497
1.01857
1.07772
0.990579
0.976896
0.975489
0.966615
0.992651
0.985223
1.0801
1.08034
1.00962
0.964894
0.996482
0.984597
0.976974
0.99222
1.07228
1.14034
0.999414
0.99613
1.01896
1.00281
0.998671
0.994097
1.07048
1.12072
0.996208
0.974433
1.02721
1.01204
0.983542
0.97889
1.05825
1.2654
1.16067
1.17623
1.20653
1.21157
1.17224
1.15039
1.22498
1.06411
1.02772
1.08323
1.07174
1.0801
1.04324
1.01083
1.06603
1.08206
0.995309
1.02615
0.994683
0.988546
0.973182
0.94226
1.03014
1.08647
1.0199
0.977756
0.975489
0.961376
0.973417
0.993041
1.05829
1.10098
1.00324
0.979984
0.988624
0.963995
0.962314
1.02385
1.08339
1.09883
0.960164
0.971306
0.947694
0.948984
0.969507
0.961063
1.05227
1.10813
0.985027
0.972048
0.952072
0.949375
0.949765
1.00027
1.06732
1.11919
0.986826
0.965559
0.974277
0.972635
0.975762
0.983112
1.09085
1.26962
1.19367
1.20536
1.18436
1.16802
1.17392
1.19222
1.2079
0.970602
0.922635
0.914973
0.918686
0.927326
0.917396
0.911454
0.949218
0.932955
0.81939
0.803284
0.814464
0.8405
0.825841
0.821853
0.891282
0.907271
0.806099
0.813292
0.814425
0.768804
0.815168
0.839719
0.919664
0.9181
0.800039
0.78405
0.796755
0.799023
0.809656
0.850899
0.915754
0.93835
0.783112
0.74097
0.754144
0.765598
0.763135
0.854691
0.901759
0.953362
0.792572
0.731744
0.730805
0.737177
0.758327
0.832604
0.929984
0.975059
0.817318
0.694371
0.694801
0.716419
0.758796
0.803088
0.911298
1.0665
0.940227
0.896247
0.887842
0.880923
0.937998
0.956333
1.00321
1.10708
1.01204
1.03288
1.08464
1.07021
1.04629
1.01165
1.08804
1.03104
0.975332
0.983151
1.01446
1.00321
0.988858
0.96122
1.02995
1.06794
1.03077
1.02995
1.07635
1.02115
0.99398
1.02967
1.06009
1.06712
1.0346
0.981939
0.962901
0.9776
1.03264
1.04656
1.07717
1.06939
1.01763
0.980766
0.928616
0.96466
0.990266
1.02717
1.12529
1.0887
1.01274
1.00223
0.985066
0.968843
1.0285
1.04089
1.13288
1.0595
0.994957
1.02783
1.04265
1.01247
1.02463
1.05934
1.11579
1.16869
1.14081
1.2068
1.207
1.14027
1.13038
1.17303
1.22033
1.24582
1.11329
1.13292
1.15884
1.15723
1.12076
1.13491
1.21095
1.13694
1.07713
1.02486
1.06341
1.03741
1.08135
1.07592
1.15723
1.18874
1.10743
1.06212
1.01482
1.03335
1.069
1.0898
1.16998
1.18206
1.09167
1.03475
0.977209
1.01603
1.03909
1.05919
1.15723
1.17623
1.06927
1.01755
0.934089
0.975762
0.999609
1.06482
1.14273
1.18952
1.07533
1.02971
1.01669
1.01329
1.04949
1.09711
1.193
1.15399
1.05352
1.09554
1.05754
1.07748
1.09945
1.08471
1.18901
1.2441
1.19046
1.22478
1.2041
1.19566
1.23425
1.22213
1.23694
1.24488
1.14883
1.1568
1.15735
1.09742
1.10934
1.05266
1.15688
1.13679
1.04609
1.03362
1.00551
1.23464
0.973964
0.983073
1.07647
1.18913
1.06618
1.01192
0.976779
0.975919
1.01196
1.00172
1.08898
1.16493
1.07463
1.012
0.994722
1.01638
0.985223
1.0423
1.12623
1.16145
1.06063
0.964425
1.01013
0.983776
1.00942
1.03006
1.1346
1.18706
1.12072
1.04719
1.00059
0.982056
1.01001
1.07256
1.13378
1.19249
1.07983
1.03151
1.03358
1.06837
1.05004
1.04027
1.04214
1.29437
1.18878
1.19883
1.20324
1.27048
1.20915
1.19124
1.12952
1.09132
1.04105
1.02611
1.02123
1.0579
1.02682
1.05082
1.10586
1.07709
1.02658
0.989054
0.992729
0.972088
0.962353
0.982056
1.07451
1.1457
1.03421
0.981196
0.928577
0.925723
0.920055
1.03593
1.0991
1.11736
1.02357
0.905629
0.832955
0.785966
0.858053
0.969077
1.14062
1.13256
0.965637
0.782056
0.725567
0.681235
0.721462
0.826857
1.10614
1.20848
0.984597
0.78448
0.708014
0.667709
0.743002
0.832565
1.13178
1.21611
1.04777
0.849023
0.733894
0.735848
0.830923
1.03702
1.21419
1.33714
1.24715
1.19484
1.11923
1.1113
1.16618
1.23389
1.34707
1.01595
0.917866
0.941087
0.953127
0.950391
0.914269
0.922596
1.02338
0.998671
0.947576
0.924472
0.923182
0.908835
0.938937
0.912314
1.01462
1.02869
0.974511
0.946521
0.884754
0.891947
0.896325
0.947733
1.01787
1.02076
0.944253
0.901486
0.8819
0.897615
0.899531
0.934324
1.01075
1.00899
0.949883
0.875567
0.839054
0.886747
0.852111
0.944566
0.998984
1.02037
0.931665
0.896208
0.851095
0.853088
0.917045
0.965442
1.00043
1.00876
0.94269
0.933464
0.904887
0.911884
0.965207
0.959812
1.03964
1.12478
1.10754
1.08397
1.07299
1.06962
1.05254
1.07948
1.11052
1.214
1.12475
1.17987
1.1586
1.17193
1.15442
1.09324
1.16509
1.15027
1.0448
1.06529
1.04945
1.04163
1.04648
1.01943
1.08143
1.1611
1.05528
1.01333
1.02185
1.02252
1.03061
1.04292
1.07256
1.1364
1.0455
1.0217
1.00981
1.02877
1.02971
1.05457
1.08475
1.10668
1.04484
0.990149
1.0233
1.01458
1.04019
1.06509
1.09793
1.10231
1.03624
1.00242
0.98835
1.04234
1.02529
1.03952
1.08303
1.0912
1.01071
1.0172
1.02584
1.03104
1.05606
1.08737
1.06747
1.25504
1.17502
1.18323
1.16759
1.19429
1.17639
1.15457
1.21618
1.24738
1.13225
1.15625
1.20829
1.20289
1.17514
1.13737
1.27099
1.16736
1.0679
1.14894
1.05332
1.05152
1.06716
1.06783
1.17815
1.20743
1.10414
1.03917
0.984089
1.00653
1.01357
1.07783
1.18319
1.16454
1.05551
0.963448
0.963487
0.979672
1.00235
1.03765
1.15324
1.15477
0.990852
0.923612
0.891986
0.921267
0.91724
0.993002
1.14554
1.1448
0.995113
0.93018
0.872909
0.875684
0.962471
1.02416
1.18131
1.13702
1.005
0.945465
0.914777
0.900039
0.958131
1.02158
1.15371
1.29316
1.19957
1.16994
1.16787
1.1473
1.17353
1.20696
1.29308
1.12987
1.06818
1.11505
1.13178
1.15672
1.10958
1.07193
1.13382
1.03319
0.995543
0.965833
0.99914
0.96251
0.982525
0.973456
1.03733
1.08413
1.02995
0.978186
0.932916
0.955825
0.966536
0.974199
1.02357
1.07549
1.00723
0.935887
0.933776
0.934636
0.948045
0.980023
1.04765
1.04949
0.980649
0.929203
0.892416
0.923221
0.907975
0.996755
1.06106
1.06818
0.982995
0.958327
0.936865
0.929945
0.975919
0.996951
1.06364
1.03092
0.978812
0.984402
0.968022
0.971267
0.989093
0.977795
1.05884
1.17349
1.14116
1.15665
1.17263
1.15512
1.13397
1.10407
1.20539
1.10399
1.05504
1.10559
1.09066
1.11228
1.08409
1.04664
1.10434
1.10109
1.01552
1.01548
1.00688
1.00942
1.01337
1.0165
1.07529
1.13483
1.04461
1.00684
1.01454
1.02013
1.02975
1.05751
1.11802
1.14789
1.07326
1.01814
1.01001
1.04902
1.03096
1.09101
1.13538
1.10614
1.04163
0.968921
1.01271
1.00645
1.02482
1.10719
1.15884
1.10614
1.03835
0.968608
0.970719
1.01333
1.03026
1.08604
1.16654
1.09105
1.04679
1.02052
1.00332
1.03006
1.04289
1.05524
1.10876
1.2654
1.1907
1.21079
1.21849
1.22682
1.24421
1.20113
1.25977
1.25309
1.13796
1.20207
1.2604
1.26939
1.19304
1.18569
1.25786
1.15676
1.11431
1.06822
1.09375
1.28765
1.1061
1.08913
1.20305
1.20751
1.13659
1.11099
1.07326
1.09371
1.07052
1.10336
1.18878
1.2312
1.14539
1.10289
1.08014
1.0769
1.11802
1.1853
1.29476
1.24148
1.11771
1.07213
1.02146
1.08284
1.0742
1.14676
1.24034
1.25199
1.0708
1.15418
1.0586
1.03745
1.12295
1.09543
1.26079
1.21525
1.08077
1.10168
1.04437
1.05844
1.08952
1.15027
1.22529
1.36685
1.32365
1.2907
1.29863
1.28694
1.27533
1.31622
1.41161
1.22764
1.09699
1.12826
1.12463
1.13084
1.0959
1.12283
1.11779
1.12717
1.0518
1.01486
1.03088
1.01517
1.04648
1.04633
1.1344
1.15919
1.07959
1.03159
0.999805
0.997185
1.02553
1.04879
1.12111
1.14171
1.05731
1.00579
1.00352
0.997498
1.00758
1.03663
1.07076
1.12115
1.00895
0.994644
0.942103
0.976427
0.979554
1.04234
1.086
1.14805
1.03397
1.00164
0.994644
0.971736
1.00309
1.04805
1.13206
1.14621
1.04816
1.06224
1.02666
1.03143
1.0656
1.06341
1.14332
1.22846
1.19914
1.20754
1.16501
1.17432
1.20094
1.19464
1.21376
0.975762
0.928851
0.975332
0.962783
0.973026
0.958405
0.903049
0.970719
0.994801
0.917866
0.921345
0.896951
0.916497
0.89179
0.914504
0.984285
1.03127
0.923651
0.839562
0.843862
0.847654
0.864464
0.917005
0.976661
1.02177
0.884206
0.792142
0.775489
0.789406
0.821149
0.875997
0.982056
0.95864
0.841048
0.751016
0.752971
0.739992
0.789562
0.851681
0.961063
0.952893
0.837451
0.78018
0.772674
0.798866
0.827091
0.87502
0.971228
0.939289
0.856372
0.835927
0.845739
0.848006
0.875489
0.917944
0.974785
0.947146
0.993471
0.980414
1.01419
1.00805
1.0174
1.05238
1.10094
1.06443
1.01341
1.08749
1.05547
1.06458
1.0276
0.999179
1.06689
1.04484
0.949335
0.966185
0.930102
0.935496
0.949179
0.917748
0.984871
1.08769
0.979163
0.939171
0.952658
0.949687
0.943589
0.964504
1.02881
1.08198
1.01302
0.960242
0.927952
0.959539
0.985066
0.978577
1.06188
1.04715
0.992181
0.905747
0.942416
0.943706
0.954887
1.00614
1.06497
1.04789
0.960281
0.942103
0.940266
0.970172
0.9595
0.977248
1.09175
1.04539
0.968061
0.963057
0.987725
0.993393
1.00895
0.962353
1.08292
1.1679
1.11669
1.13378
1.12013
1.16579
1.12834
1.11478
1.09851
0.837256
0.802111
0.84226
0.786474
0.811376
0.806099
0.708718
0.764699
0.830844
0.820602
0.86552
0.810868
0.815324
0.836669
0.776114
0.764699
0.898475
0.866732
0.833815
0.855942
0.850938
0.849648
0.872909
0.864269
0.944214
0.911689
0.878108
0.859187
0.888624
0.873925
0.892533
0.875684
0.915012
0.906177
0.816654
0.870367
0.870563
0.864777
0.902385
0.889289
0.94226
0.890852
0.888507
0.833151
0.8638
0.867514
0.890305
0.888038
0.922322
0.890188
0.89093
0.836708
0.82455
0.917435
0.882838
0.868452
0.938663
0.894136
0.954848
0.949023
0.951603
0.914113
0.905629
0.832643
0.965481
0.934089
0.979515
0.959578
0.955512
0.918413
0.874785
0.932056
0.987217
0.887021
0.905043
0.872557
0.86251
0.905864
0.85172
0.936826
1.02181
0.925371
0.899844
0.875997
0.881783
0.900977
0.894136
0.975254
1.01814
0.925528
0.856529
0.822088
0.846599
0.886083
0.906841
0.966732
0.959734
0.922322
0.836591
0.858014
0.851837
0.884676
0.916302
0.963057
0.990696
0.903401
0.884246
0.845973
0.897772
0.889679
0.906333
0.969937
0.96165
0.917318
0.933151
0.860477
0.885027
0.932486
0.899335
0.903479
0.699218
0.702385
0.728382
0.701876
0.712627
0.72889
0.698084
0.672909
1.09265
0.97631
1.01353
1.02639
1.02729
0.985536
0.964425
1.04734
1.00927
0.916028
0.905121
0.932369
0.902815
0.937099
0.910047
1.02166
1.02697
0.964347
0.926857
0.882408
0.900938
0.901173
0.956802
1.04246
1.07522
0.966458
0.91853
0.913565
0.909539
0.940774
0.984011
1.08268
1.04163
0.945739
0.913409
0.879515
0.914621
0.914855
0.969156
1.09183
1.07701
0.933073
0.896833
0.880219
0.877756
0.934558
0.9681
1.09699
1.0303
0.923651
0.956216
0.936278
0.960125
0.968491
0.980649
1.08714
1.1371
1.10031
1.09015
1.14691
1.13475
1.14977
1.12772
1.16024
1.15692
1.06661
1.10856
1.12181
1.11419
1.08092
1.04539
1.1129
1.13342
1.03909
1.0509
1.05324
1.04277
1.01669
1.02971
1.08167
1.19226
1.06622
1.08002
1.04281
1.01407
1.043
1.04101
1.07975
1.17486
1.05567
0.990383
0.987568
1.026
1.01329
1.02901
1.1199
1.12807
1.01998
0.979984
0.977639
0.993041
0.987998
1.01974
1.1007
1.1414
1.02654
0.958796
0.974511
0.99699
0.993354
1.00102
1.11525
1.1457
1.03335
1.03065
1.01501
1.01935
1.06466
1.02396
1.0932
1.25825
1.22037
1.23124
1.19926
1.20094
1.19855
1.18569
1.24097
1.06267
0.990422
1.03034
0.998632
1.01462
1.02048
0.969234
1.03495
1.0518
0.953714
0.957858
0.951095
0.95774
0.931548
0.947263
0.984558
1.08546
0.98147
0.93749
0.958483
0.966224
0.955317
0.969937
0.99441
1.04359
0.975528
0.972361
0.966028
0.984793
0.980297
0.955004
1.01556
0.979007
0.937881
0.917396
0.957115
0.959461
0.941869
0.971501
1.02232
1.05696
0.98405
0.906998
0.936669
0.961337
0.949453
0.958483
1.03737
1.04742
0.968569
0.956255
0.924511
0.936904
0.949531
0.976114
1.03878
1.05387
1.14953
1.13499
1.09304
1.10395
1.09355
1.10899
1.08065
1.08761
1.03069
1.08202
1.09566
1.08698
1.04707
1.03698
1.14816
1.0086
0.942299
0.95778
0.99656
0.980453
1.09527
1.09707
1.02439
1.04242
0.956959
0.952463
0.997928
0.97889
0.963409
0.984793
1.03686
1.0407
0.971228
0.941126
0.960868
0.929124
0.958053
0.955825
1.02756
1.02936
0.965129
0.922166
0.910829
0.874668
0.929984
0.950508
1.03131
1.04836
0.951134
0.944644
0.942064
0.958053
0.9405
0.980884
1.04812
1.0156
0.927052
0.952463
0.99226
0.974159
0.980884
0.932056
1.03886
1.14746
1.03862
1.07647
1.13284
1.12314
1.08499
1.0498
1.16876
1.15973
1.16114
1.09261
1.12111
1.13753
1.14113
1.16591
1.21122
1.09711
0.995622
0.987099
1.00516
0.975098
0.993745
1.01376
1.06943
1.07475
1.00117
0.984949
0.975176
0.958522
0.958288
1.00422
1.08839
1.0844
0.982995
0.985457
0.967944
0.94355
0.956489
1.00622
1.08624
1.05066
0.972088
0.921618
0.902189
0.929359
0.907193
0.955434
1.07322
1.03546
0.969038
0.940305
0.933034
0.931314
0.916693
0.950469
1.06388
1.02987
0.931822
0.956099
0.974629
0.96638
0.932252
0.944722
1.03944
1.07713
1.05055
1.0604
1.07838
1.09386
1.05813
1.05743
1.11396
1.20524
1.0724
1.13135
1.11638
1.11923
1.11486
1.08737
1.1636
1.08534
0.978851
1.00993
0.955082
0.973456
0.998319
1.11841
1.10575
1.08307
1.02478
0.956959
0.966966
1.19597
0.946443
0.979945
1.07392
1.06876
1.00446
0.94656
0.928694
0.937373
0.930571
0.986278
1.07623
1.09034
0.969977
0.902072
0.910946
0.899296
0.892729
0.94699
1.06185
1.07525
0.961337
0.921345
0.892768
0.871931
0.901134
0.971814
1.09351
1.05344
0.978069
0.964073
0.888194
0.910985
0.943159
0.945113
1.06415
1.19851
1.1041
1.09073
1.10442
1.11255
1.09937
1.08819
1.15238
1.13921
1.05418
1.10766
1.09292
1.10665
1.09281
1.08823
1.15039
1.07803
1.01407
1.02658
1.02338
0.993198
1.02639
1.0285
1.08155
1.09937
1.06431
0.975606
0.953792
0.95821
1.2156
1.06454
1.11333
1.07299
0.955942
0.857115
0.838077
0.850625
0.916224
1.03984
1.06912
1.04965
0.866341
0.778538
0.744722
0.770407
0.827678
0.952971
1.0602
1.04785
0.820563
0.762744
0.764034
0.758092
0.837138
0.957193
1.07267
1.07025
0.957858
0.818491
0.746833
0.7776
0.856255
0.972322
1.08956
1.18479
1.13827
1.024
1.01212
1.05465
1.07963
1.12971
1.21716
1.08393
1.01294
1.01564
1.05246
1.04472
1.04765
1.04765
1.13952
1.00391
0.887021
0.90993
0.902033
0.895739
0.931822
0.932174
1.02717
1.00332
0.871462
0.88276
0.904378
0.886435
0.895856
0.911024
1.03475
1.00598
0.862275
0.872674
0.88792
0.89484
0.868335
0.902385
1.0122
0.96079
0.881939
0.828812
0.816263
0.839367
0.844058
0.858053
1.01016
0.977561
0.883698
0.823769
0.812314
0.842963
0.835496
0.876271
1.03237
0.983385
0.877639
0.858718
0.845113
0.829789
0.866185
0.893237
1.0113
0.942181
0.991439
0.999648
0.969351
0.986239
1.00665
1.0145
1.05113
1.1803
1.10704
1.12608
1.13405
1.12737
1.13256
1.08827
1.17772
1.06384
1.00109
0.984167
0.969156
0.980375
0.976583
0.948944
1.04363
1.04347
0.976271
0.992572
0.963253
0.961337
0.957662
0.961259
1.04789
1.02866
0.98878
0.963995
0.964034
0.937803
0.930023
0.960907
1.03249
1.05367
0.975997
0.917123
0.955903
0.927365
0.899648
0.931704
1.02107
1.04136
0.95864
0.961806
0.970993
0.93362
0.94914
0.940227
1.01904
1.02029
0.935106
0.951173
0.968178
0.940696
0.928499
0.925332
1.01114
1.1455
1.05856
1.11083
1.07482
1.0966
1.06505
1.05278
1.0903
1.08679
1.0579
1.08729
1.09996
1.07068
1.03542
1.05016
1.11067
0.975723
0.943432
0.921814
0.926427
0.928342
0.923573
0.940657
1.00649
0.991869
0.880141
0.87498
0.911337
0.883542
0.878342
0.908249
1.01161
0.985262
0.85086
0.848944
0.858561
0.867553
0.872048
0.857232
1.00532
0.972322
0.842455
0.800195
0.803088
0.79312
0.823339
0.824355
0.999453
0.989797
0.818452
0.790696
0.757506
0.799296
0.820211
0.830023
0.967983
0.95817
0.831939
0.820367
0.814073
0.808757
0.836747
0.82283
0.971618
1.0355
0.987334
1.01091
1.03804
1.00829
1.01744
1.00121
1.12232
1.05629
1.02201
1.01822
1.04097
1.04543
1.03346
1.01787
1.08905
0.995661
0.942181
0.943198
0.960047
0.943393
0.977834
0.959343
0.985418
1.03225
0.978616
0.956607
0.959617
0.955747
0.964308
0.973964
1.01005
1.055
0.97631
0.948163
0.951642
0.967905
0.964738
0.971853
1.01579
1.02568
0.994097
0.93663
0.907897
0.930571
0.929124
0.970602
1.03327
1.0423
0.957154
0.929281
0.935848
0.960829
0.951525
0.949179
1.04054
1.01775
0.936904
0.973339
0.994292
0.979281
0.951486
0.928577
0.99222
1.1457
1.069
1.08917
1.13593
1.11865
1.11263
1.07017
1.12713
1.07365
0.975606
1.00778
0.994605
1.03745
1.02881
0.961102
1.04738
0.969234
0.934285
0.928733
0.916927
0.902306
0.914934
0.898084
1.00618
1.00993
0.961728
0.938546
0.892963
0.875919
0.897303
0.938546
1.04011
1.04034
0.979163
0.909891
0.920837
0.883737
0.908522
0.945465
1.06814
1.06169
0.940188
0.85559
0.877522
0.863174
0.842377
0.914738
1.05156
1.04926
0.916732
0.906724
0.886552
0.857428
0.863995
0.909578
1.04292
1.01646
0.914855
0.916028
0.893901
0.884363
0.881353
0.890696
1.00594
1.12834
1.01396
1.04531
1.05035
1.06833
1.0319
1.02435
1.07869
1.09375
0.982213
1.07678
1.1018
1.0964
1.07936
1.04683
1.13221
0.96681
0.912979
0.95516
0.910516
0.938663
0.972518
0.969273
0.999062
1.04308
0.943354
0.923808
0.891712
0.853831
0.924433
0.977013
1.04867
0.997733
0.895231
0.860242
0.853714
0.826622
0.845426
0.92502
0.995778
0.97455
0.896521
0.7862
0.791282
0.779789
0.835301
0.839171
0.988507
1.00055
0.936865
0.865246
0.811337
0.821462
0.908952
0.941908
1.02373
0.966654
0.899648
0.924472
0.851759
0.827522
0.930844
0.930805
0.919234
1.03428
0.950704
0.991478
1.0002
0.997928
1.01525
0.981744
1.03952
1.10864
0.978303
0.941673
0.961181
0.959109
0.947694
1.02111
1.1163
1.11224
0.99828
0.986747
1.00027
0.96939
0.993159
1.02029
1.07123
1.06212
0.998319
0.9957
0.972127
0.972557
0.974746
1.00086
1.06658
1.00989
0.939132
0.946403
0.968647
0.939953
0.954613
0.948944
1.03769
0.987686
0.935887
0.899218
0.920837
0.956763
0.891243
0.926544
1.02025
1.05473
0.976271
0.959812
0.965754
0.992963
0.956059
0.946443
1.05805
1.06302
0.942416
0.979281
1.01501
0.952737
0.964191
0.950195
1.06122
1.11716
1.07893
1.08987
1.07306
1.07979
1.04238
1.06235
1.10872
1.0335
0.962588
0.990774
0.986357
0.992572
1.00708
0.962471
1.03546
0.993276
0.90864
0.910868
0.872127
0.882877
0.902424
0.932213
1.02244
0.982838
0.873378
0.878186
0.813761
0.808522
0.845543
0.906724
1.00711
0.956216
0.841165
0.801251
0.788468
0.787334
0.783034
0.840461
0.974707
0.948593
0.799453
0.750547
0.757506
0.742025
0.734206
0.821462
0.951681
0.928538
0.794488
0.766458
0.735379
0.721775
0.773729
0.821423
0.966849
0.941126
0.848827
0.826231
0.77588
0.769195
0.821071
0.883581
0.991751
1.04758
0.974238
0.996912
0.962119
0.967944
0.978577
1.01583
1.01235
1.13514
1.07486
1.10966
1.12271
1.11552
1.12248
1.05711
1.10657
1.02232
0.955981
0.997928
0.985731
0.996208
0.957701
0.905434
1.02952
1.0536
0.981118
0.956607
0.952776
0.938155
0.937686
0.906372
1.00876
1.07357
0.982916
0.952424
0.93878
0.909617
0.939406
0.948671
1.03796
1.04386
0.939328
0.908718
0.9043
0.91079
0.878733
0.920407
0.970993
1.03268
0.911532
0.888819
0.934519
0.897889
0.887647
0.897733
0.990657
0.982604
0.894996
0.917045
0.918921
0.92674
0.881118
0.881001
0.962862
1.00504
0.95731
0.980923
0.955082
0.950391
0.914582
0.780102
0.809891
1.07138
1.02803
1.06802
1.0156
1.01697
1.01165
0.992142
1.04468
0.983855
0.920016
0.950665
0.908014
0.901681
0.917045
0.886513
0.959148
0.977091
0.935106
0.93061
0.905395
0.906841
0.901407
0.913526
0.9414
0.976583
0.944605
0.913643
0.879945
0.867357
0.880727
0.895113
0.965754
0.996169
0.894879
0.874785
0.855278
0.8276
0.83276
0.84136
0.921188
0.978303
0.899648
0.897772
0.885027
0.843941
0.856841
0.876974
0.917357
0.975215
0.91853
0.899453
0.849335
0.838468
0.841986
0.877013
0.949453
0.753049
0.8862
0.957897
0.922518
0.921697
0.910399
0.893941
0.7276
1.007
0.917084
0.965676
0.971188
0.950156
0.958405
0.888428
0.950195
0.95821
0.975919
0.926701
0.856568
0.86638
0.895895
0.868413
0.951798
0.986552
0.917162
0.903323
0.856724
0.84441
0.864582
0.88104
0.974238
0.980336
0.880063
0.925762
0.868647
0.832408
0.818999
0.854418
0.972205
0.976427
0.850704
0.815051
0.822478
0.807389
0.761962
0.811181
0.922752
0.982525
0.877717
0.857428
0.843589
0.808561
0.840735
0.8543
0.954926
0.965637
0.876935
0.912353
0.840657
0.819547
0.856138
0.871931
0.969781
0.893276
0.917787
0.97846
0.941595
0.943002
0.926622
0.884519
0.710633
0.97326
0.920094
0.915598
0.940813
0.926153
0.922088
0.900782
0.971345
0.927248
0.858561
0.869077
0.885848
0.847498
0.875332
0.870211
0.94097
1.00039
0.870563
0.878616
0.867162
0.826231
0.830297
0.874707
0.948866
0.996599
0.870524
0.892181
0.879398
0.840539
0.836865
0.89097
0.966185
0.981704
0.893276
0.842064
0.817748
0.852072
0.824785
0.871071
0.983425
0.983464
0.875919
0.818921
0.847537
0.814816
0.827209
0.858913
0.958913
0.999453
0.838819
0.841556
0.871384
0.8414
0.83534
0.823143
0.956919
1.03514
0.964934
0.983581
1.0312
1.00848
0.982174
0.923417
1.02565
1.22885
1.08702
1.10426
1.08569
1.05684
1.07369
1.00786
1.07748
1.09429
1.01779
1.01618
0.971853
0.995192
0.959539
0.968491
1.01892
1.11607
1.03812
1.00876
0.945192
0.941947
0.932291
0.971618
1.21579
1.09875
1.00532
0.966028
0.952463
0.920133
0.926622
0.980102
1.04961
1.1025
0.96896
0.88362
0.908561
0.886122
0.860555
0.921423
1.03448
1.11947
0.944957
0.896443
0.866028
0.851876
0.872361
0.919586
1.05751
1.0801
0.94007
0.893941
0.838858
0.845973
0.878147
0.921188
1.04773
1.19304
1.09668
1.06493
1.05371
1.05313
1.01802
1.02443
1.09586
1.12588
1.00942
1.04085
1.03315
1.00649
1.03413
1.01255
1.05848
1.02224
0.972674
0.970211
0.943667
0.956216
0.932291
0.909773
1.01818
1.03597
0.986435
0.964152
0.903479
0.918686
0.923886
0.921149
0.995113
1.02271
0.946403
0.912979
0.924472
0.902893
0.908288
0.906919
0.984441
1.01087
0.920993
0.872361
0.903049
0.894918
0.8776
0.888624
0.964386
1.02013
0.923339
0.913487
0.909773
0.877873
0.898788
0.900665
0.981783
1.00536
0.917123
0.936435
0.905356
0.873729
0.898319
0.901173
1.00156
1.11552
1.06173
1.05676
1.02615
1.04402
1.01517
1.03065
1.07107
1.0812
1.02408
1.05324
1.07909
1.07346
1.09421
1.038
1.13913
0.969742
0.895856
0.912275
0.927834
0.935457
0.962979
0.941009
1.00633
0.986904
0.923573
0.890266
0.915168
0.95
0.946912
0.943589
1.01622
0.973299
0.922518
0.873065
0.916302
0.921462
0.901016
0.953987
1.02654
0.977209
0.917318
0.915481
0.912783
0.93405
0.926153
0.973534
1.00418
0.984206
0.942416
0.920016
0.896482
0.922361
0.966654
0.96294
0.999335
0.970524
0.920719
0.927013
0.932995
0.92326
0.944371
0.948358
0.99613
1.03941
0.978342
1.00344
1.02201
1.01396
1.01224
0.998397
1.08862
1.13112
1.10555
1.12361
1.14242
1.1283
1.15719
1.11532
1.18104
1.09386
0.947772
1.00993
0.976779
1.00461
1.01415
1.00739
1.05962
1.07952
0.98276
0.984363
0.980102
1.00254
1.0231
1.01869
1.08417
1.07506
0.98878
0.975293
1.01255
1.01837
1.13835
1.03718
1.11427
1.06419
0.998084
1.00219
1.02955
1.10625
1.02639
1.05524
1.08249
1.06751
1.01802
1.01013
1.05098
1.03804
1.0724
1.05653
1.09797
1.05496
1.01575
1.02565
1.10352
1.08514
1.05031
1.0593
1.11048
1.1199
1.10672
1.14402
1.15125
1.18358
1.15614
1.1362
1.21536
1.09101
1.0344
1.01274
1.02213
0.972909
1.01833
1.03038
1.0656
1.00661
0.899765
0.857506
0.796052
0.791243
0.835536
0.893941
0.96982
1.01235
0.919664
0.866732
0.8043
0.807467
0.831939
0.877326
0.986239
1.01458
0.925528
0.87541
0.875958
0.873886
0.856724
0.918374
1.0059
1.04308
0.965559
0.954144
0.949335
0.95129
0.947694
0.974003
1.00778
1.04183
0.975567
0.975841
0.980493
0.964894
0.982604
0.971775
1.02138
1.00043
0.948006
0.98233
0.991986
0.961024
0.972244
0.966341
1.00066
1.06185
1.01446
1.08491
1.06364
1.08456
1.06935
1.02764
1.112
1.25723
1.17768
1.21658
1.18374
1.17744
1.17095
1.14879
1.22662
1.12263
1.01747
1.02604
1.02052
1.02713
1.01056
1.01314
1.12385
1.16314
1.0475
1.02095
1.01048
0.985536
0.983855
1.02823
1.1285
1.15547
1.04977
0.996169
0.996091
0.955004
0.984558
1.04668
1.13358
1.13995
1.0355
1.03358
1.03018
1.04695
1.05117
1.03788
1.13264
1.13976
1.05801
1.01876
1.02912
1.05512
1.05051
1.04902
1.13256
1.09582
1.03729
1.06501
1.03256
1.03256
1.0604
1.02979
1.12158
1.20817
1.11568
1.09855
1.12694
1.13901
1.11994
1.1527
1.1724
0.984402
0.95215
0.937021
0.91552
0.896638
0.929007
0.944566
1.00688
0.932056
0.859734
0.811923
0.765481
0.800274
0.79355
0.845661
0.908991
0.922127
0.83577
0.793002
0.770719
0.788898
0.804808
0.83448
0.928655
0.92369
0.860399
0.783503
0.818608
0.818804
0.800508
0.861572
0.966067
0.941634
0.879359
0.830766
0.859969
0.868296
0.870641
0.903049
0.958327
0.979359
0.910907
0.894292
0.87154
0.875528
0.918296
0.934832
0.991009
0.970915
0.91423
0.925489
0.936708
0.913409
0.945192
0.962314
1.00305
1.0828
0.992377
1.05109
1.05821
1.05461
1.0459
1.01388
1.12217
1.20735
1.14609
1.1389
1.13436
1.16568
1.11271
1.11544
1.18186
1.06185
0.966615
0.988155
0.979163
0.992299
0.973886
0.982369
1.06427
1.05715
0.98319
0.971658
1.00625
0.943511
0.968061
0.979633
1.08202
1.05575
0.972674
0.969038
0.959617
0.962353
0.974785
1.00958
1.04472
1.05676
1.02213
1.03069
0.986669
1.00469
0.991869
1.01931
1.05903
1.06255
1.03827
1.00958
1.0068
1.03538
1.00039
0.998788
1.08417
1.06419
1.01986
0.990657
1.01392
1.00336
0.985809
1.01063
1.03632
1.14445
1.10371
1.07451
1.07623
1.08444
1.09523
1.07647
1.08894
1.11939
1.04887
1.0726
1.04922
1.0783
1.06431
1.03999
1.09484
1.01658
0.894762
0.878694
0.878225
0.899257
0.897928
0.919859
0.991947
1.01794
0.882799
0.848593
0.869742
0.860203
0.893432
0.917279
1.01935
0.99914
0.860555
0.830923
0.831431
0.852033
0.845348
0.918374
0.992377
0.995231
0.873925
0.870016
0.89441
0.90301
0.881626
0.93835
1.01048
1.01591
0.951407
0.908522
0.927365
0.956372
0.936435
0.94742
1.03428
1.02995
0.954418
0.947537
0.956255
0.966028
0.967045
0.966966
0.991595
1.10016
1.02318
1.02228
1.04249
1.03339
1.03256
1.01036
1.06708
1.12967
1.11618
1.10453
1.09163
1.0921
1.0767
1.08554
1.03964
1.07705
0.9638
0.962314
0.961767
0.993041
0.968804
0.930649
1.07557
1.10438
0.955004
0.959187
0.97498
0.961962
0.957623
0.976388
1.08225
1.07447
0.95301
0.929124
0.95903
0.921149
0.952502
0.95086
1.03812
1.08487
0.970524
0.976701
0.989601
0.981704
0.9819
0.96724
1.0654
1.09984
1.00258
0.99871
1.00414
1.01181
1.00418
0.984441
1.06271
1.06908
0.996521
1.02541
0.992846
1.026
1.00852
0.974042
1.06755
1.16036
1.0819
1.08624
1.10821
1.10207
1.09738
1.11044
1.13081
1.08174
1.10962
1.12588
1.14687
1.12889
1.13127
1.0966
1.05633
1.07944
0.962432
1.01102
1.00238
1.00407
1.00317
0.997146
1.07224
1.06157
0.99398
0.977091
1.01411
0.968178
1.00066
0.983815
1.08909
1.03944
0.94828
0.971423
0.959969
0.95821
0.955004
0.973808
1.06192
1.04101
0.988038
0.997576
1.00887
1.02998
1.0077
1.00121
1.09179
1.05371
1.01188
1.00102
1.0457
1.03698
1.03815
1.01239
1.11693
1.07514
0.972048
1.0172
1.02877
1.04945
1.04089
1.00899
1.0887
1.1407
1.07909
1.09719
1.11353
1.12565
1.11278
1.12326
1.14648
1.19851
1.07799
1.13241
1.11145
1.10758
1.069
1.07158
1.13428
1.08264
0.905864
0.915754
0.86681
0.901603
0.948514
0.950274
1.02459
1.06067
0.981431
0.882682
0.870211
0.852658
0.908131
0.922205
1.07619
1.0593
0.911767
0.941634
0.869429
0.906177
0.876036
0.935575
0.996873
1.06079
0.965012
0.91896
0.927795
0.94699
0.985379
0.989758
1.08941
1.12475
1.02584
0.934246
0.912392
0.937608
0.959304
1.01548
1.10121
1.09066
1.01544
0.983425
0.951173
0.986904
1.02091
1.01732
1.0896
1.18038
1.08331
1.09832
1.09265
1.09175
1.12795
1.12459
1.14144
1.13139
1.10618
1.10172
1.12088
1.09003
1.08663
1.09648
0.91896
1.10375
0.96896
0.983659
0.980766
0.982174
0.95645
0.985575
1.09464
1.14257
1.00954
0.974355
0.98491
0.956255
0.932056
0.997889
1.11048
1.08127
0.97283
0.96552
0.971306
0.944605
0.959226
1.01884
1.0912
1.13233
1.0147
0.994801
1.02279
1.02361
1.01388
0.990031
1.11575
1.14222
1.06208
1.00934
1.01517
1.04793
1.03284
1.01626
1.11736
1.1217
1.0559
1.05176
1.04519
1.07037
1.05422
1.04093
1.12119
1.26028
1.17279
1.19351
1.19863
1.19511
1.17627
1.18081
1.19672
1.05403
1.01751
1.02576
1.04695
1.03342
1.06001
1.04949
1.0923
0.990539
0.905082
0.877522
0.855356
0.868256
0.921618
0.916145
1.01325
0.977052
0.891673
0.860868
0.834246
0.861689
0.880688
0.92025
1.00567
0.949922
0.854965
0.806685
0.822674
0.854027
0.827952
0.896443
1.00872
0.957506
0.868843
0.840383
0.857545
0.871267
0.877287
0.914113
0.985457
0.960125
0.901955
0.888116
0.892103
0.895582
0.915442
0.914113
0.974941
0.920133
0.860281
0.903948
0.912353
0.894253
0.939054
0.885614
0.946677
0.985379
0.940579
0.98276
0.97846
0.985809
0.964738
0.946912
1.0577
1.06611
1.03812
1.04676
1.0561
1.02353
1.0405
0.982017
1.06013
1.00946
0.912823
0.921071
0.926544
0.944292
0.930063
0.914152
0.941986
0.985692
0.919468
0.933268
0.917905
0.946091
0.920563
0.904378
0.986435
0.98405
0.921618
0.92154
0.941986
0.946638
0.948397
0.926153
0.977991
1.04152
0.959695
0.965051
0.974081
0.999335
0.978069
0.971423
1.00872
1.03022
0.990735
0.972361
0.982017
0.984871
1.02213
1.00262
1.0165
1.01345
0.96767
0.998514
1.01775
1.01067
1.02021
1.01501
1.02283
1.01568
0.968413
1.02701
1.06701
1.07959
1.05211
1.02494
1.05571
0.814425
0.914152
0.92545
0.949922
0.934715
0.965012
0.950391
1.09797
1.06431
0.914464
0.914308
0.938937
0.93018
0.868061
0.895231
1.0785
1.11016
0.931001
0.885536
0.898202
0.852346
0.8586
0.915833
1.1267
1.06149
0.92283
0.886044
0.884285
0.848084
0.903987
0.943237
1.09167
1.10016
0.929242
0.926857
0.915285
0.931001
0.983894
0.934871
1.11306
1.08311
0.964152
0.948749
0.993081
1.00817
0.982017
0.950352
1.08432
1.06212
0.969156
0.996638
0.989484
1.00966
0.970797
0.926388
1.06966
1.15215
1.07244
1.06341
1.08651
1.08925
1.06161
1.09113
1.15141
1.16153
1.09937
1.09285
1.0724
1.07334
1.12197
1.10653
1.1631
1.07588
0.982955
0.961767
0.912549
0.931509
0.993745
0.989679
1.08116
1.05031
0.971267
0.932877
0.890813
0.924785
0.963683
0.961767
1.09488
1.01235
0.933112
0.891869
0.909656
0.930336
0.912275
0.961767
1.0853
1.04973
0.946873
0.940266
0.930649
0.966067
0.965129
0.979984
1.0679
1.04085
0.981314
0.954418
0.961845
0.958561
1.00829
0.991908
1.06173
1.05211
0.971188
1.00199
1.00582
0.982291
1.01181
1.00801
1.0767
1.10516
1.04652
1.09883
1.08514
1.08147
1.09081
1.03202
1.11943
1.11271
1.03221
1.00653
1.02205
1.02256
1.01138
1.00868
1.02091
1.03784
0.903088
0.924824
0.891048
0.898124
0.911493
0.936474
1.00387
1.04656
0.92932
0.882877
0.906372
0.854183
0.896286
0.920055
1.02197
1.00066
0.869664
0.869468
0.829398
0.852463
0.866028
0.91294
0.982525
1.02045
0.931861
0.923299
0.89355
0.90129
0.889601
0.928968
1.02928
1.01466
0.971892
0.928538
0.94785
0.9681
0.944214
0.923182
1.02029
1.00825
0.96208
0.954808
0.959812
0.967866
0.952541
0.94828
0.9862
1.06095
0.999335
1.01392
1.07494
1.05043
1.03385
1.02506
1.00629
1.16599
1.11157
1.10606
1.1045
1.11228
1.12127
1.09265
1.1622
1.06732
0.96122
0.983815
0.975645
0.9862
0.977795
0.983229
1.07705
1.02295
0.985848
0.954808
0.972283
0.943628
0.980649
0.959851
1.09461
0.993237
0.923847
0.928968
0.897772
0.929281
0.929046
0.968139
1.03819
0.860477
0.933464
0.954535
0.953049
0.975958
0.947498
0.978303
1.06388
0.813448
0.944762
0.954066
0.980923
0.989523
0.978225
0.961024
1.08127
0.963839
0.932682
0.964191
0.964543
0.988858
0.953284
0.961689
1.03714
1.06802
0.990696
0.996873
1.01075
1.00649
0.99871
1.00004
1.07213
1.06071
0.988389
1.0156
1.0251
1.03729
1.00743
1.00164
1.07146
0.916497
0.829359
0.861923
0.869195
0.881431
0.855278
0.827561
0.94441
0.967553
0.867396
0.806372
0.804339
0.789562
0.815833
0.880727
0.980727
0.964816
0.859734
0.78964
0.784558
0.753597
0.790383
0.888585
0.965324
0.982604
0.860516
0.810203
0.800782
0.803323
0.813643
0.849765
1
0.957154
0.865285
0.792572
0.800235
0.828147
0.80688
0.858561
0.97154
0.949844
0.854144
0.821736
0.844253
0.836787
0.831157
0.865794
0.978342
1.04695
0.970055
0.938233
0.949726
0.938741
0.941126
0.971775
1.0679
1.14605
1.12404
1.13585
1.13702
1.13436
1.11071
1.09445
1.18909
1.04238
1.00989
1.01849
1.01177
0.991321
0.975059
0.995934
1.03264
1.06188
1.02338
0.979476
0.992611
0.956059
0.939171
0.989328
1.03573
1.03839
1.01263
0.947576
0.955121
0.955708
0.910594
0.989171
1.05102
1.03964
1.00141
0.978968
0.962236
0.941478
0.948593
0.978538
1.04218
1.01603
0.964113
0.966966
0.957349
0.952737
0.953518
0.980571
1.05872
1.02701
0.943159
0.924707
0.972009
0.966067
1.01302
0.942729
1.03675
1.06431
1.01841
1.05348
1.07076
1.06892
1.05629
1.01376
1.12596
1.26732
1.19648
1.22217
1.20821
1.21411
1.23069
1.2317
1.33995
1.07537
1.01357
1.03593
1.02909
1.02361
1.03577
1.05575
1.13835
1.13163
1.05711
1.02608
1.05946
1.01063
1.02631
1.05575
1.14906
1.10395
1.07717
1.05301
1.05692
1.07009
1.02142
1.07088
1.14371
1.09781
1.07299
1.07361
1.0914
1.07435
1.06572
1.08483
1.17048
1.07486
1.04386
1.04726
1.0622
1.05004
1.03956
1.07428
1.15235
1.04019
1.0226
1.04073
1.07576
1.03507
1.05321
1.04144
1.12138
1.17115
1.10418
1.13088
1.12549
1.14695
1.14042
1.11271
1.21611
1.25532
1.16013
1.03073
0.978538
0.986317
1.08991
1.16368
1.28342
1.15524
1.04394
0.850195
0.782916
0.796169
0.901407
1.0369
1.11165
1.13643
0.987725
0.805903
0.794996
0.759539
0.808561
0.968804
1.10739
1.12705
0.968452
0.80559
0.784949
0.817279
0.829828
0.98964
1.11302
1.13667
1.04726
0.950547
0.921775
0.89699
0.977639
1.05841
1.12795
1.29066
1.05676
1.22412
1.0027
1.00485
1.00649
1.05977
1.15512
1.08659
1.02052
0.999414
1.01446
1.02807
1.04617
1.03597
1.10168
1.09324
1.0525
1.08378
1.08632
1.10168
1.13315
1.08432
1.13898
1.35813
1.28729
1.26697
1.2593
1.26943
1.26861
1.3088
1.36106
1.24644
1.14159
1.11685
1.06091
1.05129
1.09378
1.10254
1.21935
1.25614
1.11208
1.07447
0.995074
0.996482
1.05371
1.09719
1.24386
1.20997
1.14113
1.04296
1.03366
1.01024
1.04038
1.08382
1.20008
1.21419
1.12377
1.0767
1.01912
1.05117
1.05594
1.11904
1.22447
1.17662
1.10066
1.06888
1.02119
1.02983
1.07627
1.12048
1.20141
1.16654
1.04891
1.08256
1.04156
1.04734
1.04726
1.06607
1.1534
1.23319
1.15833
1.15188
1.18233
1.18909
1.14828
1.09687
1.27177
1.2231
1.14249
1.13421
1.11798
1.12174
1.12522
1.16087
1.22866
1.10524
1.00848
0.939289
0.878264
0.881431
0.904535
1.01916
1.08077
1.10274
0.984988
0.894683
0.835966
0.828577
0.833268
0.978733
1.04054
1.08534
0.978929
0.879633
0.838507
0.816028
0.810321
0.931861
1.05414
1.07717
0.989249
0.916185
0.903049
0.865715
0.868452
0.968765
1.07365
1.07772
1.03374
0.954691
0.934206
0.918022
0.910985
0.97846
1.10821
1.06923
1.00786
0.974707
0.965481
0.957701
0.965012
1.01736
1.11341
1.1484
1.04171
1.0898
1.09042
1.11618
1.11259
1.02478
1.13307
1.35884
1.27955
1.2794
1.27389
1.29285
1.29183
1.26849
1.35164
1.18608
1.08984
1.08667
1.09863
1.10551
1.10403
1.09171
1.1683
1.19433
1.08784
1.10661
1.03362
1.13382
1.08139
1.08862
1.19304
1.18186
1.07729
1.06466
1.05465
1.05606
1.07834
1.08151
1.19183
1.12748
1.11149
1.09191
1.07568
1.06212
1.07498
1.13855
1.18311
1.14124
1.0984
1.06443
1.06325
1.12349
1.09371
1.12017
1.17072
1.13976
1.04203
1.05493
1.04578
1.05309
1.05516
1.07697
1.1493
1.12416
1.05418
1.09355
1.08839
1.12592
1.10051
1.09629
1.16368
1.27541
1.19011
1.15809
1.07737
1.04058
1.13671
1.13401
1.19937
1.16888
1.08561
1.01071
0.955981
0.944175
0.959969
1.01841
1.11353
1.17103
1.08573
1.04652
0.940539
0.925489
0.940539
0.980297
1.10504
1.15074
1.05555
0.995192
0.96681
0.922205
0.972987
0.9776
1.10141
1.08503
1.05653
1.03675
0.986278
0.968921
1.00684
1.06646
1.10023
1.09429
1.03495
0.977834
1.00094
0.99136
1.03706
1.069
1.13393
1.1009
1.00547
0.950156
0.991204
1.01192
1.0088
1.00762
1.0679
1.15137
1.05023
1.08268
1.11857
1.13499
1.10176
1.06978
1.1545
1.22522
1.20348
1.20692
1.20715
1.22482
1.20317
1.18194
1.22248
1.13542
1.09343
1.05829
1.0466
1.04218
1.05223
1.01591
1.11497
1.11384
1.04558
1.04273
1.0183
1.00446
1.04046
1.01724
1.14926
1.1041
1.03428
0.996403
0.99527
0.962314
0.985027
1.02404
1.10868
1.10231
1.04011
1.02021
1.00555
1.01016
1.01149
1.04472
1.12991
1.07533
1.02842
1.01075
1.01306
0.992729
1.01013
1.04113
1.14636
1.07154
0.974159
1.00743
1.00399
1.00841
1.0016
0.994879
1.04977
1.0853
1.0337
1.02776
1.0758
1.10672
1.06908
1.03585
1.15317
1.255
1.19183
1.14093
1.10942
1.10567
1.114
1.12084
1.23436
1.15735
1.06321
1.00962
0.915833
0.925841
0.974824
1.03026
1.16552
1.18143
1.03628
1.00066
0.909539
0.900625
0.948397
0.98921
1.13933
1.14105
1.01857
0.949726
0.918843
0.885027
0.950039
0.981744
1.10559
1.16431
1.0597
1.00919
0.947381
0.942416
0.979906
1.05786
1.10332
1.13741
1.06001
1.00004
0.987021
0.951407
1.02799
1.08096
1.17412
1.1174
1.03077
1.00899
0.984558
1.0174
0.993315
1.03135
1.09836
1.14246
1.05172
1.08409
1.11497
1.12768
1.10102
1.08761
1.19934
1.226
1.12451
1.10837
1.02334
1.04175
1.10031
1.09085
1.18358
1.0622
1.00254
0.963878
0.796364
0.80344
0.959539
0.970055
1.1129
1.14871
1.00375
0.928929
0.789836
0.790657
0.936239
0.978577
1.114
1.12533
0.92932
0.838468
0.842729
0.835106
0.880844
0.935066
1.11622
1.10762
0.962979
0.90778
0.871306
0.893041
0.902854
1.01067
1.08745
1.13448
1.02854
0.972869
0.909656
0.920055
1.02799
1.05207
1.1597
1.14328
1.03378
1.01962
0.975215
0.983112
0.999961
1.00872
1.14265
1.19093
1.11095
1.13847
1.13561
1.14246
1.11169
1.09836
1.19695
1.18342
1.08139
1.06869
1.06134
1.08479
1.07287
1.10567
1.11294
1.09292
0.95387
0.903557
0.870797
0.864934
0.905238
0.932525
1.03108
1.07158
0.909226
0.852463
0.810868
0.836552
0.858053
0.893823
1.04371
1.06634
0.936591
0.849375
0.876779
0.840696
0.858366
0.93147
1.07349
1.06728
0.960203
0.916458
0.893901
0.887881
0.905043
0.980805
1.0862
1.04292
0.975098
0.916575
0.913096
0.904848
0.948202
1.00141
1.0688
1.01982
0.954691
0.973769
0.95645
0.965911
0.961923
0.99957
1.0043
1.01192
0.980727
0.989523
1.01482
1.04378
1.01728
1.00872
1.04996
1.25973
1.17924
1.20121
1.2016
1.18401
1.1708
1.19953
1.26626
1.09625
1.00625
1.0301
1.02291
1.00199
1.02967
0.993002
1.14058
1.12733
1.00141
1.01157
1.0179
0.992963
0.961611
1.00063
1.14539
1.07752
0.983503
0.966419
0.958796
0.954027
0.970055
0.971071
1.09699
1.06224
0.96079
0.971306
0.967866
0.936591
0.957232
0.984011
1.10418
1.04312
0.949296
0.977248
0.972713
0.971228
0.962353
0.97412
1.10868
1.04625
0.910711
0.960086
1.00891
1.00129
0.985145
0.926192
1.06489
1.07174
0.967005
1.01497
1.04644
1.0525
1.03933
0.974394
1.07995
0.923808
0.955903
0.976544
0.995192
0.978968
0.953518
0.901329
0.826114
0.915989
0.891947
0.901798
0.8862
0.870446
0.880414
0.829476
0.822048
0.946677
0.922439
0.846716
0.856177
0.836708
0.807623
0.83233
0.825997
0.962588
0.930258
0.876701
0.852189
0.819312
0.817045
0.856216
0.885145
0.951016
0.919625
0.866497
0.840539
0.795348
0.830493
0.902346
0.927248
0.935418
0.916067
0.87674
0.854418
0.826466
0.841282
0.883229
0.920485
0.93405
0.89699
0.893901
0.889953
0.884441
0.88448
0.866028
0.932017
0.988741
0.959617
0.981978
0.984206
0.968491
0.988507
0.929593
0.981353
1.27467
1.21298
1.20055
1.20473
1.20512
1.20274
1.19535
1.21697
1.17776
1.05711
1.10137
1.06536
1.0414
1.08632
1.0527
1.16095
1.18948
1.02459
1.0853
1.03139
1.03038
1.07416
1.03624
1.18366
1.15321
1.03698
1.01466
1.03741
0.979633
1.0016
1.00332
1.13311
1.13014
1.01591
1.03655
1.00579
1.02107
1.01106
1.01192
1.10946
1.07752
1.00758
0.99136
1.00524
0.999179
1.01618
1.01892
1.10152
1.06001
0.950625
0.988819
0.984519
1.01251
0.976779
0.974707
1.03299
1.13628
1.04597
1.04347
1.07389
1.07905
1.05786
1.03104
1.13018
1.18612
1.15899
1.18346
1.15223
1.15352
1.16251
1.14769
1.20547
1.04977
1.01493
1.05266
0.973886
0.957975
0.997694
0.997068
1.06505
1.05559
1.01853
1.01317
0.966849
0.893081
0.944683
0.965911
1.02584
1.03053
1.01505
0.97541
0.954887
0.944722
0.926544
0.95821
1.00328
1.01759
0.991517
0.970328
0.97326
0.949609
0.968804
0.968452
1.01751
0.956763
0.924159
0.95645
0.948358
0.959265
0.916536
0.959226
0.985653
0.930766
0.882252
0.913526
0.918804
0.88233
0.911142
0.909382
0.920289
0.817866
0.841282
0.854339
0.852346
0.84828
0.885457
0.860672
0.879281
1.2588
1.21513
1.26345
1.19429
1.19339
1.19988
1.17787
1.25
1.14089
1.10684
1.02459
1.01974
1.02518
1.04363
1.06818
1.13385
1.1552
1.05207
1.02432
0.976896
0.975371
1.02158
1.0482
1.13847
1.11728
1.02991
0.992651
0.974316
0.947694
0.98319
1.03522
1.12553
1.09304
1.06138
1.0493
0.998319
1.01579
1.02486
1.09398
1.11837
1.07635
1.03718
1.03722
1.02963
0.991556
1.0387
1.06228
1.13608
1.01579
0.993784
1.01388
0.99269
1.02134
0.989601
0.999296
1.05977
0.989719
0.999062
1.01689
1.03217
1.04343
1.00747
0.986122
1.07213
1.26439
1.21259
1.16767
1.13362
1.13468
1.1319
1.14754
1.19152
1.15895
1.04339
0.96939
0.934597
0.942181
0.921384
0.972713
1.08878
1.16431
0.96165
0.951603
0.888663
0.891595
0.905238
0.930766
1.08514
1.12561
0.937373
0.878577
0.863448
0.829359
0.867787
0.891009
1.05758
1.11411
0.961376
0.927365
0.904339
0.881001
0.882955
0.94441
1.05606
1.13315
0.988898
0.955864
0.944332
0.90731
0.923143
0.94957
1.08647
1.09754
0.951173
0.94527
0.917318
0.919742
0.906059
0.915442
1.02529
1.05367
0.983503
1.00043
1.01149
1.03241
0.997459
0.979437
1.05524
1.15676
1.13878
1.10496
1.07424
1.10172
1.095
1.10778
1.12189
1.081
0.980493
0.970524
0.944527
0.945387
0.958991
0.961102
1.09042
1.09167
0.950039
0.952893
0.87545
0.888585
0.922869
0.937764
1.0932
1.04535
0.931431
0.859891
0.877952
0.850391
0.885457
0.927639
1.06435
1.05152
0.949296
0.927091
0.88319
0.885887
0.907897
0.972009
1.07322
1.05203
0.981314
0.904613
0.901564
0.897928
0.955473
0.987529
1.07439
1.12447
1.00008
0.927365
0.926779
0.943589
0.935887
0.946951
1.03522
1.04073
0.968139
0.949531
0.961611
0.984206
0.951016
0.939875
1.03987
0
0
0
0
0
0
0
0
0
0
0
0
0
0
0
0
0
0
0
0
0
0
0
0
0
0
0
0
0
0
0
0
0
0
0
0
0
0
0
0
0
0
0
0
0
0
0
0
0
0
0
0
0
0
0
0
0
0
0
0
0
0
0
0
0
0
0
0
0
0
0
0
0
0
0
0
0
0
0
0
0
0
0
0
0
0
0
0
0
0
0
0
0
0
0
0
0
0
0
0
0
0
0
0
0
0
0
0
0
0
0
0
0
0
0
0
0
0
0
0
0
0
0
0
0
0
0
0
0
0
0
0
0
0
0
0
0
0
0
0
0
0
0
0
0
0
0
0
0
0
0
0
0
0
0
0
0
0
0
0
0
0
0
0
0
0
0
0
0
0
0
0
0
0
0
0
0
0
0
0
0
0
0
0
0
0
0
0
0
0
0
0
0
0
0
0
0
0
0
0
0
0
0
0
0
0
0
0
0
0
0
0
0
0
0
0
0
0
0
0
0
0
0
0
0
0
0
0
0
0
0
0
0
0
0
0
0
0
0
0
0
0
0
0
0
0
0
0
0
0
0
0
0
0
0
0
0
0
0
0
0
0
0
0
0
0
0
0
0
0
0
0
0
0
0
0
0
0
0
0
0
0
0
0
0
0
0
0
0
0
0
0
0
0
0
0
0
0
0
0
0
0
0
0
0
0
0
0
0
0
0
0
0
0
0
0
0
0
0
0
0
0
0
0
0
0
0
0
0
0
0
0
0
0
0
0
0
0
0
0
0
0
0
0
0
0
0
0
0
0
0
0
0
0
0
0
0
0
0
0
0
0
0
0
0
0
0
0
0
0
0
0
0
0
0
0
0
0
0
0
0
0
0
0
0
0
0
0
0
0
0
0
0
0
0
0
0
0
0
0
0
0
0
0
0
0
0
0
0
0
0
0
0
0
0
0
0
0
0
0
0
0
0
0
0
0
0
0
0
0
0
0
0
0
0
0
0
0
0
0
0
0
0
0
0
0
0
0
1.24969
1.21818
1.20602
1.23577
1.24437
1.23554
1.23276
1.29965
1.13358
1.05579
1.074
1.0545
1.0509
1.08053
1.07682
1.19097
1.13382
1.04351
1.06458
1.07428
1.06579
1.07713
1.09461
1.19351
1.11251
1.0423
1.0154
1.04089
1.03092
1.00848
1.02217
1.13206
1.11525
1.03874
1.03034
1.01986
1.00539
1.0224
1.14136
1.13741
1.07467
1.00915
1.00508
1.02998
1.03479
1.02303
1.09605
1.12635
1.05332
0.972361
1.00426
1.02995
1.02091
1.03675
1.02318
1.10645
1.09367
1.02228
1.07647
1.09335
1.09992
1.09816
1.07807
1.12502
1.24597
1.1801
1.14328
1.11102
1.11353
1.12263
1.13569
1.19539
1.06478
1.01599
0.950313
0.916693
0.899375
0.901681
0.995152
1.08315
1.03061
0.958249
0.912275
0.860594
0.852658
0.881079
0.949101
1.07936
1.03448
0.930727
0.904574
0.894683
0.863135
0.846208
0.904378
1.02482
1.06102
0.946794
0.908913
0.89828
0.884167
0.896286
0.945543
1.0423
1.03092
0.957271
0.932525
0.936865
0.906568
0.92846
0.963096
1.09308
1.0274
0.962979
0.979789
0.927365
0.941986
0.962275
0.990891
1.06122
1.05555
0.978694
1.02111
0.99179
0.997068
1.00622
0.978499
1.09902
1.19965
1.11349
1.10817
1.04945
1.06298
1.09953
1.08792
1.17987
1.04394
0.977717
0.970172
0.774785
0.794644
0.953127
0.957662
1.05598
1.05129
0.98018
0.920758
0.769351
0.79226
0.952111
0.964621
1.06794
1.00887
0.858483
0.786161
0.758288
0.777561
0.796755
0.861806
0.998944
1.03698
0.871618
0.792416
0.796677
0.797107
0.843432
0.909617
1.01454
0.997654
0.933229
0.918217
0.875528
0.85993
0.939601
0.932408
1.05336
0.957623
0.929828
0.953948
0.908444
0.906685
0.954652
0.936552
0.955629
0.952815
0.924042
1.00254
1.00559
0.980297
0.983933
0.905668
0.963683
0.8543
1.00884
0.988428
1.00977
0.957701
0.978851
0.966693
0.819859
0.995348
0.917748
0.869586
0.8319
0.832565
0.831665
0.900899
1.00227
0.990149
0.887764
0.829828
0.827052
0.815168
0.818647
0.872518
0.990031
0.977795
0.878342
0.811806
0.83577
0.829593
0.788819
0.841517
0.955434
0.98964
0.886826
0.8595
0.832408
0.833503
0.810399
0.872987
0.964113
0.966145
0.913096
0.848514
0.84179
0.842455
0.850078
0.89656
1.01337
0.952111
0.902424
0.879437
0.863253
0.864973
0.900508
0.926505
1.01278
1.05043
0.979867
0.992494
1.00055
1.00911
1.02533
0.976036
1.0733
0.941556
1.04977
1.04977
1.07604
1.07021
1.07912
1.11916
1.22443
1.07115
0.946521
0.987725
1.01247
1.04457
1.00606
0.985614
1.11712
1.05715
0.955082
0.974316
1.01317
1.01747
1.01001
0.989328
1.09996
1.02115
0.91509
0.941321
0.927756
0.935301
0.940422
0.895152
1.05133
1.04394
0.921658
0.964738
0.929945
0.945739
0.931626
0.889679
1.05856
1.00481
0.910829
0.918217
0.96079
0.969351
0.942181
0.930923
1.036
0.955629
0.869898
0.903714
0.95731
0.933698
0.926114
0.891986
1.02725
0.9862
0.900547
0.956607
0.986357
0.986708
0.987608
0.940266
1.014
1.15
1.09652
1.11732
1.13847
1.14562
1.15465
1.1002
1.19515
1.03385
0.964855
0.978577
0.985692
0.972166
0.939249
0.931744
1.05324
1.02627
0.974746
0.962197
0.969351
0.932565
0.95731
0.957115
1.07772
1.05023
0.976544
0.942807
0.935692
0.948358
0.957349
0.956255
1.05966
1.05047
1.00098
0.945387
0.95344
0.924902
0.947576
0.957701
1.06458
1.0439
0.938663
0.961845
0.924277
0.959421
0.928108
0.956294
1.04175
0.964504
0.896951
0.916966
0.941712
0.913331
0.921775
0.924629
1.02432
0.990813
0.976153
0.999883
1.04375
1.04644
1.02154
0.986122
1.0224
1.10923
1.14777
1.14375
1.15231
1.14562
1.15582
1.15039
1.20035
1.08593
1.0412
1.02326
0.968374
0.958561
0.983972
1.01603
1.08733
1.10254
1.0285
0.977287
0.955786
0.958718
0.961923
1.00238
1.08784
1.07635
0.976935
0.919038
0.913018
0.917475
0.912588
0.944644
1.04875
1.07342
0.959226
0.937998
0.922439
0.922596
0.940305
0.965129
1.04312
1.03769
0.969429
0.968139
0.959265
0.964034
0.96079
0.973417
1.06478
1.01505
0.939445
0.965794
0.956411
0.956763
0.97975
0.951212
1.01048
1.03898
0.975567
1.02846
1.04128
1.03389
1.04073
0.997576
1.03084
1.23518
1.17893
1.16497
1.17162
1.18745
1.20723
1.17123
1.2498
1.10317
1.00457
1.00344
0.934206
0.977091
1.01255
1.00813
1.11916
1.09081
0.995152
0.98534
0.928186
0.948593
1.00364
0.994722
1.10203
1.0455
0.955238
0.959773
0.948045
0.95778
0.967318
0.943745
1.06231
1.03413
0.962744
0.955199
0.967787
0.963448
0.987373
0.97588
1.06185
1.01239
0.88448
0.938663
0.939406
0.958835
0.931548
0.948319
1.01841
0.955864
0.882995
0.894605
0.904222
0.907232
0.921188
0.924316
0.99093
0.930571
0.888272
0.929593
0.936708
0.941947
0.940149
0.922791
0.956216
1.21896
1.18428
1.15164
1.1525
1.14855
1.12823
1.15696
1.18882
1.07349
0.994957
0.978147
0.947928
0.959851
0.942572
0.987295
1.08397
1.0656
0.985614
0.926388
0.911102
0.910672
0.919742
0.960203
1.10387
1.06435
0.96251
0.882408
0.869195
0.860008
0.855199
0.914113
1.02248
1.03448
0.963487
0.918843
0.868921
0.867553
0.867709
0.952346
1.0172
1.0156
0.974863
0.939054
0.930727
0.903518
0.918217
0.934715
1.04586
0.990344
0.933737
0.934949
0.907819
0.917123
0.937725
0.914191
0.998593
0.977326
0.954926
0.966067
0.990266
0.985809
0.952424
0.930297
0.981744
1.21974
1.18354
1.17056
1.17733
1.17549
1.16497
1.17791
1.25035
1.09406
1.01517
0.971618
0.970719
0.965012
0.974042
1.00129
1.08675
1.09425
1.00684
0.891321
0.881626
0.889289
0.917475
0.995231
1.08518
1.0722
0.986513
0.88792
0.871501
0.859851
0.862705
0.950665
1.02009
1.07901
0.973925
0.901603
0.899922
0.873925
0.907037
0.9681
1.02713
1.0285
0.961415
0.900977
0.922752
0.890149
0.910008
0.950977
1.03694
1.01845
0.941673
0.905747
0.901486
0.951173
0.915676
0.919625
1.00227
0.994253
0.943315
0.927326
0.941126
0.930688
0.915129
0.886278
0.913331
1.17435
1.14695
1.10023
1.10743
1.12666
1.0993
1.14277
1.09058
1.11216
0.998944
0.918882
0.923026
0.943511
0.935809
1.00137
1.10125
1.08135
0.955512
0.909343
0.900117
0.899335
0.916966
0.964894
1.09941
1.06403
0.936278
0.861102
0.843002
0.851368
0.862588
0.926857
1.04097
1.09015
0.955473
0.893041
0.888272
0.860516
0.883503
0.958913
1.06482
1.05367
0.94957
0.925762
0.91294
0.886747
0.9181
0.962275
1.11165
1.04363
0.96466
0.94097
0.929633
0.944292
0.953362
0.989601
1.06396
1.05192
1.0102
1.03061
1.04683
1.03898
1.02901
1.00594
1.11056
