0
0
0
0
0
0
0
0
0
0
0
0
0
0
0
0
0
0
0
0
0
0
0
0
0
0
0
0
0
0
0
0
0
0
0
0
0
0
0
0
0
0
0
0
0
0
0
0
0
0
0
0
0
0
0
0
0
0
0
0
0
0
0
0
0
0
0
0
0
0
0
0
0
0
0
0
0
0
0
0
0
0
0
0
0
0
0
0
0
0
0
0
0
0
0
0
0
0
0
0
0
0
0
0
0
0
0
0
0
0
0
0
0
0
0
0
0
0
0
0
0
0
0
0
0
0
0
0
0
0
0
0
0
0
0
0
0
0
0
0
0
0
0
0
0
0
0
0
0
0
0
0
0
0
0
0
0
0
0
0
0
0
0
0
0
0
0
0
0
0
0
0
0
0
0
0
0
0
0
0
0
0
0
0
0
0
0
0
0
0
0
0
0
0
0
0
0
0
0
0
0
0
0
0
0
0
0
0
0
0
0
0
0
0
0
0
0
0
0
0
0
0
0
0
0
0
0
0
0
0
0
0
0
0
0
0
0
0
0
0
0
0
0
0
0
0
0
0
0
0
0
0
0
0
0
0
0
0
0
0
0
0
0
0
0
0
0
0
0
0
0
0
0
0
0
0
0
0
0
0
0
0
0
0
0
0
0
0
0
0
0
0
0
0
0
0
0
0
0
0
0
0
0
0
0
0
0
0
0
0
0
0
0
0
0
0
0
0
0
0
0
0
0
0
0
0
0
0
0
0
0
0
0
0
0
0
0
0
0
0
0
0
0
0
0
0
0
0
0
0
0
0
0
0
0
0
0
0
0
0
0
0
0
0
0
0
0
0
0
0
0
0
0
0
0
0
0
0
0
0
0
0
0
0
0
0
0
0
0
0
0
0
0
0
0
0
0
0
0
0
0
0
0
0
0
0
0
0
0
0
0
0
0
0
0
0
0
0
0
0
0
0
0
0
0
0
0
0
0
0
0
0
0
0
0
0
0
0
0
0
0
0
0
0
0
0
0
0
0
0
0
0
0
0
0
0
0
0
0
0
0
0
0
0
0
0
0
0
0
0
0
0
0
0
0
0
0
0
0
0
0
0
0
0
0
0
0
0
0
0
0
0
0
0
0
0
0
0
0
0
0
0
0
0
0
0
0
0
0
0
0
0
0
0
0
0
0
0
0
0
0
0
0
0
0
0
0
0
0
0
0
0
0
0
0
0
0
0
0
0
0
0
0
0
0
0
0
0
0
0
0
0
0
0
0
0
0
0
0
0
0
0
0
0
0
0
0
0
0
0
0
0
0
0
0
0
0
0
0
0
0
0
0
0
0
0
0
0
0
0
0
0
0
0
0
0
0
0
0
0
0
0
0
0
0
0
0
0
0
0
0
0
0
0
0
0
0
0
0
0
0
0
0
0
0
0
0
0
0
0
0
0
0
0
0
0
0
0
0
0
0
0
0
0
0
0
0
0
0
0
0
0
0
0
0
0
0
0
0
0
0
0
0
0
0
0
0
0
0
0
0
0
0
0
0
0
0
0
0
0
0
0
0
0
0
0
0
0
0
0
0
0
0
0
0
0
0
0
0
0
0
0
0
0
1.10496
1.0163
1.07455
1.05837
1.06572
1.0559
1.0181
1.05
1.00356
0.942963
0.985496
0.936357
0.925332
0.956333
0.952697
0.95731
1.03565
0.987725
0.950391
0.924081
0.906372
0.919273
0.960438
0.998124
1.04472
0.984754
0.915872
0.878694
0.882017
0.930688
1.00727
1.02842
1.04953
0.960907
0.889171
0.888468
0.916575
0.935106
0.990109
1.05786
1.06876
1.00676
0.955551
0.912588
0.909421
0.963448
1.00622
1.05262
1.07928
1.01532
0.964191
0.952776
0.960164
1.00399
1.00985
1.0543
1.13968
1.10536
1.15414
1.14015
1.16493
1.11935
1.11224
1.14226
1.05238
1.00598
1.04644
1.05797
1.04644
1.03538
0.993393
1.04476
1.00051
0.954887
0.961572
0.936239
0.937412
0.944918
0.942064
0.987256
1.02842
1.00031
0.935106
0.911611
0.904613
0.938858
0.991947
1.0163
1.0269
0.979906
0.910047
0.889367
0.902463
0.949414
0.974003
1.03577
1.01032
0.961845
0.897733
0.898006
0.893041
0.916966
0.982174
1.04363
1.0663
1.00438
0.942807
0.918217
0.938155
0.996716
1.005
1.04601
1.03124
0.999648
0.967357
0.961181
0.971618
0.984676
0.988663
1.03385
1.20188
1.09531
1.13581
1.15766
1.17537
1.12588
1.14242
1.1907
1.00848
0.961181
0.996443
1.03503
1.02885
1.01407
0.973299
1.04504
1.02353
0.957584
0.984206
0.995856
0.97588
0.960203
0.939289
1.01216
1.09296
1.01169
1.02263
0.998124
1.0292
1.00469
0.987686
1.05899
1.12795
1.06665
1.03929
1.02756
1.0303
1.03612
1.05594
1.1697
1.13565
1.07283
1.0258
1.05973
1.04359
1.04421
1.08045
1.15856
1.18565
1.0941
1.08995
1.06181
1.06548
1.06032
1.07725
1.16208
1.14945
1.05489
1.08765
1.08835
1.09113
1.07869
1.08002
1.19582
1.28335
1.21572
1.23256
1.26216
1.24445
1.22498
1.20985
1.314
0.827052
0.834246
0.8
0.880571
0.898475
0.889328
0.830414
0.856646
0.917631
0.835887
0.830571
0.841556
0.851759
0.795113
0.804339
0.853636
0.951916
0.937256
0.851056
0.871384
0.860477
0.849883
0.884949
0.924863
0.982643
0.957701
0.875919
0.879476
0.880532
0.861102
0.953987
1.01994
1.01388
0.941478
0.883855
0.871931
0.874668
0.866341
0.954339
1.00536
0.997654
0.980453
0.911728
0.935301
0.930258
0.895739
0.959461
1.00442
0.994957
0.945817
0.895426
0.955512
0.949062
0.925762
0.934793
1.00285
0.968608
1.00801
1.03147
1.03315
1.03933
1.00547
0.956568
0.821892
1.03167
1.01126
1.0086
1.02881
0.988585
0.966615
0.928342
0.979163
0.997576
0.914973
0.933503
0.91552
0.908874
0.87932
0.842025
0.921423
1.03632
0.969312
0.93448
0.963565
0.907037
0.919273
0.918335
0.954769
1.04554
0.992142
0.98061
0.956099
0.997381
0.965637
0.979398
0.99914
1.0577
0.979984
0.974746
0.974472
0.955708
0.964855
0.977912
0.995309
1.11056
1.03511
1.01564
0.989992
1.02408
0.987842
0.977013
1.03855
1.09891
1.01661
1.01544
1.01536
0.997615
1.01239
0.973417
1.05313
1.1869
1.10422
1.17095
1.15579
1.13999
1.11231
1.02756
1.01661
1.06454
0.99398
1.00199
0.975215
0.958991
0.946951
0.921579
0.973612
1.03167
0.962275
0.95301
0.903557
0.897654
0.869664
0.898671
0.938741
1.05629
0.976075
0.920055
0.904144
0.876192
0.885887
0.930023
1.05579
1.04124
0.949922
0.914464
0.853049
0.885184
0.866732
0.914504
0.989875
1.04175
0.947185
0.905082
0.852776
0.835848
0.832955
0.862783
0.959539
1.06697
0.977834
0.908718
0.829593
0.806059
0.82889
0.902619
1.00176
1.10102
0.996912
0.922674
0.884402
0.847146
0.894449
0.940422
1.02572
1.24187
1.14007
1.15184
1.11509
1.07209
1.07803
1.09676
1.11411
1.11349
1.07432
1.09965
1.08256
1.09296
1.09269
1.06568
1.14797
1.1061
1.00625
1.04109
1.0292
1.0457
1.02091
1.01669
1.09703
1.13554
1.07299
1.06869
1.04726
1.03909
1.04073
1.05199
1.11005
1.13026
1.05524
1.03038
1.08385
1.02592
1.05457
1.1016
1.15708
1.15082
1.03409
1.00512
1.02123
1.0086
1.02459
1.07217
1.15567
1.1774
1.0817
1.07045
1.04683
1.05715
1.07029
1.07201
1.17134
1.1984
1.08815
1.07701
1.05176
1.03268
1.09375
1.06826
1.1898
1.33264
1.24109
1.25043
1.24124
1.23776
1.2346
1.24367
1.32733
1.19363
1.07146
1.10371
1.09875
1.09949
1.05219
1.08307
1.15285
1.07134
1.00813
1.00473
0.998397
0.986396
1.02776
0.987647
1.08616
1.09519
1.0679
0.995426
0.914034
0.945817
0.983776
1.01724
1.07224
1.07791
1.01771
0.925332
0.886552
0.87975
0.946482
1.02568
1.03987
1.06095
0.977365
0.893237
0.820524
0.857936
0.905512
1.00868
1.07146
1.11099
0.977209
0.923964
0.869077
0.864738
0.957115
1.03151
1.11876
1.08507
0.997576
0.979163
0.9543
0.971071
1.01435
0.992533
1.08284
1.13194
1.11407
1.1355
1.13722
1.11165
1.11845
1.10317
1.131
1.21118
1.09574
1.13382
1.1774
1.18186
1.12342
1.12525
1.20324
1.05336
1.04652
0.970016
1.0068
1.00047
1.01286
1.03034
1.08667
1.17021
1.08256
0.983151
0.948006
0.962588
0.994371
1.06102
1.09144
1.09762
1.08479
0.973612
0.950352
0.929476
0.981431
1.06486
1.12396
1.08253
1.06575
0.956919
0.894566
0.931392
0.956177
1.05414
1.12056
1.1061
1.12373
0.960672
0.945856
0.934402
0.998554
1.05903
1.11564
1.06978
1.02181
0.973495
0.964621
0.982213
1.04464
1.05301
1.10715
1.20074
1.14734
1.15884
1.21224
1.18655
1.20235
1.15512
1.2294
1.12576
1.00633
1.03186
1.03851
1.02795
0.963565
0.910711
1.01521
1.00344
0.954926
0.948984
0.947694
0.931939
0.956919
0.906372
0.984988
1.0817
1.00907
0.950938
0.907115
0.907349
0.929515
0.952189
0.998124
1.10551
0.985731
0.930414
0.896716
0.907897
0.926935
0.954144
1.03956
1.08518
0.930805
0.90473
0.867631
0.896482
0.889875
0.97459
1.03249
1.1018
0.93792
0.905473
0.877952
0.881509
0.927756
0.973651
1.08757
1.08827
0.958718
0.954105
0.895504
0.915833
0.973573
0.989015
1.08882
1.21724
1.16032
1.14965
1.11521
1.11704
1.12658
1.14605
1.22623
1.13511
1.10188
1.12838
1.08534
1.09101
1.10301
1.06966
1.1163
1.14922
1.04332
0.98362
0.969116
0.968726
0.989093
1.00215
1.05833
1.15751
1.03585
0.936044
0.916849
0.913018
0.93706
0.992377
1.08135
1.10563
0.985262
0.932799
0.896443
0.934636
0.944058
1.00172
1.04562
1.08827
0.959343
0.89269
0.906841
0.885887
0.914699
1.00446
1.0638
1.09539
1.01532
0.917905
0.867826
0.895113
0.935575
1.0025
1.08432
1.11419
1.01251
0.992494
0.953206
0.979242
1.00481
0.996833
1.07654
1.20946
1.1457
1.14504
1.1165
1.1301
1.11982
1.11658
1.16466
1.24922
1.10192
1.12639
1.13815
1.14332
1.11239
1.14785
1.1846
1.14175
1.0631
1.0423
1.03675
1.02064
1.05391
1.06446
1.14328
1.16693
1.12287
1.05027
1.02357
1.00688
1.04179
1.05864
1.13987
1.17498
1.10841
1.05043
1.02185
1.0197
1.04812
1.06665
1.14382
1.16935
1.05305
1.03604
0.969781
0.99527
1.03421
1.07631
1.14453
1.18769
1.07975
1.05293
1.03999
1.00066
1.06458
1.08858
1.16122
1.18053
1.0597
1.08385
1.04195
1.05575
1.10715
1.10434
1.17901
1.28948
1.19605
1.20723
1.2027
1.18659
1.22975
1.20317
1.28468
1.06095
1.02783
1.0654
1.05688
1.03581
1.02361
0.995152
0.983972
1.06239
0.977326
0.993354
0.974941
0.953167
0.979203
0.980766
1.02737
1.10946
1.02428
0.971384
0.967905
0.932056
0.982486
1.01368
1.08745
1.08444
1.02072
0.928694
0.894253
0.943471
0.944566
1.0355
1.08432
1.05231
1.00371
0.887177
0.916615
0.887647
0.916536
1.03894
1.09754
1.08366
1.01173
0.939328
0.891282
0.932877
0.944683
1.0294
1.11454
1.07052
1.03163
0.987998
0.994136
0.969312
1.03124
1.02068
1.08667
1.16919
1.15227
1.16278
1.12662
1.15536
1.16974
1.14496
1.15563
1.01126
0.983464
1.01247
0.981548
0.988389
0.986865
0.967435
1.00496
1.0475
0.933034
0.93663
0.919312
0.919937
0.945074
0.93835
1.00344
1.04816
0.953049
0.899883
0.890852
0.91509
0.940891
0.962627
1.03022
1.02443
0.945426
0.892651
0.868647
0.929359
0.940422
0.988898
1.01403
1.02549
0.914934
0.862744
0.929398
0.895661
0.933776
0.98534
1.03272
1.04273
0.966458
0.925958
0.87412
0.911689
0.965285
1.00438
1.06513
1.0278
0.977287
0.954848
0.94093
0.972127
1.01368
0.978147
1.05719
1.14015
1.107
1.12537
1.10813
1.13069
1.14633
1.13683
1.16032
1.16927
1.1122
1.09539
1.06693
1.08104
1.0688
1.04144
1.14136
1.10895
1.0317
0.991556
0.970172
0.99179
0.981196
0.987842
1.09093
1.10946
1.02807
0.952893
0.958288
0.954887
0.962744
1.02158
1.08436
1.08292
0.993198
0.930844
0.938389
0.933933
0.955942
0.999492
1.05614
1.06443
0.986787
0.90864
0.938937
0.924629
0.934988
0.996208
1.0509
1.07326
1.00551
0.953206
0.945152
0.954691
1.01102
1.01392
1.10594
1.09824
1.05137
1.02893
0.988077
1.00794
1.04324
1.019
1.11411
1.17705
1.17048
1.16548
1.1283
1.13984
1.18237
1.19828
1.19124
1.20938
1.11489
1.12654
1.1371
1.12795
1.13038
1.11931
1.18385
1.08452
1.07174
1.02909
1.04191
1.04296
1.074
1.03886
1.13503
1.08675
1.05379
1.01024
0.964386
0.982447
1.00528
1.02201
1.09797
1.08741
1.02877
0.961572
0.9405
0.960907
0.991009
1.0172
1.07697
1.07838
0.979085
0.931509
0.899531
0.939328
0.947185
1.0129
1.08741
1.10864
0.993276
0.941712
0.925606
0.931196
1.01282
1.05622
1.14879
1.08514
1.01075
1.03698
0.99355
1.01216
1.0602
1.04683
1.12901
1.13393
1.16568
1.14633
1.12045
1.14578
1.15711
1.16396
1.22557
1.16822
1.07897
1.08405
1.08397
1.05383
1.08726
1.05594
1.11317
1.11951
0.978538
0.969586
0.92889
0.927561
0.967084
0.987177
1.05547
1.13065
1.00172
0.911298
0.861572
0.8681
0.950039
0.969859
1.06005
1.08475
0.998788
0.897537
0.85774
0.884363
0.908444
0.994605
1.05
1.04848
0.963839
0.859695
0.864386
0.862823
0.895622
0.995113
1.04707
1.07975
0.976075
0.901329
0.838546
0.872127
0.9319
1.01259
1.08491
1.06583
0.991243
0.949844
0.914347
0.947107
0.976075
0.977482
1.0579
1.18483
1.12177
1.13206
1.10301
1.12514
1.13428
1.1131
1.1396
1.269
1.16607
1.1577
1.14859
1.15309
1.13174
1.13405
1.20012
1.15137
1.07553
1.04687
1.05547
1.04199
1.09547
1.08057
1.16802
1.16071
1.09683
1.05238
0.998319
1.02572
1.06876
1.08233
1.12455
1.16419
1.03569
1.05262
0.976231
0.995113
1.05063
1.06677
1.14171
1.12787
1.03663
1.02592
0.9362
0.981196
1.01349
1.05989
1.14621
1.17142
1.05774
1.03084
1.01247
1.00977
1.08092
1.07744
1.18256
1.15551
1.07537
1.11157
1.04871
1.05356
1.12174
1.11274
1.16947
1.2645
1.23112
1.22181
1.20543
1.21102
1.26024
1.22991
1.27619
1.14476
1.08534
1.08933
1.09097
1.09414
1.03503
1.04007
1.10059
1.06431
1.05418
0.974902
0.952111
0.956138
1.02123
0.97197
1.05567
1.11462
1.06337
1.01818
0.92932
0.958014
0.991126
1.0371
1.05066
1.12795
1.07385
0.9776
0.962471
0.93491
0.992338
1.03108
1.08303
1.1233
1.01771
1.00895
0.917201
0.955825
0.970328
1.06443
1.08127
1.12944
1.04742
0.999687
0.953792
0.957193
1.02674
1.04625
1.1097
1.0715
1.01935
1.03589
0.99097
0.986161
1.04429
1.0249
1.06665
1.08921
1.13096
1.16599
1.16048
1.17185
1.16525
1.13499
1.17881
1.21888
1.12791
1.1292
1.1688
1.1611
1.11654
1.12099
1.18479
1.08303
1.06947
1.06274
1.06075
1.01368
1.08632
1.02353
1.15934
1.11583
1.11415
1.08182
1.03663
1.03901
1.06145
1.09085
1.16439
1.14109
1.08135
1.04937
1.03468
1.04116
1.06016
1.07498
1.17752
1.12541
1.08315
1.04406
0.995231
1.03792
1.05653
1.09394
1.16349
1.13374
1.06654
1.06091
1.0353
1.01403
1.07717
1.0903
1.18968
1.12721
1.05375
1.09367
1.05133
1.0672
1.11071
1.09077
1.18155
1.18839
1.20485
1.19073
1.205
1.22349
1.23034
1.18726
1.30149
1.12463
1.07697
1.08882
1.13616
1.10864
1.06028
1.03514
1.08475
1.10489
1.02557
1.02627
1.04773
1.03405
0.982447
0.975567
1.08057
1.15915
1.06802
1.04656
1.01798
1.01947
1.01947
1.04316
1.10289
1.1629
1.0864
1.04891
1.00508
0.994019
1.03514
1.02787
1.1104
1.15211
1.05704
1.03452
0.980532
1.00227
1.02823
1.01966
1.14578
1.15911
1.04773
1.04406
1.00805
1.00602
1.06431
1.04136
1.16126
1.15485
1.04488
1.05149
1.03964
1.05246
1.07025
1.076
1.14038
0.874824
1.05403
1.13749
1.10438
1.00907
0.947576
0.831196
0.780766
1.05876
1.00098
1.01173
1.05887
1.03604
0.958991
0.95817
0.997185
1.0473
1.01888
0.970797
0.968804
0.973534
0.976075
0.978421
1.06962
1.13917
1.09754
0.99398
1.00297
0.996443
0.992768
1.03874
1.10039
1.18909
1.09347
1.02002
1.0043
0.992651
1.01744
1.07162
1.14464
1.15516
1.0559
0.993823
0.949179
0.985496
0.968569
1.09277
1.1715
1.2
1.0706
1.014
0.993002
0.99441
1.04437
1.09077
1.19206
1.16169
1.06525
1.06873
1.0403
1.04719
1.0783
1.07283
1.19011
1.22478
1.22991
1.24476
1.24257
1.23432
1.23761
1.19543
1.31669
1.00856
0.956529
1.005
0.993393
0.985301
0.980884
0.924785
0.97717
0.99656
0.930336
0.944996
0.971228
0.961024
0.943471
0.934363
1.00958
1.06126
0.966263
0.948358
0.949179
0.951876
0.970837
0.982252
1.02267
1.05199
1.00575
0.964113
0.961611
0.982213
0.977131
1.00391
1.05027
1.01536
0.979437
0.93835
0.950782
0.952541
0.953127
1.0077
1.04179
1.02752
0.993002
0.952737
0.950469
0.990461
0.987647
1.01212
1.07404
1.03346
0.969038
0.993041
0.992924
1.0199
1.01615
0.972478
1.04746
1.1303
1.11947
1.13741
1.14089
1.16231
1.12318
1.10281
1.1708
1.10989
1.05328
1.09281
1.07009
1.04816
1.06916
1.01063
1.07052
1.13585
1.04996
1.06056
1.0378
1.04535
1.03057
1.02611
1.05246
1.18819
1.11708
1.05841
1.07041
1.06286
1.07565
1.0835
1.10203
1.18264
1.11771
1.08823
1.07815
1.11075
1.09144
1.10375
1.13225
1.18878
1.10141
1.05622
1.07619
1.08636
1.1041
1.12271
1.15907
1.1663
1.12131
1.06568
1.02983
1.09187
1.1215
1.11556
1.16525
1.18452
1.10348
1.08565
1.05133
1.06493
1.12459
1.10317
1.14996
1.32478
1.25152
1.28495
1.29961
1.28147
1.26974
1.24738
1.30942
1.26087
1.16591
1.1869
1.20661
1.18847
1.15575
1.17154
1.20102
1.19015
1.13577
1.14734
1.09289
1.08483
1.13237
1.10797
1.21509
1.23135
1.14762
1.1018
1.06403
1.05098
1.11267
1.12955
1.19762
1.20594
1.09382
1.06923
1.03174
1.03894
1.07185
1.08319
1.18956
1.17467
1.05438
1.0412
0.984715
1.01353
1.00872
1.08804
1.19203
1.2179
1.08143
1.04574
1.00868
1.01063
1.0769
1.10086
1.25043
1.18722
1.11736
1.1079
1.03225
1.03784
1.12326
1.14679
1.25981
1.3595
1.32608
1.27588
1.27717
1.25434
1.29484
1.31138
1.41067
1.18597
1.13018
1.1163
1.11904
1.12881
1.10622
1.11458
1.14769
1.06618
0.999805
1.01912
1.01787
0.993315
1.02131
0.995152
1.04109
1.06329
1.01231
1.01431
0.98921
0.979359
0.97111
0.992651
1.06282
1.05156
0.992103
0.958366
0.921892
0.928264
0.93663
0.977717
1.02338
1.02471
0.989953
0.913448
0.863839
0.867279
0.885653
0.948124
0.997185
1.03745
0.994214
0.946951
0.910008
0.924394
0.936317
0.948358
1.03565
1.02635
0.980571
0.996247
0.974629
0.96423
0.956685
0.936982
1.02631
1.03858
1.03659
1.0803
1.09715
1.05274
1.05907
1.04742
1.07252
1.10485
1.05825
1.05031
1.08034
1.07072
1.05055
1.03819
1.12056
1.01959
0.920289
0.915637
0.925645
0.89007
0.926779
0.920641
0.944136
1.03253
0.946052
0.910047
0.864034
0.855708
0.88491
0.940891
0.994019
1.04781
0.93319
0.864816
0.850195
0.839484
0.860907
0.927013
0.987177
1.02674
0.927834
0.835536
0.81552
0.83147
0.827091
0.904769
0.974355
1.03675
0.926153
0.82803
0.831001
0.837295
0.83577
0.90731
1
0.990227
0.873769
0.860907
0.877991
0.866263
0.880649
0.892846
0.964699
1.06005
0.970797
1.01857
1.02729
1.01114
1.00684
0.96638
1.0518
1.07377
1.06564
1.04316
1.09504
1.09171
1.06759
1.06673
1.07963
1.07834
0.989797
1.01677
1.02635
0.979711
1.04249
0.985066
1.04707
1.09406
1.02885
1.04969
1.04089
1.04328
1.02979
1.02158
1.09312
1.13151
1.04062
1.05782
1.08432
1.05137
1.03726
1.01607
1.12619
1.10066
1.02846
1.0036
1.0147
1.04445
1.00837
1.00063
1.10997
1.12205
1.04957
1.02795
1.03143
1.05778
1.03503
1.02897
1.1482
1.11228
1.02201
1.04414
1.07869
1.04253
1.05805
1.00786
1.15571
1.21544
1.16861
1.20215
1.19488
1.22858
1.20758
1.17912
1.23299
1.193
1.07674
1.1102
1.09414
1.08835
1.11372
1.06439
1.08366
1.0509
0.988311
0.962392
0.943511
0.950782
0.953987
0.943354
1.03366
1.08053
1.00094
0.941712
0.960008
0.864621
0.902541
0.955708
1.01837
1.04093
0.988858
0.91208
0.863018
0.836239
0.922009
0.930375
1.01396
1.04113
0.957975
0.851486
0.837099
0.81896
0.842181
0.923769
1.00328
1.03643
0.954027
0.927091
0.856763
0.834167
0.906685
0.935848
1.02119
1.0251
0.940422
0.969547
0.920954
0.908874
0.92369
0.92803
1.01779
1.07291
1.02967
1.05884
1.06028
1.04093
1.03546
1.01935
1.0294
1.10797
1.07111
1.04023
1.04672
1.04238
1.04844
1.0518
1.13069
1.01005
0.934089
0.922009
0.886787
0.832565
0.895622
0.927052
1.00434
0.989679
0.920954
0.862705
0.803714
0.806177
0.830102
0.918335
0.994762
0.997967
0.881626
0.828069
0.820446
0.804378
0.825801
0.885301
0.968921
0.958718
0.88534
0.799648
0.770094
0.776075
0.788272
0.870876
0.990461
0.967005
0.895309
0.812823
0.783229
0.797694
0.835536
0.889679
0.987334
0.938468
0.892572
0.883815
0.865598
0.850078
0.863722
0.873573
0.981939
0.982252
0.97025
0.990696
1.00575
1.00547
1.00035
0.973729
1.01568
1.06759
0.987842
1.01618
1.01935
1.02557
1.02279
0.947889
1.00512
0.950508
0.894683
0.916458
0.889601
0.912197
0.902619
0.898436
0.986161
0.985457
0.920993
0.900665
0.835066
0.845973
0.887412
0.930297
1.00876
0.962627
0.905082
0.835496
0.812432
0.814621
0.828812
0.915364
0.980063
0.955004
0.858561
0.795426
0.787568
0.778186
0.788233
0.861962
0.970524
0.981509
0.86853
0.847694
0.817905
0.791947
0.820993
0.877678
0.984676
0.941634
0.879398
0.882995
0.82455
0.815598
0.825332
0.875528
0.960711
0.991986
0.949765
0.999453
0.986435
0.983698
0.965012
0.942142
0.996482
1.11095
1.04339
1.05493
1.02893
1.02608
1.045
0.967709
1.01368
1.02072
0.995074
1.00516
0.984597
0.986591
0.945661
0.908522
0.985106
1.06716
0.979124
0.992807
0.920328
0.927209
0.91939
0.958444
0.993511
1.03843
0.991439
0.951134
0.930649
0.89097
0.903831
0.957389
0.989601
1.02877
0.982134
0.903206
0.894449
0.889054
0.86122
0.927326
0.971618
1.05747
0.969038
0.943159
0.887021
0.851681
0.886044
0.935066
0.981118
0.993667
0.950586
0.974003
0.912705
0.86982
0.892377
0.901251
0.958718
1.10086
1.04046
1.05043
1.0369
1.03296
1.00684
0.946169
0.874394
1.21247
1.11286
1.13636
1.12803
1.11118
1.15966
1.10094
1.14234
1.07338
1.00668
1.00145
0.977991
1.00915
0.980532
0.99226
1.07154
1.0604
0.999531
0.994371
0.955786
0.955121
0.967631
0.980414
1.04492
1.02166
0.991947
0.981431
0.964894
0.945504
0.923925
0.945504
1.04543
1.01658
0.95864
0.904848
0.856411
0.911728
0.887099
0.914855
0.994371
1.01876
0.96595
0.957897
0.942181
0.901798
0.977052
0.927991
1.01904
1.0163
0.964894
0.973339
0.954691
0.9276
0.930805
0.934089
1.00539
1.09554
1.06697
1.08483
1.04249
1.05766
1.04277
1.03534
1.06634
1.19386
1.10915
1.07459
1.06595
1.10536
1.0509
1.13776
1.2018
1.07823
1.07905
1.04163
1.04844
1.02381
1.04159
1.04652
1.10747
1.02396
1.02893
1.02236
0.973417
0.992338
1.01431
1.04805
1.12217
1.08311
0.997263
0.984793
0.993002
0.969195
0.970758
1.01661
1.09371
1.06052
0.988116
0.931978
0.92197
0.948514
0.933815
0.969977
1.06255
1.0837
0.996325
0.99742
1.02052
0.96423
0.990657
1.00149
1.0923
1.09343
0.979984
1.01251
1.03323
1.00743
1.00059
0.996169
1.07463
1.14378
1.10066
1.14543
1.13104
1.14746
1.14902
1.10543
1.15899
1.05582
1.00895
1.02662
1.00352
0.996521
1.03448
0.976896
1.00395
1.01857
0.965637
0.935731
0.872713
0.889719
0.939914
0.906177
0.990852
1.01716
0.973299
0.912666
0.82498
0.827991
0.856059
0.924863
0.977678
0.990579
0.943432
0.854496
0.814464
0.805825
0.809109
0.90602
0.975215
0.972205
0.894292
0.793941
0.796208
0.763331
0.768647
0.876349
0.959148
0.992142
0.906998
0.866497
0.814464
0.789054
0.8224
0.889249
0.971462
0.964973
0.919937
0.915207
0.859343
0.841321
0.878499
0.889719
0.968608
1.00508
0.984441
1
0.987295
0.992416
0.985262
0.966849
0.980493
1.157
1.1749
1.11349
1.12088
1.10731
1.1188
1.15446
1.22694
1.09543
1.02455
1.0147
1.02072
0.976544
1.00356
1.01079
1.09367
1.07608
1.00176
0.986317
0.932134
0.942338
0.966302
0.99312
1.0878
1.06212
0.966067
0.949062
0.933542
0.918217
0.929789
0.95774
1.04406
1.04109
0.951994
0.884089
0.862041
0.896247
0.865833
0.913213
1.02279
1.0577
0.966693
0.934285
0.903557
0.914464
0.930688
0.936278
1.06892
1.07533
0.96896
0.968452
0.959695
0.947068
0.965364
0.932682
1.0613
1.10332
1.07674
1.0733
1.0525
1.07142
1.06333
1.06732
1.1301
1.10395
1.0688
1.06177
1.07467
1.06548
1.05786
1.03991
1.08925
1.024
0.942572
0.98534
0.988858
0.937803
0.971618
0.947889
0.990657
1.01959
0.956841
0.968491
0.962783
0.942924
0.948593
0.959109
1.00708
1.03898
0.986904
0.951134
0.94226
0.926036
0.928616
0.958288
1.0041
1.0027
0.960086
0.912236
0.877639
0.911259
0.90301
0.949726
0.99742
0.99828
0.933151
0.915364
0.91423
0.934832
0.925293
0.950352
1.02596
0.963761
0.8681
0.929672
0.960672
0.933307
0.913683
0.895231
0.978499
1.04609
1.01044
1.03604
1.06552
1.06661
1.04867
1.01407
1.06701
1.18034
1.12185
1.12713
1.15156
1.15637
1.15328
1.1294
1.21845
1.05367
0.970289
0.994566
0.990618
0.996912
1.00418
1.0154
1.0622
1.05684
0.973729
0.989484
1.00923
0.982174
0.983776
0.99656
1.06579
1.07725
0.973065
0.987608
0.981548
0.971736
0.971618
0.983972
1.05829
1.03761
0.970094
0.942729
0.931939
0.952189
0.92111
0.95
1.0482
1.06685
0.986317
0.948397
0.948866
0.971188
0.960477
0.947537
1.07455
1.04046
0.938624
0.977717
0.986122
0.963526
0.973651
0.939289
1.02314
1.13272
1.03401
1.06106
1.10039
1.07557
1.05035
1.04042
1.10942
0.981431
0.965754
1.00211
1.00618
1.01951
0.984558
1.00895
1.05371
1.0007
0.896247
0.902776
0.916458
0.894957
0.922478
0.866771
0.977834
1.0647
0.919312
0.949257
0.935184
0.929867
0.938898
0.934206
1.00856
1.02897
0.940383
0.935027
0.933737
0.915794
0.932252
0.931509
1.03866
1.02643
0.968296
0.920563
0.887373
0.883542
0.914777
0.906529
1.01415
1.07611
0.960281
0.953948
0.87502
0.912353
0.923886
0.944292
1.01028
0.981001
0.934832
0.959421
0.916693
0.927678
0.944683
0.899531
1.00481
0.708952
0.835887
0.914816
0.936669
0.886396
0.91681
0.803987
0.702463
1.07342
1.06278
1.04879
1.08483
1.06974
1.03108
1.02131
1.06294
1.00504
0.967084
0.954808
0.972791
0.919703
0.931978
0.942885
1.04132
1.04617
1.00739
0.963253
0.972713
0.972048
0.924863
0.985731
1.08776
1.08745
0.994644
0.966966
0.974199
0.976661
0.933855
0.99871
1.07596
1.06681
1.00923
0.928812
0.894644
0.932955
0.924159
0.970016
1.06865
1.05809
1.00966
0.943667
0.935027
0.963174
0.925723
0.977912
1.10582
1.04375
0.950743
0.938858
0.984871
0.972361
0.951134
0.952541
1.1002
0.89269
0.879281
0.993589
1.01966
0.964347
0.896794
0.818022
0.762353
1.01689
0.935731
0.950195
0.938624
0.993081
0.997459
0.952346
1.01767
0.929359
0.886083
0.919703
0.90778
0.927561
0.90129
0.873769
0.952893
0.958718
0.920641
0.926896
0.894058
0.906607
0.917162
0.928655
0.966927
0.95817
0.929242
0.911493
0.89355
0.901525
0.907506
0.940852
1.00133
0.970954
0.895817
0.861923
0.861024
0.873651
0.871306
0.906059
0.97932
0.962236
0.904691
0.897342
0.870719
0.856802
0.892846
0.902267
0.967826
0.943511
0.87717
0.893471
0.894644
0.874472
0.874238
0.875371
0.969351
1.03765
0.963409
0.99484
1.00008
0.995973
0.980923
0.964308
0.974042
1.21583
1.12572
1.17295
1.17365
1.1767
1.16204
1.09148
1.13999
1.09163
1.02643
1.03483
1.01462
1.02158
1.03948
0.970016
1.05238
1.11454
1.03886
1.0681
0.991204
0.998475
1.00516
1.02658
1.03929
1.07568
1.04762
0.991673
0.99484
0.972596
0.970524
0.985496
1.05152
1.10094
1.01235
0.943393
0.954926
0.93921
0.910477
0.944214
1.02103
1.07952
0.993237
0.986396
0.930063
0.894918
0.933425
0.961493
1.01032
1.04851
0.951173
0.98921
0.914347
0.885614
0.950547
0.939484
0.993901
1.12482
1.04355
1.11501
1.07084
1.06263
1.06321
1.03933
1.06212
1.16114
1.16177
1.14738
1.16634
1.15508
1.12912
1.12651
1.16986
1.136
1.06845
1.0903
1.10121
1.06489
1.08499
1.04777
1.09562
1.14617
1.07697
1.11177
1.09891
1.08014
1.0984
1.07877
1.1398
1.17412
1.07248
1.08612
1.09418
1.08096
1.05903
1.06536
1.14038
1.1165
1.08722
1.04367
1.0165
1.02455
1.03405
1.03843
1.10985
1.15907
1.07271
1.0405
1.02134
1.01005
1.01294
1.04113
1.14378
1.13812
1.062
1.06388
1.03737
1.02506
1.04539
1.0717
1.11411
1.20106
1.16099
1.18823
1.1869
1.18198
1.1905
1.174
1.23991
1.00387
0.925176
0.940696
0.958874
0.957506
0.955199
0.915207
1.03225
0.929085
0.845582
0.790657
0.809187
0.815481
0.836552
0.858288
0.935692
0.92803
0.85645
0.780649
0.778499
0.786278
0.833385
0.877365
0.967748
0.9224
0.88319
0.787177
0.781704
0.789328
0.787334
0.901329
0.967475
1.00637
0.918256
0.853362
0.809617
0.820172
0.862783
0.936161
0.98362
1.02396
0.929359
0.864699
0.819859
0.835966
0.901016
0.972166
1.04711
1.04019
0.941634
0.919547
0.960633
0.930493
0.970094
0.964621
1.0552
1.07998
1.02326
1.10141
1.07592
1.08405
1.09539
1.08061
1.17295
1.05622
0.996951
1.04394
1.05962
1.05876
1.06466
1.02647
1.07248
0.980532
0.907428
0.90778
0.884988
0.902697
0.969625
0.956138
0.975919
1.00512
0.976935
0.88749
0.843041
0.877248
0.936865
0.960672
1.04116
1.00493
0.952932
0.847615
0.86122
0.901329
0.865481
0.965911
1.05668
1.01059
0.949922
0.878108
0.895739
0.903127
0.93104
0.982174
1.05156
1.01192
0.970797
0.908835
0.898163
0.891556
0.96982
1.02361
1.0726
1.00739
0.916575
0.946833
0.953049
0.934949
0.990227
1.01466
1.05758
1.03421
0.950508
0.996873
1.02134
1.02115
1.04507
1.0172
1.12776
0.990735
0.968686
0.990188
0.980063
0.994175
0.993237
0.969742
0.999844
0.928772
0.848788
0.841947
0.813526
0.835301
0.858561
0.866849
0.935301
0.911572
0.88835
0.799257
0.778694
0.761962
0.804378
0.878108
0.961611
0.908092
0.812432
0.743628
0.720641
0.72674
0.756802
0.87326
0.936708
0.925684
0.868647
0.778772
0.773886
0.766224
0.807623
0.887373
0.976427
0.960751
0.913135
0.824238
0.808288
0.8414
0.873573
0.900586
1.00817
0.961376
0.907701
0.892651
0.869351
0.881744
0.895973
0.897342
0.979984
1.09586
1.02658
1.02647
1.01931
1.03507
1.03812
1.03186
1.08878
1.06095
1.02803
0.965794
0.913565
0.887177
0.927404
0.99398
1.0679
0.99484
0.878264
0.738741
0.639523
0.659109
0.693471
0.833034
0.972557
0.977404
0.807975
0.691321
0.647303
0.663487
0.69097
0.764073
0.956841
0.962627
0.802346
0.678929
0.705278
0.695192
0.700821
0.811845
1.0163
0.990852
0.873221
0.765794
0.759734
0.774433
0.795856
0.908522
1.00911
1.0174
0.949023
0.876231
0.835457
0.840266
0.915754
0.931118
1.01458
0.988272
0.918882
0.965012
0.939054
0.924941
0.958796
0.974785
1.00743
1.06916
0.989601
1.04394
1.06028
1.05876
1.04722
1.0208
1.08776
1.07959
1.04105
1.0672
1.06982
1.0586
1.02948
1.02303
1.02451
1.04476
0.945387
0.967435
0.964269
0.983034
0.944918
0.967787
1.02295
1.03026
0.981822
0.914073
0.892064
0.860633
0.921501
0.977639
1.0541
1.01779
0.93276
0.892611
0.80821
0.803557
0.876505
0.974746
1.00266
1.05027
0.994801
0.918569
0.873339
0.872244
0.916263
0.977834
1.05367
1.07064
1.03346
0.947342
0.902346
0.926896
0.958249
0.990852
1.08866
1.08022
1.00313
0.995231
0.964738
0.978303
1.00711
1.01274
1.07267
1.18354
1.12287
1.11216
1.11185
1.09296
1.12217
1.12936
1.1459
1.19152
1.13303
1.13327
1.12635
1.10375
1.12244
1.11998
1.17701
1.12002
1.01712
1.02893
1.01732
1.00317
1.07561
1.04371
1.11235
1.1301
1.03663
1.01482
1.0301
1.04433
1.0545
1.03608
1.12666
1.07608
0.99656
0.979046
0.985066
1.03878
1.00508
1.04246
1.10152
1.11317
1.02791
1.02005
0.997029
1.02514
1.0346
1.05805
1.10598
1.12576
1.04124
1.05258
1.03964
1.02709
1.08698
1.08346
1.16067
1.12447
1.03331
1.07611
1.06513
1.02518
1.09625
1.09883
1.1421
1.21212
1.15622
1.17932
1.14128
1.15121
1.17795
1.18475
1.26087
1.15539
1.10047
1.10645
1.11454
1.11798
1.12666
1.08839
1.16849
1.03577
0.966966
0.984285
0.97717
1.00332
1.04242
0.997811
1.06634
1.05516
0.997342
0.981978
0.976231
1.02475
1.04445
1.00539
1.08765
1.03272
0.957506
0.955551
0.976153
0.991712
0.986982
1.01169
1.09136
1.06841
0.996482
0.978303
0.986943
1.00297
1.00997
1.03894
1.08284
1.06947
0.996052
0.993198
1.00844
1.02291
1.04531
1.02181
1.08577
1.0674
0.960711
1.01267
0.999257
1.01474
1.0403
1.02267
1.09468
1.15895
1.08499
1.12303
1.11458
1.12623
1.13464
1.11603
1.24547
0.994801
0.941282
0.856685
0.815246
0.839719
0.821775
0.893354
1.00751
0.967396
0.814347
0.706685
0.674277
0.671384
0.6776
0.800938
0.92889
0.945778
0.766575
0.709148
0.688858
0.671462
0.69183
0.770524
0.959891
0.965324
0.815637
0.739132
0.710907
0.718139
0.733073
0.849609
0.954378
0.974941
0.877365
0.817748
0.804222
0.827209
0.82717
0.902893
1.01587
1.01876
0.928108
0.884167
0.869664
0.920876
0.89355
0.925254
1.04226
1.02142
0.942963
0.907506
0.906489
0.926075
0.946169
0.952893
1.05274
1.14159
1.03862
1.01497
1.02334
1.04324
1.0593
1.06228
1.12158
1.05852
1.03018
1.01067
1.02498
1.01282
1.02823
1.01102
1.05614
0.975801
0.882604
0.88276
0.880375
0.914738
0.914582
0.906998
0.999765
0.986239
0.903049
0.867826
0.886865
0.857232
0.893237
0.945152
1.02475
0.948319
0.870211
0.832916
0.858874
0.846755
0.886083
0.934597
0.985457
0.941673
0.894175
0.861298
0.86982
0.896286
0.898475
0.923534
0.993862
0.951642
0.905512
0.873299
0.882682
0.889015
0.910125
0.92455
1.01142
0.952424
0.894566
0.925606
0.901486
0.931118
0.925332
0.910008
1.01263
1.05278
0.974707
0.972674
0.987334
1.01251
0.999805
1.03088
1.05164
0.913174
0.890422
0.886708
0.920524
0.912353
0.936161
0.890422
0.968217
0.852697
0.795309
0.783503
0.79136
0.811493
0.844527
0.80086
0.852541
0.857662
0.813096
0.743862
0.752854
0.775137
0.802033
0.828694
0.868608
0.879945
0.796482
0.72459
0.734793
0.751173
0.755708
0.847068
0.882877
0.894175
0.813213
0.777952
0.760047
0.774316
0.816966
0.870055
0.878851
0.882799
0.8405
0.787021
0.765559
0.770328
0.833307
0.875762
0.879398
0.878733
0.838038
0.827443
0.793511
0.798241
0.808053
0.873456
0.895152
0.94355
0.925332
0.969429
0.952893
0.947381
0.928382
0.917475
0.975997
1.00035
0.974199
1.00387
1.03686
1.02983
1.03792
0.997498
1.03483
0.918921
0.854926
0.89742
0.87803
0.902189
0.935731
0.906841
0.944097
0.957076
0.903792
0.880923
0.856333
0.853049
0.910907
0.92588
0.978812
0.944605
0.743706
0.816927
0.806607
0.834988
0.831744
0.915442
0.999101
0.974199
0.909578
0.858483
0.821501
0.831626
0.891204
0.953987
0.974863
0.981314
0.922478
0.899179
0.880766
0.879476
0.936552
0.945856
0.986161
0.989406
0.910438
0.936747
0.938468
0.932486
0.95559
0.935066
0.957389
1.08358
1.00324
1.04277
1.03131
1.04805
1.05692
1.01056
1.09308
1.02592
1.0111
1.03022
1.07834
1.07084
1.08417
1.02076
1.1439
0.957662
0.916341
0.904965
0.888507
0.905747
0.954144
0.916419
1.04812
1.02068
0.937647
0.873495
0.843862
0.866497
0.971032
0.958131
1.04617
1.01787
0.935184
0.856255
0.890539
0.898593
0.880688
0.982213
1.07658
1.0475
0.958053
0.899687
0.900117
0.930258
0.952228
0.99613
1.03831
1.01231
0.94871
0.919156
0.92197
0.923769
0.971228
1.0131
1.02045
0.999922
0.941165
0.963331
0.963878
0.944371
0.961845
0.971618
1.0251
1.05668
1.03491
1.07525
1.09527
1.07834
1.08061
1.04695
1.1421
1.09617
1.0414
1.04668
1.03694
1.05457
1.03769
0.976075
1.01087
0.946521
0.904496
0.893823
0.876388
0.90817
0.907819
0.898319
0.935966
0.999726
0.960203
0.870641
0.858874
0.857428
0.861024
0.946325
0.948866
0.975293
0.939523
0.81165
0.831626
0.804769
0.825215
0.934832
0.962236
1.09504
0.943784
0.858327
0.840891
0.88448
0.87369
0.938233
1.00313
0.991634
1.00172
0.899765
0.860594
0.88491
0.893862
0.977013
0.971853
0.992338
1.01028
0.973299
0.904574
0.916771
0.938116
0.996364
0.988976
1.0835
1.07608
1.08116
1.09937
1.11095
1.06396
1.07537
1.02998
1.09992
1.0864
1.11317
1.13937
1.13233
1.15207
1.06509
1.13385
1.0507
0.954926
0.974785
0.95129
0.977052
1.00023
0.970797
1.07557
1.07334
0.987373
0.95043
0.913956
0.939406
0.962392
0.995074
1.10457
1.06333
0.991986
0.940031
0.95645
0.963448
0.963995
0.992533
1.09296
1.07666
1.00469
0.969156
0.951759
0.993823
0.971306
1.00665
1.11149
1.05727
0.988507
0.944449
0.939523
0.954926
0.972596
0.996364
1.10512
1.00563
0.885066
0.908014
0.936943
0.926779
0.911493
0.949609
1.05074
0.943276
0.885496
0.937373
0.975645
0.982799
0.964934
0.957467
1.03964
1.01994
0.956841
1.0009
1.03839
1.04445
1.01173
1.00911
0.993706
0.948006
0.853167
0.87975
0.925098
0.942025
0.887842
0.893589
0.943393
0.935731
0.902815
0.882838
0.911767
0.887295
0.901134
0.896013
0.959617
0.978577
0.886591
0.877365
0.844058
0.848241
0.862158
0.9138
0.928303
0.985301
0.916145
0.916849
0.898632
0.908405
0.893901
0.891908
0.946247
0.967123
0.936982
0.89179
0.915715
0.934441
0.886161
0.886317
0.93792
0.958131
0.905356
0.904261
0.918999
0.91982
0.884011
0.868217
0.910438
1.03335
0.962314
0.947263
0.982604
0.973612
0.957975
0.956685
0.922596
0.81423
0.817318
0.857193
0.898944
0.889328
0.866458
0.835614
0.769703
0.838038
0.770915
0.77459
0.814113
0.84136
0.812549
0.786943
0.808835
0.863683
0.779437
0.781704
0.799335
0.806724
0.830727
0.823065
0.83405
0.915364
0.831118
0.759617
0.778694
0.793862
0.775919
0.855121
0.884167
0.900743
0.857389
0.778968
0.782174
0.790891
0.819977
0.86767
0.859734
0.868178
0.83835
0.808327
0.817748
0.807037
0.839601
0.838507
0.845504
0.866106
0.798632
0.805473
0.827365
0.811532
0.818804
0.832916
0.830453
0.920133
0.840305
0.887725
0.911142
0.881822
0.883307
0.821188
0.818804
1.09316
1.03745
1.0364
1.04097
1.04472
1.08425
1.0681
1.12858
1.02181
0.921853
0.885731
0.854183
0.866849
0.947928
0.944292
1.03714
0.99269
0.92197
0.87932
0.843745
0.87932
0.902072
0.933073
1.0441
0.995426
0.918374
0.875958
0.879984
0.882955
0.881822
0.917826
1.04281
1.03374
0.954457
0.92068
0.917475
0.934597
0.941634
0.955395
1.01978
1.02776
0.96552
0.953753
0.934519
0.939914
0.969977
1.00801
1.04367
1.03718
0.969116
0.98018
0.962236
0.957623
1.01052
0.992611
1.04937
1.09609
1.03808
1.10246
1.09414
1.06833
1.10841
1.06153
1.12256
1.11939
1.05289
1.06591
1.07701
1.07893
1.12537
1.07854
1.18604
1.07205
0.945074
0.990109
0.93448
0.986161
1.03765
0.987686
1.12013
1.07154
0.940891
1.03264
0.932291
0.971658
1.04863
0.991595
1.10801
1.04461
0.923964
0.928108
0.927912
0.969116
0.951016
0.981196
1.10841
1.05477
0.929906
0.962744
0.965364
0.97889
0.973026
0.977013
1.05586
1.05375
0.997615
0.968217
0.97154
0.975606
1.02373
1.02131
1.09019
1.07158
0.973026
1.00927
0.99183
0.986669
1.03749
1.02678
1.12815
1.11384
1.04973
1.1147
1.10313
1.11188
1.11767
1.10805
1.21099
1.25762
1.24234
1.23561
1.24472
1.22303
1.23663
1.21059
1.30919
1.14527
1.03714
0.994175
1.00168
1.01083
1.00367
1.08081
1.11028
1.14113
1.04793
0.948397
0.939679
0.894879
0.937373
1.04527
1.10903
1.1156
1.06157
0.945934
0.943589
0.965559
0.937256
1.02459
1.12068
1.10923
1.04812
1.01325
1.024
0.994527
1.00927
1.06861
1.13131
1.07303
1.03593
1.00739
0.994879
1.02408
0.992651
1.05539
1.13984
1.00489
0.986591
0.982056
0.960829
0.944449
0.992651
0.987217
1.06071
0.950899
0.973847
0.992533
1.00821
1.00121
1.01587
0.989484
0.982017
1.15735
1.12177
1.17408
1.17893
1.18479
1.18081
1.13866
1.21489
1.04996
0.994605
1.019
1.02955
1.02084
1.03542
1.00821
1.07404
1.09863
1.04902
1.02592
1.03683
0.991009
1.02154
1.05141
1.12342
1.12185
1.05203
1.01595
1.03127
1.03675
0.982252
1.04519
1.14695
1.11259
1.03593
1.01904
1.03956
1.02674
1.00782
1.05993
1.15844
1.08303
1.0104
1.04203
1.01947
1.01595
0.990618
1.0439
1.14308
1.06919
0.982995
0.980375
1.02643
0.997733
1.00039
0.968256
1.07033
1.15977
1.10016
1.09105
1.09418
1.11798
1.1052
1.07721
1.1903
1.22134
1.12209
1.23722
1.12729
1.16478
1.14277
1.1321
1.17737
1.09347
0.967866
0.982291
0.95602
0.965051
0.958991
0.966771
1.05031
1.1321
0.982838
0.958249
0.902971
0.899414
0.921658
0.958952
1.08557
1.11685
0.977131
0.9224
0.931783
0.908522
0.928303
0.956411
1.08413
1.09769
1.01134
0.965911
0.932682
0.931235
0.952072
0.989836
1.08538
1.09543
1.01646
0.970133
0.948045
0.959891
0.96466
1.02068
1.0656
1.06595
0.972439
0.974668
0.949648
0.948554
0.95129
0.973143
1.00418
0.993784
0.973221
0.990813
1.01282
1.01923
0.980023
0.960086
0.999805
1.24461
1.22588
1.19574
1.11912
1.0993
1.19433
1.21759
1.29902
1.12209
1.06353
0.981822
0.823104
0.829046
0.960711
1.07275
1.17596
1.1475
1.03296
0.907467
0.973143
0.796247
0.873495
1.00923
1.15403
1.12936
1.01876
0.877052
0.854222
0.861806
0.844996
1.00156
1.14359
1.13213
1.04523
0.997537
0.963956
0.914738
0.948436
1.0534
1.15266
1.11196
1.04679
1.01458
1.00438
0.994957
1.02916
1.07525
1.18311
1.07346
1.02955
1.02166
1.03385
1.04171
1.07232
1.02486
1.1258
1.11243
1.03608
1.08608
1.11865
1.12166
1.11873
1.04781
1.13769
1.25758
1.19175
1.21462
1.18636
1.18976
1.21325
1.14316
1.19855
1.14007
1.07549
1.06443
1.03655
1.04285
1.06255
1.01763
1.114
1.20117
1.06568
1.04023
0.956255
0.941595
1.01177
1.04128
1.15629
1.19296
1.06552
0.963409
0.92631
0.893667
0.975645
1.05465
1.14203
1.14848
1.06744
0.999453
0.925489
0.957349
0.984402
1.09351
1.14797
1.14848
1.08139
1.03765
0.955942
0.94441
1.02013
1.10774
1.15923
1.14113
1.06075
1.05125
1.03049
1.04711
1.04101
1.06701
1.11732
1.15582
1.09679
1.12916
1.14769
1.16646
1.1337
1.10418
1.18546
1.24375
1.17088
1.19781
1.21599
1.17181
1.17885
1.18057
1.26259
1.07392
0.981157
0.975137
0.992064
0.960203
0.962549
1.01783
1.11231
1.12506
0.995622
0.941869
0.936669
0.891556
0.933307
1.02881
1.12181
1.09722
0.997615
0.93233
0.944449
0.90215
0.886708
0.988389
1.12936
1.10301
1.01642
0.961376
0.945661
0.917396
0.945739
1.03831
1.14625
1.10876
1.02185
0.963643
0.948358
0.944371
0.943432
1.04453
1.16947
1.09496
1.02185
0.991869
1.01443
0.987529
0.991126
1.03659
1.13237
1.14199
1.07541
1.11595
1.10715
1.11181
1.10129
1.07549
1.14644
1.23049
1.20469
1.22056
1.23604
1.22435
1.24543
1.21841
1.2679
1.16321
1.09003
1.10149
1.10899
1.06916
1.08483
1.12115
1.15113
1.1577
1.09996
1.09832
1.07052
1.02858
1.0459
1.0998
1.1758
1.15344
1.10082
1.06661
1.10645
1.05708
1.03538
1.08237
1.16806
1.14292
1.08139
1.08296
1.08319
1.03135
1.06134
1.09887
1.20688
1.14609
1.07099
1.06177
1.05657
1.04832
1.03987
1.09762
1.20102
1.11067
1.03937
1.05227
1.06333
1.06888
1.0903
1.04191
1.16763
1.19163
1.12776
1.18397
1.16794
1.19382
1.21306
1.17815
1.25833
0.867592
0.959812
0.945348
0.968569
0.971032
0.938233
0.961102
0.892885
1.0206
0.908366
0.877522
0.865794
0.857154
0.886747
0.906372
1.0317
1.05915
0.878812
0.837647
0.81681
0.813995
0.837099
0.894136
1.03382
1.13593
0.914582
0.851994
0.844879
0.813018
0.877443
0.902385
1.05934
1.0862
0.927639
0.937881
0.878655
0.881314
0.91251
0.942768
1.03757
1.1007
0.931353
0.948045
0.920954
0.90602
0.930375
0.940579
1.07916
1.09957
0.970172
0.953206
0.966302
0.966185
0.940344
0.968726
1.03409
1.15242
1.06673
1.05934
1.08405
1.08624
1.06192
1.024
1.16822
1.14128
1.09582
1.12471
1.09156
1.09363
1.06978
1.07041
1.10821
1.05051
0.9405
0.928069
0.88362
0.863174
0.857232
0.915442
1.01411
1.0699
0.940539
0.901603
0.833346
0.826036
0.84785
0.879633
1.03448
1.03507
0.924355
0.844918
0.838155
0.823729
0.831314
0.859851
1.00809
1.02643
0.891595
0.872244
0.854652
0.847654
0.860008
0.901642
0.999961
1.0111
0.896403
0.881939
0.845387
0.836708
0.873417
0.921853
1.00489
0.982565
0.877443
0.904769
0.867826
0.88663
0.862432
0.873104
0.940774
1.02639
0.946208
0.963839
1.00966
1.01208
0.997185
0.988194
1.07803
0.989054
0.993354
1.01325
0.99222
0.993706
0.975137
0.964934
0.999375
0.924707
0.931822
0.881079
0.848514
0.814973
0.847615
0.911923
0.904574
0.957584
0.93749
0.842533
0.819273
0.802463
0.819625
0.895074
0.907545
0.939875
0.91122
0.827209
0.788468
0.811181
0.765051
0.869273
0.926427
0.926779
0.898632
0.825645
0.808913
0.795739
0.810985
0.907076
0.933151
0.904261
0.90903
0.832017
0.79226
0.820172
0.810242
0.920211
0.972791
0.884167
0.904691
0.875293
0.846091
0.83577
0.888741
0.900899
0.997224
0.976349
0.951681
0.989562
0.979007
0.999687
0.99699
0.954574
1.01693
1.11357
1.11142
1.12787
1.10567
1.07838
1.09676
1.07416
1.17729
0.990109
0.98276
0.97588
0.973612
0.951759
0.946013
0.952658
1.00352
1.03038
0.990891
0.931235
0.887138
0.867944
0.896755
0.962041
1.02525
1.01845
0.978929
0.88534
0.840696
0.836865
0.878694
0.980063
1.05203
1.02623
0.992651
0.90559
0.879554
0.853362
0.911102
0.997146
1.07866
1.02471
0.999765
0.942885
0.906177
0.904378
0.942181
0.989953
1.07772
0.993354
1.00328
0.977326
0.948006
0.97541
0.991751
0.964582
1.06759
1.05614
1.03061
1.09234
1.07604
1.07635
1.09523
1.03999
1.12916
1.22682
1.17396
1.20809
1.23194
1.19464
1.19206
1.15985
1.21224
1.06853
1.05172
1.06548
1.05997
1.02482
1.04214
1.07048
1.08745
1.11837
1.14793
1.05927
1.03808
0.975528
1.01939
1.0785
1.13683
1.13229
1.10602
1.0283
0.999805
1.02881
0.998866
1.0742
1.14445
1.12815
1.10762
1.04758
1.04132
1.03354
1.06493
1.09722
1.14883
1.09034
1.05801
1.05532
1.06099
1.05676
1.05352
1.08245
1.1378
1.07392
1.04359
1.07385
1.08737
1.07213
1.09711
1.04836
1.12697
1.17275
1.1217
1.1672
1.17799
1.17459
1.17275
1.1362
1.20504
1.09425
1.08413
1.10489
1.10364
1.10942
1.08331
1.06267
1.10383
1.05211
1.01192
0.956372
0.919429
0.923847
0.975098
0.969664
0.997068
1.07119
0.993745
0.92068
0.86251
0.861415
0.896951
0.985457
1.03964
1.05203
0.986083
0.87111
0.85774
0.817514
0.884754
0.979203
1.03229
1.06357
0.98663
0.910555
0.878225
0.871931
0.901212
1.00946
1.03866
1.04285
1.00145
0.914347
0.885575
0.895973
0.930414
1.06704
1.03522
1.04363
1.00962
0.964425
0.946208
0.9457
0.962353
1.01122
1.00715
1.02877
1.03073
1.04887
1.08186
1.11278
1.06939
1.02131
1.14222
1.16329
1.15504
1.21067
1.21755
1.22991
1.21486
1.1749
1.19437
1.0905
1.04554
1.05911
1.05188
1.03698
1.04089
1.04089
1.09242
1.15192
1.09789
1.01294
0.994019
0.976857
1.00778
1.06673
1.14437
1.15676
1.0955
1.02447
0.992572
1.01224
1.00766
1.09507
1.1421
1.16384
1.08045
1.04398
1.06489
1.02705
1.05328
1.10907
1.19359
1.1222
1.0604
0.994722
1.03041
1.02279
1.0061
1.07955
1.18812
1.09003
0.991908
0.961845
1.00262
0.992846
0.984363
1.01681
1.13065
1.06443
0.967983
1.00528
1.06384
1.05285
1.04629
1.00453
1.08296
1.23022
1.1683
1.14484
1.11497
1.18522
1.18397
1.12647
1.18503
1.08002
0.995661
1.00481
1.00915
1.02623
0.992651
0.978616
1.04562
1.09918
1.02177
1.02944
0.962314
0.944605
0.997068
0.950977
1.05133
1.09007
1.00579
0.986669
0.963253
0.913526
0.987568
0.979476
1.0249
1.03319
0.995348
1.00141
0.951525
0.97369
0.975489
1.00633
1.00461
1.01556
0.99699
0.951173
0.985379
0.955395
0.968374
0.984089
1.00563
1.00305
0.936787
0.935496
0.93749
0.959265
0.933151
0.933894
0.934246
0.985379
0.926036
0.94484
0.952033
0.977365
0.948554
0.932017
1.00023
0.921501
1.00223
1.06403
1.08808
1.05954
1.00317
0.98491
0.890618
0.945895
0.908679
0.951368
0.951525
0.934089
0.895934
0.867357
0.922713
0.986239
0.924003
0.9095
0.912197
0.885066
0.874081
0.90778
0.944019
0.982095
0.949179
0.873651
0.891282
0.886005
0.856802
0.918022
0.948319
0.951056
0.908874
0.884206
0.897694
0.877795
0.886396
0.924277
0.968217
0.897654
0.876153
0.863565
0.871931
0.874863
0.85645
0.898749
0.930571
0.851134
0.839171
0.837686
0.867748
0.860321
0.856372
0.850352
0.892963
0.87674
0.844527
0.878772
0.897029
0.89871
0.899922
0.866732
0.906099
1.23952
1.20199
1.22373
1.20219
1.17658
1.21161
1.20715
1.26337
1.0948
1.09167
1.10852
1.06622
1.04824
1.10375
1.08452
1.14609
1.11486
1.09781
1.06884
1.05903
1.0102
1.04535
1.07213
1.1285
1.11575
1.11263
1.0631
1.03628
1.03667
1.02346
1.06165
1.11044
1.06145
1.07248
1.10524
1.07525
1.04851
1.06102
1.08057
1.13237
1.07041
1.10676
1.20747
1.0964
1.05285
1.05422
1.07647
1.14132
1.05911
1.05594
1.05321
1.03073
1.04629
1.06403
1.07021
1.14097
1.0939
1.07764
1.12514
1.12885
1.12303
1.14848
1.12256
1.15164
1.24644
1.20418
1.23452
1.20477
1.19605
1.22037
1.22213
1.26947
1.13296
1.04992
1.05618
1.04566
1.02314
1.04672
1.06505
1.14382
1.16181
1.05637
1.05582
1.05512
1.00371
1.00102
1.05164
1.13182
1.13116
1.05074
1.0165
0.987177
1.01552
0.966693
1.00582
1.10938
1.13456
1.04316
1.02475
1.03643
0.995895
1.01759
1.02467
1.13202
1.1179
1.0312
1.02228
1.03339
1.0113
1.00602
1.03987
1.12881
1.09421
1.00027
1.01009
1.02795
1.01665
1.03487
1.01192
1.12064
1.15055
1.07592
1.10137
1.1378
1.11415
1.14726
1.09625
1.17201
0
0
0
0
0
0
0
0
0
0
0
0
0
0
0
0
0
0
0
0
0
0
0
0
0
0
0
0
0
0
0
0
0
0
0
0
0
0
0
0
0
0
0
0
0
0
0
0
0
0
0
0
0
0
0
0
0
0
0
0
0
0
0
0
0
0
0
0
0
0
0
0
0
0
0
0
0
0
0
0
0
0
0
0
0
0
0
0
0
0
0
0
0
0
0
0
0
0
0
0
0
0
0
0
0
0
0
0
0
0
0
0
0
0
0
0
0
0
0
0
0
0
0
0
0
0
0
0
0
0
0
0
0
0
0
0
0
0
0
0
0
0
0
0
0
0
0
0
0
0
0
0
0
0
0
0
0
0
0
0
0
0
0
0
0
0
0
0
0
0
0
0
0
0
0
0
0
0
0
0
0
0
0
0
0
0
0
0
0
0
0
0
0
0
0
0
0
0
0
0
0
0
0
0
0
0
0
0
0
0
0
0
0
0
0
0
0
0
0
0
0
0
0
0
0
0
0
0
0
0
0
0
0
0
0
0
0
0
0
0
0
0
0
0
0
0
0
0
0
0
0
0
0
0
0
0
0
0
0
0
0
0
0
0
0
0
0
0
0
0
0
0
0
0
0
0
0
0
0
0
0
0
0
0
0
0
0
0
0
0
0
0
0
0
0
0
0
0
0
0
0
0
0
0
0
0
0
0
0
0
0
0
0
0
0
0
0
0
0
0
0
0
0
0
0
0
0
0
0
0
0
0
0
0
0
0
0
0
0
0
0
0
0
0
0
0
0
0
0
0
0
0
0
0
0
0
0
0
0
0
0
0
0
0
0
0
0
0
0
0
0
0
0
0
0
0
0
0
0
0
0
0
0
0
0
0
0
0
0
0
0
0
0
0
0
0
0
0
0
0
0
0
0
0
0
0
0
0
0
0
0
0
0
0
0
0
0
0
0
0
0
0
0
0
0
0
0
0
0
0
0
0
0
0
0
0
0
0
0
0
0
0
0
0
0
0
0
0
1.12568
1.07338
1.0957
1.14335
1.11419
1.13507
1.10477
1.18397
0.991126
0.901603
0.949062
0.951642
0.963643
0.92498
0.946482
1.05837
1.01755
0.939914
0.954105
0.968178
0.973417
0.968999
0.979007
1.08069
1.04719
0.977873
0.964425
0.960985
0.972869
0.929085
0.94871
1.05457
1.03636
1.00704
0.987686
1.00723
0.967592
0.948827
0.983385
1.04132
0.974941
0.911806
0.942611
0.9957
0.960946
0.94871
0.935223
1.01239
0.943823
0.898749
0.924629
0.941243
0.927443
0.926622
0.889367
0.929203
0.969077
0.935496
0.968217
0.991048
1.00485
0.951486
0.922127
0.962236
1.15113
1.1113
1.08765
1.10031
1.08901
1.11087
1.09441
1.16552
1.03002
0.936435
0.952072
0.929828
0.924277
0.944019
0.946208
1.02764
1.0344
0.962627
0.927756
0.900078
0.893393
0.935614
0.965989
1.03776
0.992416
0.940735
0.889054
0.86724
0.868647
0.863174
0.917905
0.992025
0.965598
0.908366
0.878421
0.856059
0.863956
0.871736
0.929789
0.995465
0.949648
0.900235
0.887177
0.856529
0.879711
0.899805
0.939758
1.00332
0.9319
0.885887
0.901407
0.890891
0.907115
0.927443
0.927522
0.999648
0.944879
0.928069
0.975176
0.961454
0.96853
0.968686
0.942885
0.964699
1.05778
1.04914
1.06302
1.07088
1.08538
1.08014
1.03112
1.10434
0.989875
0.931314
0.905004
0.889484
0.886474
0.906411
0.944918
0.966497
0.992963
0.925919
0.833933
0.818335
0.837881
0.885418
0.979398
0.977404
0.949296
0.902619
0.825254
0.813096
0.819077
0.826427
0.913683
0.985848
0.952815
0.908718
0.826935
0.8138
0.825215
0.843393
0.939836
0.963448
0.9543
0.903636
0.828968
0.806763
0.838663
0.854027
0.959773
0.989719
0.909343
0.882525
0.862353
0.849844
0.859382
0.907389
0.946208
0.993745
0.997889
0.926779
0.978812
0.997576
1.01075
1.02432
1.00774
1.02342
1.13534
1.0645
1.09109
1.16552
1.14441
1.11478
1.06087
1.19132
0.955121
0.94828
0.980258
0.98749
1.00364
0.954027
0.989249
0.983659
0.97068
0.996833
0.958913
0.955043
0.929515
0.946638
0.999023
1.06063
0.971267
0.97502
0.939249
0.902306
0.921462
0.932838
0.96337
1.02267
0.981274
1.0077
0.944371
0.925762
0.886435
0.92455
0.98233
0.995622
1.01626
0.943784
0.926036
0.914934
0.940891
0.928342
0.954535
0.976075
1.01486
0.877209
0.91681
0.925684
0.937764
0.944683
0.924238
0.986396
1.00055
0.922987
0.968413
1.01243
1.00579
1.01673
0.994253
1.04148
1.25938
1.19953
1.21689
1.22537
1.25446
1.20066
1.18757
1.25086
1.11532
1.02948
1.1086
1.04992
1.05989
1.05375
1.05367
1.13788
1.13174
1.06529
1.03815
1.04777
1.03127
1.05168
1.08909
1.17248
1.12639
1.05915
1.01865
0.982916
1.01501
1.02455
1.05012
1.15833
1.1414
1.06059
1.03229
1.06712
1.01646
1.02197
1.05758
1.15047
1.12271
1.00293
1.02549
0.994957
1.02713
1.05602
1.04984
1.1423
1.09156
0.972009
1.22971
1.0111
1.01861
1.03694
1.02592
1.10977
1.1622
1.06876
1.11529
1.14367
1.13409
1.15395
1.11689
1.16712
1.19183
1.13245
1.1588
1.18987
1.19828
1.20747
1.1688
1.24402
1.11239
1.02236
1.06188
1.08683
1.05739
1.0683
1.06876
1.14242
1.13002
1.05129
1.04941
1.04742
1.02506
1.06095
1.10958
1.18131
1.07893
1.06599
0.987451
0.97803
0.983581
1.01962
1.05782
1.12752
1.08507
1.04507
1.00426
0.966224
0.978421
1.01919
1.09973
1.12494
1.06368
1.00059
0.999023
0.97975
1.00152
1.01599
1.0864
1.13679
1.03835
0.989367
1.03069
1.03124
0.99527
1.04758
1.05317
1.09515
1.07987
1.05934
1.1231
1.11865
1.12811
1.13327
1.09898
1.16052
0.802854
1.05665
1.13964
1.16337
1.18018
1.16173
1.02729
0.789914
1.07369
1.02932
1.08475
1.07435
1.0536
1.01853
1.00954
1.0742
1.09507
1.0475
0.998905
1.00324
1.00801
1.01016
1.04062
1.09687
1.10219
1.06579
1.00543
0.978499
0.989445
1.00477
1.04629
1.12611
1.10207
1.0683
0.999726
0.971032
0.99093
1.00379
1.0475
1.10676
1.06908
1.00594
1.00246
0.983034
0.997928
0.979437
1.05606
1.11544
0.984519
0.938116
0.959265
0.981353
0.97502
0.959265
0.982369
1.06591
0.958014
0.944722
1.02213
1.03249
1.03823
1.02791
0.988585
1.00168
1.24988
1.16876
1.18253
1.20715
1.22823
1.15149
1.15246
1.18511
1.1156
1.01955
1.01654
1.02029
1.01544
0.999218
0.999531
1.10493
1.10973
1.03358
0.992064
0.978772
0.986747
1.00496
1.02596
1.1165
1.095
1.01013
0.97502
0.968726
0.967983
0.938741
0.989171
1.07115
1.07072
1.00528
0.972674
0.973729
0.935653
0.947537
0.992142
1.06396
1.03288
0.969977
0.954769
0.982916
0.958444
0.979281
0.97326
1.05977
0.979554
0.922948
0.950313
0.94441
0.963448
0.951251
0.930962
0.982291
1.05379
0.964816
1.01153
1.02041
1.03487
1.01736
0.993237
1.05891
1.15133
1.12279
1.15547
1.17838
1.19437
1.19226
1.14476
1.20872
1.03217
0.976622
1.00688
1.00321
1.01188
0.991517
0.980414
1.0821
1.02385
0.955825
0.965872
0.949414
0.952111
1.00993
1.02334
1.08714
0.979906
0.974081
0.958444
0.915324
0.922713
0.950782
0.999101
1.05954
0.995465
0.991595
0.953753
0.967318
0.937295
0.975098
0.997342
1.0294
0.96939
0.926466
0.946951
0.929359
0.945661
0.953636
0.987177
1.0403
0.925489
0.870915
0.899023
0.95043
0.935301
0.939953
0.941947
1.01122
0.923534
0.887138
0.942064
0.959148
0.967866
0.98964
0.960751
0.999101
1.24633
1.21826
1.20825
1.20078
1.20684
1.22764
1.20434
1.30203
1.14375
1.02369
1.02967
0.978812
0.984246
0.998358
1.00743
1.13342
1.11466
1.01728
0.979984
0.957349
0.957349
1.0025
1.01368
1.14296
1.05868
0.975606
0.979711
0.952932
0.958679
0.963761
0.980649
1.12447
1.05567
1.02228
0.974785
0.960242
0.968921
0.985301
0.99957
1.12217
1.05708
0.991165
0.966615
0.964464
0.975567
0.973065
1.07557
1.12697
1.00172
0.949179
0.957232
0.9776
0.978108
0.99871
1.0079
1.11568
0.995934
0.969077
0.979163
1.00379
1.00684
1.04406
1.00688
1.0593
1.03186
1.10966
1.12389
1.1455
1.13702
1.12322
1.1
1.08886
1.08436
0.990618
1.01751
1.00352
1.01427
0.984206
0.988858
1.10223
1.07948
0.984754
0.993667
1.00977
0.97197
0.990109
0.993041
1.09081
1.04613
0.96595
0.958092
0.9638
0.957506
0.952502
0.951134
1.07518
1.04988
0.997733
0.965364
0.976857
0.991204
0.951916
0.963565
1.07103
1.03382
0.938428
0.960985
0.942846
0.977326
0.969116
0.967826
1.06192
0.99742
0.908561
0.962588
0.978538
0.985927
0.977365
0.954613
1.07389
1.07869
1.01282
1.03518
1.05927
1.07467
1.06505
1.03276
1.0993
