1	-3.85271	0.00642817	-7	-29
2	-3.50319	0.00540206	-6	-29
3	-5.59883	0.00732563	-5	-29
4	-4.38382	0.00634839	-4	-29
5	-2.03051	0.00515279	-3	-29
6	-0.975846	0.00516709	-2	-29
7	-2.40712	0.00596487	-1	-29
8	-2.83325	0.00604169	0	-29
9	-3.76685	0.00654168	1	-29
10	-4.04657	0.00646405	2	-29
11	-3.71082	0.00571649	3	-29
12	-3.14397	0.00605442	4	-29
13	-1.21971	0.0049668	5	-29
14	-4.68076	0.00667365	6	-29
15	-2.80496	0.00607666	7	-29
16	-4.11739	0.0064523	-10	-28
17	-2.88914	0.00609265	-9	-28
18	-5.2025	0.00678286	-8	-28
19	-4.34379	0.00665537	-7	-28
20	-4.80461	0.00692321	-6	-28
21	-5.62895	0.00704091	-5	-28
22	-5.13781	0.00665087	-4	-28
23	-5.32142	0.00709462	-3	-28
24	-2.32029	0.00592404	-2	-28
25	-3.92441	0.00653133	-1	-28
26	-3.11554	0.00571587	0	-28
27	-1.57699	0.00524746	1	-28
28	-1.2422	0.00515872	2	-28
29	-4.15672	0.00648439	3	-28
30	-4.8372	0.00663875	4	-28
31	-4.04239	0.00620709	5	-28
32	-4.04611	0.00622778	6	-28
33	-5.05823	0.00691597	7	-28
34	-2.08441	0.00516198	8	-28
35	-4.99912	0.00692658	9	-28
36	-3.16118	0.00627673	10	-28
37	-4.67326	0.00662808	-13	-27
38	-3.29505	0.0060532	-12	-27
39	-4.88341	0.00694783	-11	-27
40	-4.33693	0.00603048	-10	-27
41	-3.7699	0.00630238	-9	-27
42	-1.11088	0.00473117	-8	-27
43	-5.83697	0.0069812	-7	-27
44	-4.65832	0.00693102	-6	-27
45	-5.11828	0.00638559	-5	-27
46	-4.98051	0.00647313	-4	-27
47	-3.95881	0.00647606	-3	-27
48	-3.88212	0.0065188	-2	-27
49	-3.19687	0.00633067	-1	-27
50	-4.36095	0.00666478	0	-27
51	-2.01963	0.00570882	1	-27
52	-2.88766	0.00612057	2	-27
53	-4.49319	0.00653752	3	-27
54	-4.41382	0.00664106	4	-27
55	-4.63287	0.00691508	5	-27
56	-5.1364	0.00673033	6	-27
57	-3.82394	0.00635095	7	-27
58	-5.06947	0.00695585	8	-27
59	-3.15049	0.00585146	9	-27
60	-3.57842	0.00623813	10	-27
61	-3.70486	0.00645692	11	-27
62	-4.04134	0.00667841	12	-27
63	-3.89344	0.00642368	13	-27
64	-4.54328	0.00644719	-14	-26
65	-2.8471	0.00605323	-13	-26
66	-1.96833	0.00520182	-12	-26
67	-5.15773	0.00679788	-11	-26
68	-4.36787	0.00645341	-10	-26
69	-3.2991	0.00638994	-9	-26
70	-4.21107	0.00626721	-8	-26
71	-4.25375	0.0062568	-7	-26
72	0.597522	0.00359115	-6	-26
73	-4.70848	0.00649675	-5	-26
74	-3.72488	0.00636981	-4	-26
75	-3.53671	0.00638998	-3	-26
76	-3.25742	0.00630017	-2	-26
77	-3.45795	0.00639329	-1	-26
78	-4.14888	0.00658086	0	-26
79	-5.0112	0.0069834	1	-26
80	-3.09162	0.00623865	2	-26
81	-2.8928	0.0061577	3	-26
82	-3.96863	0.00643874	4	-26
83	-5.35129	0.00667878	5	-26
84	-3.40322	0.00630569	6	-26
85	-3.55371	0.00645839	7	-26
86	-2.83721	0.00616855	8	-26
87	-3.95074	0.00633337	9	-26
88	-2.83234	0.00611462	10	-26
89	-4.6685	0.00675687	11	-26
90	-3.69872	0.00640946	12	-26
91	-2.43842	0.00589557	13	-26
92	-1.2374	0.00509439	14	-26
93	-2.12451	0.00577828	-16	-25
94	-1.93119	0.00571295	-15	-25
95	-5.00956	0.0070037	-14	-25
96	-2.6368	0.00585249	-13	-25
97	-4.68242	0.00665784	-12	-25
98	-5.22538	0.00690858	-11	-25
99	-4.21226	0.0065675	-10	-25
100	-4.00914	0.00644337	-9	-25
101	-6.20818	0.00709316	-8	-25
102	-5.45383	0.00663124	-7	-25
103	-4.93107	0.00641952	-6	-25
104	-5.00564	0.00660342	-5	-25
105	-3.73824	0.00631216	-4	-25
106	-4.98735	0.00682479	-3	-25
107	-3.44291	0.00649295	-2	-25
108	0.115256	0.00460487	-1	-25
109	-3.32289	0.00628716	0	-25
110	-4.55683	0.00658126	1	-25
111	-3.00187	0.00586647	2	-25
112	-4.84055	0.00706319	3	-25
113	-4.65549	0.00648291	4	-25
114	-3.81922	0.00615841	5	-25
115	-3.25096	0.00618341	6	-25
116	-3.68206	0.00646152	7	-25
117	-3.80265	0.006506	8	-25
118	-4.27813	0.00637742	9	-25
119	-1.93743	0.00542702	10	-25
120	-3.99132	0.00639387	11	-25
121	-1.99417	0.00551672	12	-25
122	-2.69081	0.00603749	13	-25
123	-3.47904	0.00626388	14	-25
124	1.10134	0.00406369	15	-25
125	-3.58407	0.006112	16	-25
126	-4.55951	0.00666335	-17	-24
127	-3.22718	0.00615679	-16	-24
128	-3.46949	0.00620344	-15	-24
129	-4.19379	0.00675388	-14	-24
130	-2.83827	0.0061325	-13	-24
131	-3.84392	0.00648182	-12	-24
132	-4.16758	0.00646377	-11	-24
133	-4.76309	0.00684256	-10	-24
134	-4.47104	0.00672025	-9	-24
135	-4.89449	0.00668743	-8	-24
136	-3.33977	0.00642882	-7	-24
137	-4.05747	0.00642443	-6	-24
138	-3.47634	0.00631905	-5	-24
139	-5.59658	0.00667135	-4	-24
140	-4.79448	0.00677379	-3	-24
141	-4.77427	0.00684321	-2	-24
142	-4.52701	0.00688259	-1	-24
143	-3.72555	0.0064609	0	-24
144	-2.72651	0.00599515	1	-24
145	-4.81158	0.00679492	2	-24
146	-3.05302	0.00615543	3	-24
147	-3.80045	0.00645398	4	-24
148	-4.17695	0.00680954	5	-24
149	-4.00083	0.00653368	6	-24
150	-4.1216	0.00673864	7	-24
151	-3.18264	0.00616704	8	-24
152	-3.40361	0.0062619	9	-24
153	-4.38619	0.00682323	10	-24
154	-3.31346	0.0062734	11	-24
155	-2.11362	0.00567283	12	-24
156	-2.69464	0.00589883	13	-24
157	-2.69166	0.00612646	14	-24
158	1.12607	0.00404782	15	-24
159	-3.85012	0.00661271	16	-24
160	-3.54901	0.00639681	17	-24
161	-4.01029	0.00669802	-19	-23
162	-4.82074	0.00695638	-18	-23
163	-3.83863	0.00643961	-17	-23
164	-4.30032	0.00669977	-16	-23
165	-4.01419	0.0063974	-15	-23
166	-4.32508	0.00685529	-14	-23
167	-4.35641	0.00667486	-13	-23
168	-4.16788	0.00653894	-12	-23
169	-5.09112	0.00694975	-11	-23
170	-5.55007	0.00669726	-10	-23
171	-4.81364	0.0067118	-9	-23
172	-6.24202	0.00738018	-8	-23
173	-5.40847	0.00706349	-7	-23
174	-4.80388	0.00646424	-6	-23
175	-5.42973	0.00651456	-5	-23
176	-4.86828	0.0065155	-4	-23
177	-4.29146	0.00656063	-3	-23
178	-4.31869	0.00671727	-2	-23
179	-2.63408	0.00607289	-1	-23
180	-5.21817	0.0069331	0	-23
181	-3.75404	0.0063511	1	-23
182	-4.62289	0.00666959	2	-23
183	-4.45551	0.00677472	3	-23
184	-3.33389	0.00615859	4	-23
185	-4.99315	0.0065542	5	-23
186	-4.25642	0.00651413	6	-23
187	-4.75929	0.0067725	7	-23
188	-3.14738	0.00608993	8	-23
189	-3.73149	0.00664705	9	-23
190	-3.17991	0.00624836	10	-23
191	-3.1239	0.00614299	11	-23
192	-2.86991	0.00611455	12	-23
193	-3.56105	0.00630777	13	-23
194	-2.56814	0.00605759	14	-23
195	-2.16982	0.00584489	15	-23
196	-4.0288	0.00666017	16	-23
197	-0.244299	0.00466054	17	-23
198	-3.68166	0.00650504	18	-23
199	-3.55138	0.00643126	19	-23
200	-3.38141	0.00627881	-20	-22
201	-1.60915	0.00553507	-19	-22
202	2.14251	0.00330177	-18	-22
203	-4.24605	0.00635948	-17	-22
204	-5.40636	0.00713115	-16	-22
205	-3.70557	0.00617453	-15	-22
206	-3.30353	0.00623146	-14	-22
207	-4.15362	0.00650492	-13	-22
208	-4.94494	0.00690748	-12	-22
209	-5.91083	0.00688942	-11	-22
210	-4.19748	0.00640592	-10	-22
211	-5.2988	0.00584479	-9	-22
212	-4.4398	0.0065707	-8	-22
213	-3.97796	0.00618699	-7	-22
214	-4.76639	0.00660005	-6	-22
215	-4.53686	0.00627591	-5	-22
216	-5.4847	0.00694397	-4	-22
217	-4.61042	0.00664715	-3	-22
218	-4.5951	0.00681252	-2	-22
219	-2.39977	0.00568843	-1	-22
220	-4.8991	0.00686319	0	-22
221	-4.4237	0.00659207	1	-22
222	-2.96936	0.0061092	2	-22
223	-3.88068	0.00658733	3	-22
224	-4.84998	0.00686102	4	-22
225	-4.46618	0.00654218	5	-22
226	-4.98411	0.00687406	6	-22
227	-2.88558	0.00599879	7	-22
228	-1.94479	0.00571843	8	-22
229	-2.16269	0.00574034	9	-22
230	-4.07159	0.00662554	10	-22
231	-3.11147	0.00622429	11	-22
232	-2.08762	0.00578956	12	-22
233	0.158946	0.00457984	13	-22
234	-3.75748	0.0066097	14	-22
235	-0.418582	0.00489086	15	-22
236	-0.778919	0.0050679	16	-22
237	-2.35373	0.0059188	17	-22
238	-2.9455	0.0060419	18	-22
239	-0.782463	0.00507847	19	-22
240	-4.60043	0.00672595	20	-22
241	-3.3868	0.00625673	-21	-21
242	-3.62293	0.00644251	-20	-21
243	-3.77102	0.00639515	-19	-21
244	-4.27121	0.00647105	-18	-21
245	-4.75264	0.00675786	-17	-21
246	-3.67341	0.0065617	-16	-21
247	-3.30901	0.00632179	-15	-21
248	-3.62274	0.00643611	-14	-21
249	-4.43696	0.00671372	-13	-21
250	-4.22145	0.00613557	-12	-21
251	-4.87721	0.00673199	-11	-21
252	-4.81325	0.00631946	-10	-21
253	-4.39836	0.00648535	-9	-21
254	-5.19859	0.00668616	-8	-21
255	-4.71634	0.00667895	-7	-21
256	-4.21418	0.00629555	-6	-21
257	-5.46612	0.00675237	-5	-21
258	-5.0748	0.00678066	-4	-21
259	-4.86394	0.00688918	-3	-21
260	-3.69161	0.00635219	-2	-21
261	-5.7268	0.00712539	-1	-21
262	-3.65737	0.00625997	0	-21
263	-5.32347	0.0067749	1	-21
264	-4.49649	0.0064818	2	-21
265	-4.12774	0.00646028	3	-21
266	-4.6731	0.00651753	4	-21
267	-3.15292	0.00624303	5	-21
268	-4.4057	0.00680693	6	-21
269	-3.37098	0.00628573	7	-21
270	-3.93069	0.00672611	8	-21
271	-3.79081	0.00641972	9	-21
272	-3.05311	0.0062567	10	-21
273	-4.80694	0.00681719	11	-21
274	-4.32212	0.006966	12	-21
275	-3.69909	0.00651977	13	-21
276	-2.81265	0.00607069	14	-21
277	-1.54536	0.00550935	15	-21
278	-2.14263	0.00580574	16	-21
279	-3.42145	0.00578626	17	-21
280	-3.19861	0.00630934	18	-21
281	-4.03059	0.00653803	19	-21
282	-3.81276	0.00639973	20	-21
283	-3.60505	0.00646547	21	-21
284	-4.50322	0.00663764	-22	-20
285	-2.46474	0.00599547	-21	-20
286	-3.47709	0.00631233	-20	-20
287	0.023249	0.00465482	-19	-20
288	-2.94569	0.00610089	-18	-20
289	-2.00109	0.00573894	-17	-20
290	-3.68305	0.0064597	-16	-20
291	-3.89103	0.00653363	-15	-20
292	-5.32798	0.00694833	-14	-20
293	-4.41812	0.00658488	-13	-20
294	-4.483	0.00671149	-12	-20
295	-4.54719	0.00655714	-11	-20
296	-4.10637	0.00641371	-10	-20
297	-5.30109	0.00681079	-9	-20
298	-2.62472	0.0059649	-8	-20
299	-4.34029	0.00646028	-7	-20
300	-4.93404	0.00670688	-6	-20
301	-6.21422	0.00716535	-5	-20
302	-4.29744	0.00661511	-4	-20
303	-5.61366	0.00690864	-3	-20
304	-3.80837	0.00647088	-2	-20
305	-4.30817	0.00632281	-1	-20
306	-3.49459	0.00626794	0	-20
307	-4.6846	0.00654312	1	-20
308	-4.82858	0.00696913	2	-20
309	-3.10403	0.00623011	3	-20
310	-4.21527	0.00687448	4	-20
311	-4.12946	0.00662805	5	-20
312	-4.34766	0.00649498	6	-20
313	-4.60808	0.00671586	7	-20
314	-2.50935	0.00594101	8	-20
315	-1.54096	0.00551006	9	-20
316	-1.57407	0.00549752	10	-20
317	-4.98172	0.00676634	11	-20
318	-1.08989	0.0052654	12	-20
319	-3.60245	0.00634231	13	-20
320	-4.18771	0.00668175	14	-20
321	1.38401	0.00392447	15	-20
322	0.182706	0.00457055	16	-20
323	-1.63485	0.00555279	17	-20
324	0.967126	0.00414274	18	-20
325	-2.72466	0.00607151	19	-20
326	2.39481	0.0033489	20	-20
327	-2.71513	0.00609835	21	-20
328	-4.15369	0.00643905	22	-20
329	-3.80674	0.00627557	-23	-19
330	-0.663193	0.0050198	-22	-19
331	-3.52862	0.00651815	-21	-19
332	2.53537	0.00327382	-20	-19
333	-1.17817	0.00529167	-19	-19
334	-2.32419	0.0056745	-18	-19
335	-2.45378	0.00593038	-17	-19
336	-3.87329	0.00665841	-16	-19
337	-5.63989	0.00719387	-15	-19
338	-3.00607	0.00609174	-14	-19
339	-4.0994	0.00651909	-13	-19
340	-4.41802	0.00650019	-12	-19
341	-3.93781	0.00643306	-11	-19
342	-6.03761	0.00705381	-10	-19
343	-4.10838	0.00640587	-9	-19
344	-5.3437	0.00671596	-8	-19
345	-3.88421	0.00635059	-7	-19
346	-4.74697	0.00655518	-6	-19
347	-3.90528	0.00645746	-5	-19
348	-5.78923	0.00685011	-4	-19
349	-2.92003	0.00549685	-3	-19
350	-5.24695	0.00701023	-2	-19
351	-3.21147	0.00619977	-1	-19
352	-4.15326	0.00666244	0	-19
353	-3.67188	0.00630966	1	-19
354	-4.01399	0.00653355	2	-19
355	-3.75298	0.00642174	3	-19
356	-3.87742	0.0063661	4	-19
357	-4.58842	0.00683063	5	-19
358	-3.87199	0.00626267	6	-19
359	-5.39894	0.00703324	7	-19
360	-3.68247	0.00651469	8	-19
361	-2.7229	0.00604001	9	-19
362	-3.33663	0.00639312	10	-19
363	-4.30477	0.00669576	11	-19
364	-4.43083	0.00660931	12	-19
365	-4.0609	0.00664599	13	-19
366	2.48771	0.00331029	14	-19
367	-4.21997	0.00683877	15	-19
368	-2.90178	0.00620578	16	-19
369	-2.16712	0.00583532	17	-19
370	-3.7911	0.00639166	18	-19
371	-3.14204	0.00622287	19	-19
372	-4.60223	0.00687567	20	-19
373	-1.01588	0.00520982	21	-19
374	-3.95498	0.00648259	22	-19
375	-5.89164	0.00678273	23	-19
376	-3.70461	0.00653747	-23	-18
377	-3.81662	0.00657725	-22	-18
378	-2.58516	0.00606036	-21	-18
379	-0.367114	0.00486639	-20	-18
380	-5.4489	0.00774531	-19	-18
381	-3.84247	0.00636655	-18	-18
382	-4.47377	0.00688506	-17	-18
383	-3.16601	0.00639689	-16	-18
384	-3.26964	0.00615715	-15	-18
385	-4.0241	0.00667775	-14	-18
386	-3.80565	0.00617001	-13	-18
387	-4.67808	0.00664503	-12	-18
388	-6.06394	0.00732329	-11	-18
389	-5.38643	0.00713147	-10	-18
390	-4.78081	0.0068922	-9	-18
391	-5.22611	0.00699068	-8	-18
392	-4.91015	0.00650758	-7	-18
393	-4.69493	0.00668434	-6	-18
394	-3.96166	0.00620864	-5	-18
395	-6.05734	0.00689567	-4	-18
396	-6.06289	0.00698958	-3	-18
397	-4.20245	0.00618254	-2	-18
398	-1.99377	0.00552895	-1	-18
399	-4.64869	0.00657453	0	-18
400	-3.95427	0.00604145	1	-18
401	-4.34293	0.0066975	2	-18
402	-4.14918	0.00633439	3	-18
403	-6.2017	0.00724068	4	-18
404	-5.34331	0.00701435	5	-18
405	-2.88546	0.00577638	6	-18
406	-3.397	0.00645175	7	-18
407	-3.31079	0.00593562	8	-18
408	-4.06018	0.0065207	9	-18
409	-2.91974	0.00600142	10	-18
410	-4.4195	0.00670243	11	-18
411	-3.47147	0.00636311	12	-18
412	-4.36284	0.00661573	13	-18
413	-3.93643	0.00642368	14	-18
414	-5.32625	0.0070342	15	-18
415	-3.02171	0.00623267	16	-18
416	-2.84877	0.00609424	17	-18
417	-3.58266	0.00648887	18	-18
418	-3.63617	0.00643703	19	-18
419	-3.82681	0.00648916	20	-18
420	-3.17388	0.00637358	21	-18
421	-3.44789	0.00637025	22	-18
422	-1.92372	0.00566608	23	-18
423	-1.94089	0.00570902	-24	-17
424	-0.172031	0.00475904	-23	-17
425	-2.5113	0.00601137	-22	-17
426	-3.09943	0.00634524	-21	-17
427	-1.41503	0.00542318	-20	-17
428	-3.98018	0.00649815	-19	-17
429	-3.67587	0.00642641	-18	-17
430	-4.47422	0.00631611	-17	-17
431	-3.20177	0.00612944	-16	-17
432	-3.43211	0.00618988	-15	-17
433	-2.27879	0.005569	-14	-17
434	-4.11086	0.00653859	-13	-17
435	-5.23672	0.00707702	-12	-17
436	-0.800959	0.00486705	-11	-17
437	-3.672	0.0063988	-10	-17
438	-5.01634	0.00673469	-9	-17
439	-4.80449	0.00641945	-8	-17
440	-4.36935	0.00642986	-7	-17
441	-3.98378	0.00639511	-6	-17
442	-2.61888	0.0056141	-5	-17
443	-5.12608	0.00670847	-4	-17
444	-2.58095	0.0057837	-3	-17
445	-4.47878	0.00653604	-2	-17
446	-4.61675	0.00666703	-1	-17
447	-5.27943	0.00701555	0	-17
448	-3.60058	0.00623283	1	-17
449	-4.20074	0.00649504	2	-17
450	-4.1433	0.00635779	3	-17
451	-4.14688	0.00648781	4	-17
452	-2.16214	0.00553439	5	-17
453	-4.78707	0.00680639	6	-17
454	-3.32474	0.00609781	7	-17
455	-3.26284	0.0063892	8	-17
456	-4.39487	0.00683261	9	-17
457	-4.91048	0.0071391	10	-17
458	-4.46237	0.00660306	11	-17
459	-3.66346	0.0064972	12	-17
460	-3.25222	0.00642868	13	-17
461	-4.13923	0.00661501	14	-17
462	-3.51653	0.00640504	15	-17
463	-3.44812	0.00643803	16	-17
464	-3.88096	0.00663611	17	-17
465	-4.71778	0.0069454	18	-17
466	0.338187	0.00448065	19	-17
467	-3.03679	0.00625448	20	-17
468	-4.10023	0.00657061	21	-17
469	-2.90688	0.00609747	22	-17
470	-4.77777	0.00685238	23	-17
471	-3.15214	0.0062401	24	-17
472	-3.00647	0.00614436	-25	-16
473	-3.2197	0.00638321	-24	-16
474	-3.94161	0.0064511	-23	-16
475	-4.02854	0.00673561	-22	-16
476	-3.04943	0.00627552	-21	-16
477	-4.22136	0.00652689	-20	-16
478	-3.45385	0.00611407	-19	-16
479	-4.36222	0.0066352	-18	-16
480	-3.64171	0.00545929	-17	-16
481	-4.28716	0.0066615	-16	-16
482	-4.76515	0.00671067	-15	-16
483	-3.7647	0.00638452	-14	-16
484	-4.03831	0.00643288	-13	-16
485	-3.25703	0.00631538	-12	-16
486	-4.28633	0.00661697	-11	-16
487	-5.84382	0.00721173	-10	-16
488	-5.58855	0.00702858	-9	-16
489	-4.53728	0.00638954	-8	-16
490	-2.06136	0.00526975	-7	-16
491	-4.03687	0.00631909	-6	-16
492	-2.95321	0.00542707	-5	-16
493	-2.58525	0.00561102	-4	-16
494	-3.94305	0.00630947	-3	-16
495	-5.03779	0.00673647	-2	-16
496	-4.56472	0.00671	-1	-16
497	-3.68093	0.00619961	0	-16
498	-4.84563	0.00663532	1	-16
499	-4.84663	0.00685717	2	-16
500	-4.55131	0.00670332	3	-16
501	-4.59426	0.00669438	4	-16
502	-1.39267	0.00540585	5	-16
503	-3.78013	0.00649567	6	-16
504	-5.07166	0.00696526	7	-16
505	-3.26852	0.00619569	8	-16
506	-3.08646	0.00627741	9	-16
507	-5.35894	0.00714178	10	-16
508	-3.53939	0.00614072	11	-16
509	-3.91461	0.00659294	12	-16
510	-2.79035	0.00593307	13	-16
511	-3.32373	0.00643062	14	-16
512	-3.0217	0.00618418	15	-16
513	0.914039	0.00416105	16	-16
514	-0.672998	0.0050307	17	-16
515	1.49166	0.00384779	18	-16
516	-2.74444	0.00613918	19	-16
517	-2.44377	0.00590715	20	-16
518	-4.3601	0.00672682	21	-16
519	-2.61002	0.00581946	22	-16
520	-4.22991	0.00666453	23	-16
521	-4.1539	0.00676248	24	-16
522	-3.33441	0.00626362	25	-16
523	-1.92535	0.00570495	-25	-15
524	-1.25213	0.00534441	-24	-15
525	-1.59655	0.00552138	-23	-15
526	0.942217	0.00412062	-22	-15
527	-4.66098	0.00667522	-21	-15
528	-4.18603	0.00684785	-20	-15
529	-3.59748	0.00643766	-19	-15
530	-4.5171	0.0063334	-18	-15
531	-3.30516	0.00600116	-17	-15
532	-3.76273	0.0064163	-16	-15
533	-3.85141	0.00589986	-15	-15
534	-4.0604	0.00639304	-14	-15
535	-1.25984	0.00492253	-13	-15
536	-1.91403	0.00525375	-12	-15
537	-3.08759	0.0059714	-11	-15
538	-3.49259	0.00603132	-10	-15
539	-2.47461	0.00515162	-9	-15
540	-1.60802	0.00509598	-8	-15
541	-4.39455	0.00644201	-7	-15
542	-6.15047	0.00702942	-6	-15
543	-4.28573	0.00632429	-5	-15
544	-5.18083	0.00678951	-4	-15
545	-5.22955	0.00660522	-3	-15
546	-4.09287	0.0065135	-2	-15
547	-2.58109	0.00584759	-1	-15
548	-3.28324	0.00619448	0	-15
549	-4.66197	0.0065164	1	-15
550	-4.79888	0.00657975	2	-15
551	-4.62709	0.00655404	3	-15
552	-4.68053	0.00656065	4	-15
553	-5.4753	0.00674495	5	-15
554	-3.10203	0.00592309	6	-15
555	-4.93917	0.00706055	7	-15
556	-3.93359	0.00661915	8	-15
557	-4.67077	0.00658842	9	-15
558	-3.49245	0.00633343	10	-15
559	-5.35119	0.00676171	11	-15
560	-4.14296	0.00667844	12	-15
561	-3.66038	0.00623721	13	-15
562	-2.93537	0.00617868	14	-15
563	-4.35326	0.00668835	15	-15
564	-3.72726	0.00639089	16	-15
565	0.290341	0.00451115	17	-15
566	-1.40234	0.0054345	18	-15
567	-0.275815	0.00482102	19	-15
568	-3.03888	0.00615646	20	-15
569	2.96649	0.00303153	21	-15
570	-4.00075	0.00644466	22	-15
571	-4.03463	0.00664281	23	-15
572	0.142319	0.00459697	24	-15
573	-3.68677	0.00623328	25	-15
574	-3.25527	0.00611632	-26	-14
575	-1.676	0.00558602	-25	-14
576	-2.31314	0.00595653	-24	-14
577	-3.92853	0.00657997	-23	-14
578	-3.79692	0.00656121	-22	-14
579	-3.46487	0.00634233	-21	-14
580	-3.17464	0.00621701	-20	-14
581	-3.21088	0.00627154	-19	-14
582	-2.52295	0.00579161	-18	-14
583	-3.22158	0.00622247	-17	-14
584	-4.99217	0.00671742	-16	-14
585	-3.81439	0.0063256	-15	-14
586	-4.7106	0.00679742	-14	-14
587	-5.38796	0.00713183	-13	-14
588	-4.14782	0.00678911	-12	-14
589	-4.14232	0.00637772	-11	-14
590	-4.86378	0.00669991	-10	-14
591	-4.36029	0.00655619	-9	-14
592	-3.72908	0.00637621	-8	-14
593	-3.97502	0.00647489	-7	-14
594	-4.27316	0.00670917	-6	-14
595	-4.26178	0.00654562	-5	-14
596	-4.58944	0.00666637	-4	-14
597	-4.46563	0.00655638	-3	-14
598	-4.96898	0.00704016	-2	-14
599	-3.71325	0.00631724	-1	-14
600	-4.59273	0.00654927	0	-14
601	-5.11773	0.00663153	1	-14
602	-3.98384	0.00647305	2	-14
603	-4.47017	0.00656864	3	-14
604	-5.56385	0.00704021	4	-14
605	-5.61285	0.00686703	5	-14
606	-3.41012	0.00626988	6	-14
607	-4.51158	0.00655401	7	-14
608	-3.77449	0.00624571	8	-14
609	-4.18766	0.0065763	9	-14
610	-3.745	0.00642982	10	-14
611	-4.39563	0.00664642	11	-14
612	-4.63698	0.00675509	12	-14
613	-2.43733	0.0058537	13	-14
614	-5.61832	0.00718441	14	-14
615	-3.25208	0.00626674	15	-14
616	-3.08723	0.00612906	16	-14
617	-3.61907	0.00635765	17	-14
618	-3.94635	0.00668141	18	-14
619	-3.38882	0.00641005	19	-14
620	-3.2835	0.00624986	20	-14
621	-2.55428	0.00600961	21	-14
622	-0.285708	0.00481695	22	-14
623	-3.90589	0.0065999	23	-14
624	-0.882336	0.00491038	24	-14
625	-3.58866	0.00635622	25	-14
626	-2.84253	0.00620224	26	-14
627	-4.81223	0.00656329	-27	-13
628	-2.42881	0.00586323	-26	-13
629	-0.105969	0.00472223	-25	-13
630	-3.3267	0.00631009	-24	-13
631	-2.78416	0.00617771	-23	-13
632	-2.65957	0.00603799	-22	-13
633	-3.49836	0.0063883	-21	-13
634	-2.89056	0.00612954	-20	-13
635	-4.81607	0.00687426	-19	-13
636	-3.72826	0.00663624	-18	-13
637	-3.76136	0.00632034	-17	-13
638	-4.34516	0.00674576	-16	-13
639	-4.72664	0.0064301	-15	-13
640	-4.1011	0.00656263	-14	-13
641	-3.19538	0.00613439	-13	-13
642	-4.07805	0.0065116	-12	-13
643	-4.03024	0.00631569	-11	-13
644	-4.14558	0.00631858	-10	-13
645	-4.99166	0.0067322	-9	-13
646	-3.72495	0.00597656	-8	-13
647	-5.35779	0.00669489	-7	-13
648	-4.76535	0.00659181	-6	-13
649	-5.02081	0.00680219	-5	-13
650	-5.84567	0.00673591	-4	-13
651	-4.06463	0.00647169	-3	-13
652	-4.05577	0.00647322	-2	-13
653	-4.66233	0.00673008	-1	-13
654	-4.59157	0.00650985	0	-13
655	-4.14439	0.00633569	1	-13
656	-4.41663	0.00645011	2	-13
657	-4.86647	0.00656065	3	-13
658	-5.64287	0.00712306	4	-13
659	-5.5595	0.00698417	5	-13
660	-4.49144	0.0066434	6	-13
661	-5.71081	0.00704661	7	-13
662	-3.83629	0.00641778	8	-13
663	-4.24915	0.0064694	9	-13
664	-3.99595	0.00650671	10	-13
665	-3.48082	0.00635942	11	-13
666	-3.98176	0.00659701	12	-13
667	-3.34175	0.00602835	13	-13
668	-0.494476	0.00492868	14	-13
669	-3.14204	0.0059334	15	-13
670	-4.20119	0.00663126	16	-13
671	-3.29413	0.00618248	17	-13
672	-4.02975	0.00668513	18	-13
673	-4.36942	0.00687149	19	-13
674	-3.32147	0.00643661	20	-13
675	1.24058	0.00398237	21	-13
676	-3.57152	0.00645915	22	-13
677	-0.175921	0.00474992	23	-13
678	-3.46542	0.00644518	24	-13
679	-3.2458	0.00640093	25	-13
680	-3.57193	0.00625478	26	-13
681	-5.33657	0.006885	27	-13
682	-4.51458	0.00661886	-27	-12
683	1.94178	0.00359654	-26	-12
684	-2.78805	0.00610063	-25	-12
685	-3.81579	0.00642597	-24	-12
686	-2.89515	0.00616573	-23	-12
687	-3.87857	0.00656098	-22	-12
688	-3.73586	0.00668136	-21	-12
689	-4.5395	0.0067853	-20	-12
690	-4.24218	0.00659049	-19	-12
691	-3.60424	0.00632702	-18	-12
692	-4.17058	0.00656115	-17	-12
693	-0.160265	0.00475349	-16	-12
694	-4.97818	0.0068634	-15	-12
695	-3.17297	0.00610453	-14	-12
696	-4.83624	0.00665077	-13	-12
697	-5.00308	0.00661949	-12	-12
698	-4.39387	0.00669282	-11	-12
699	-4.86429	0.00655697	-10	-12
700	-4.35828	0.00671977	-9	-12
701	-5.2473	0.00697824	-8	-12
702	-4.2275	0.00649197	-7	-12
703	-5.18971	0.0066113	-6	-12
704	-5.15372	0.00700795	-5	-12
705	-4.93356	0.00658573	-4	-12
706	-4.84741	0.00679489	-3	-12
707	-4.68384	0.00658604	-2	-12
708	-5.16076	0.00679445	-1	-12
709	-5.60501	0.00697061	0	-12
710	-5.87074	0.00701607	1	-12
711	-5.45943	0.00708726	2	-12
712	-4.90589	0.00686615	3	-12
713	-3.63054	0.00627194	4	-12
714	-4.24127	0.00656847	5	-12
715	-3.86436	0.00641846	6	-12
716	-4.43389	0.00663352	7	-12
717	-4.10818	0.00659751	8	-12
718	-4.60952	0.00677661	9	-12
719	-4.71402	0.00665862	10	-12
720	-4.01974	0.00659475	11	-12
721	-4.0042	0.00665199	12	-12
722	-4.76242	0.0064784	13	-12
723	-4.4524	0.00665548	14	-12
724	-4.48131	0.00676241	15	-12
725	-4.36239	0.00692818	16	-12
726	-2.41453	0.00591597	17	-12
727	-3.89433	0.0065236	18	-12
728	-3.51457	0.00606312	19	-12
729	-4.2205	0.00677404	20	-12
730	-3.30756	0.00637914	21	-12
731	-4.62764	0.00676931	22	-12
732	-1.1629	0.00529907	23	-12
733	-4.11423	0.00649727	24	-12
734	-3.81397	0.00636558	25	-12
735	-2.4998	0.00579205	26	-12
736	-4.02151	0.00649357	27	-12
737	-2.54812	0.00574629	-27	-11
738	-4.91226	0.00692875	-26	-11
739	-3.03165	0.00604227	-25	-11
740	-3.9272	0.00634962	-24	-11
741	-4.12041	0.00647577	-23	-11
742	-3.69544	0.00644617	-22	-11
743	-4.24316	0.00657029	-21	-11
744	-4.0692	0.00649628	-20	-11
745	-4.16778	0.00646013	-19	-11
746	-3.5703	0.00610349	-18	-11
747	-5.659	0.00702107	-17	-11
748	-4.10017	0.00645062	-16	-11
749	-3.14912	0.00609394	-15	-11
750	-3.99865	0.00629169	-14	-11
751	-5.15156	0.0067786	-13	-11
752	-4.40785	0.00654398	-12	-11
753	-5.84501	0.00717705	-11	-11
754	-4.79612	0.00662699	-10	-11
755	-5.77019	0.0069564	-9	-11
756	-5.47522	0.00680283	-8	-11
757	-5.86481	0.00705929	-7	-11
758	-5.67207	0.00684431	-6	-11
759	-5.56252	0.00696855	-5	-11
760	-5.46246	0.00705442	-4	-11
761	-5.19621	0.00703817	-3	-11
762	-4.34919	0.0063617	-2	-11
763	-5.77227	0.0070746	-1	-11
764	-5.11371	0.00678719	0	-11
765	-5.05459	0.00682266	1	-11
766	-5.6425	0.0069048	2	-11
767	-5.26198	0.00673614	3	-11
768	-4.95495	0.00688753	4	-11
769	-4.57123	0.00657354	5	-11
770	-4.93497	0.00693131	6	-11
771	-4.75514	0.00659892	7	-11
772	-4.87481	0.00677863	8	-11
773	-3.71796	0.00638685	9	-11
774	-4.48592	0.00666417	10	-11
775	-4.32329	0.00660974	11	-11
776	-4.76112	0.00666557	12	-11
777	-3.87478	0.00652483	13	-11
778	-4.96341	0.00698296	14	-11
779	-3.50545	0.00643105	15	-11
780	-3.88199	0.00650804	16	-11
781	-4.07769	0.00686747	17	-11
782	-2.49438	0.00579472	18	-11
783	-2.546	0.00574575	19	-11
784	-3.53643	0.00629688	20	-11
785	-3.06198	0.00600512	21	-11
786	-3.31488	0.00638522	22	-11
787	-4.07704	0.00574404	23	-11
788	-0.476948	0.0049858	24	-11
789	-2.83548	0.00614075	25	-11
790	-0.483236	0.00492482	26	-11
791	-1.82659	0.00564963	27	-11
792	-5.68921	0.00687065	-28	-10
793	-0.761829	0.005084	-27	-10
794	-4.18	0.0065988	-26	-10
795	-2.28291	0.00590772	-25	-10
796	-3.36333	0.00642676	-24	-10
797	-2.95748	0.0062297	-23	-10
798	-4.49129	0.00673315	-22	-10
799	-4.83448	0.00703529	-21	-10
800	-5.04636	0.00679321	-20	-10
801	-3.27182	0.00639966	-19	-10
802	-3.80827	0.00656292	-18	-10
803	-4.08224	0.00668999	-17	-10
804	-3.01623	0.00581497	-16	-10
805	-3.9109	0.00646651	-15	-10
806	-3.809	0.00634288	-14	-10
807	-5.13273	0.00663604	-13	-10
808	-5.02664	0.00678077	-12	-10
809	-4.64676	0.00665409	-11	-10
810	-4.91726	0.00667969	-10	-10
811	-2.73781	0.00595171	-9	-10
812	-4.18966	0.00653613	-8	-10
813	-4.13552	0.00646625	-7	-10
814	-4.62293	0.00652137	-6	-10
815	-4.62975	0.00671121	-5	-10
816	-3.41103	0.00608403	-4	-10
817	-4.66469	0.0065988	-3	-10
818	-5.39708	0.00677544	-2	-10
819	-3.47412	0.00641437	-1	-10
820	-4.14395	0.00639754	0	-10
821	-3.86929	0.00596094	1	-10
822	-4.58711	0.00649839	2	-10
823	-4.68596	0.00623597	3	-10
824	-3.95721	0.00651337	4	-10
825	-4.71288	0.00672744	5	-10
826	-3.13122	0.00591791	6	-10
827	-4.2911	0.00642245	7	-10
828	-3.77331	0.00654698	8	-10
829	-4.3287	0.00678973	9	-10
830	-4.68261	0.00645824	10	-10
831	-6.46601	0.00763978	11	-10
832	-3.40155	0.00634151	12	-10
833	-4.66476	0.00674911	13	-10
834	-3.35983	0.00613468	14	-10
835	-2.08332	0.0056049	15	-10
836	-4.01419	0.00659684	16	-10
837	-2.48414	0.00587964	17	-10
838	-3.62397	0.00661139	18	-10
839	-3.11305	0.00607282	19	-10
840	-3.68011	0.00648919	20	-10
841	0.647579	0.00430893	21	-10
842	-0.536963	0.0049505	22	-10
843	-2.82549	0.00612257	23	-10
844	-3.15533	0.00637892	24	-10
845	-2.29666	0.00576305	25	-10
846	-0.0179381	0.00467851	26	-10
847	-2.03917	0.00575259	27	-10
848	-4.27632	0.00675112	28	-10
849	-2.43318	0.00596638	-28	-9
850	-2.75952	0.00615929	-27	-9
851	-0.221747	0.00478251	-26	-9
852	2.12882	0.00348924	-25	-9
853	-3.94389	0.00639582	-24	-9
854	2.18774	0.00346695	-23	-9
855	-3.07668	0.00616859	-22	-9
856	-3.75584	0.00641111	-21	-9
857	-4.93748	0.00683943	-20	-9
858	-5.29059	0.00657774	-19	-9
859	-4.71335	0.00660971	-18	-9
860	-2.62069	0.00584965	-17	-9
861	-4.84444	0.00686371	-16	-9
862	-5.13218	0.00682293	-15	-9
863	-4.09706	0.00632999	-14	-9
864	-4.74679	0.00670712	-13	-9
865	-2.90726	0.00610974	-12	-9
866	-4.47162	0.00674771	-11	-9
867	-4.40909	0.00631898	-10	-9
868	-5.0651	0.00671366	-9	-9
869	-5.92679	0.00712029	-8	-9
870	-5.21229	0.00665149	-7	-9
871	-4.44558	0.00653847	-6	-9
872	-4.69197	0.00671828	-5	-9
873	-5.33156	0.00687807	-4	-9
874	-4.99889	0.00642695	-3	-9
875	-5.42792	0.00679763	-2	-9
876	-3.12846	0.0060633	-1	-9
877	-5.00419	0.00672934	0	-9
878	-3.97347	0.00592649	1	-9
879	-6.06991	0.00705126	2	-9
880	-5.33545	0.00685262	3	-9
881	-4.53963	0.00662618	4	-9
882	-5.15818	0.00673398	5	-9
883	-4.79812	0.00665391	6	-9
884	-4.23627	0.00632185	7	-9
885	-4.10451	0.00646598	8	-9
886	-3.62206	0.00627661	9	-9
887	-3.7447	0.00638748	10	-9
888	-4.54637	0.00678659	11	-9
889	-3.23821	0.00626102	12	-9
890	-4.12648	0.00632091	13	-9
891	-4.45582	0.0066147	14	-9
892	-0.628049	0.00456284	15	-9
893	-0.603104	0.00498261	16	-9
894	-3.96789	0.00652891	17	-9
895	-3.49418	0.00603464	18	-9
896	-2.70838	0.00584647	19	-9
897	-3.16864	0.00618502	20	-9
898	-1.52133	0.00526015	21	-9
899	-3.53964	0.0063673	22	-9
900	-2.20125	0.00578368	23	-9
901	-2.64007	0.00599593	24	-9
902	-0.875314	0.00498581	25	-9
903	-4.02658	0.00661844	26	-9
904	-0.955213	0.00518431	27	-9
905	-0.922071	0.00513969	28	-9
906	-3.69794	0.00639795	-28	-8
907	0.772294	0.00422942	-27	-8
908	-3.95409	0.00660172	-26	-8
909	-1.26849	0.00520951	-25	-8
910	-3.35998	0.00620884	-24	-8
911	-4.5032	0.0065824	-23	-8
912	-4.18768	0.00640491	-22	-8
913	-4.07297	0.00650672	-21	-8
914	-4.2874	0.00650264	-20	-8
915	-5.0222	0.00655551	-19	-8
916	-3.99359	0.00616624	-18	-8
917	-4.06689	0.00623954	-17	-8
918	-5.09449	0.00655234	-16	-8
919	-4.89915	0.00660104	-15	-8
920	-4.82413	0.0066568	-14	-8
921	-2.47936	0.00542418	-13	-8
922	-4.5024	0.00670753	-12	-8
923	-4.66396	0.00626738	-11	-8
924	-4.50779	0.00666492	-10	-8
925	-2.89081	0.00559244	-9	-8
926	-3.11761	0.0059272	-8	-8
927	-3.38169	0.00588685	-7	-8
928	-5.03839	0.00669823	-6	-8
929	-3.50533	0.00605345	-5	-8
930	-4.76851	0.00638227	-4	-8
931	-3.48369	0.00595893	-3	-8
932	-3.5326	0.00609413	-2	-8
933	-2.60368	0.00590521	-1	-8
934	-4.10117	0.00646218	0	-8
935	-4.67976	0.00645379	1	-8
936	-5.70909	0.00682822	2	-8
937	-5.8609	0.00727023	3	-8
938	-4.93407	0.00650237	4	-8
939	-3.48257	0.00602123	5	-8
940	-5.99828	0.00697268	6	-8
941	-5.18418	0.00668998	7	-8
942	-4.82845	0.00699721	8	-8
943	-2.70879	0.00591071	9	-8
944	-3.61954	0.00629733	10	-8
945	-5.48951	0.00712423	11	-8
946	-2.87945	0.00603241	12	-8
947	-3.51022	0.0061153	13	-8
948	-4.52011	0.00657346	14	-8
949	-2.82045	0.00563767	15	-8
950	-0.434303	0.00481249	16	-8
951	-4.0206	0.00662068	17	-8
952	-4.07636	0.00643093	18	-8
953	-3.55254	0.00648655	19	-8
954	-3.49087	0.00631856	20	-8
955	-5.38182	0.00620123	21	-8
956	-1.79744	0.00553372	22	-8
957	-1.98268	0.00544788	23	-8
958	-3.66587	0.00645521	24	-8
959	-3.57543	0.00640085	25	-8
960	-4.43914	0.00689324	26	-8
961	-4.83315	0.0068048	27	-8
962	-4.68881	0.00664225	28	-8
963	-4.47521	0.00656654	-29	-7
964	-2.63835	0.00587567	-28	-7
965	-3.37047	0.00640731	-27	-7
966	-3.71814	0.00641407	-26	-7
967	-4.22502	0.00639724	-25	-7
968	-2.61109	0.00590024	-24	-7
969	-3.6633	0.00616616	-23	-7
970	1.12043	0.00335048	-22	-7
971	-4.7804	0.00665175	-21	-7
972	-3.3677	0.00625325	-20	-7
973	-3.88585	0.0062433	-19	-7
974	-4.94757	0.00670624	-18	-7
975	-4.7807	0.00650648	-17	-7
976	-2.99974	0.00601066	-16	-7
977	-4.36193	0.00647361	-15	-7
978	-6.21343	0.00722601	-14	-7
979	-3.81632	0.00592563	-13	-7
980	-5.10296	0.0067433	-12	-7
981	-4.27882	0.00643205	-11	-7
982	-4.64354	0.00635692	-10	-7
983	-3.79259	0.00600931	-9	-7
984	-5.8417	0.00681087	-8	-7
985	-4.89485	0.00620849	-7	-7
986	-4.75407	0.00669975	-6	-7
987	-5.20633	0.00675356	-5	-7
988	-4.38987	0.00640538	-4	-7
989	-7.13199	0.00705235	-3	-7
990	-5.48837	0.00669968	-2	-7
991	0.483355	0.00214714	-1	-7
992	-2.94278	0.00592886	0	-7
993	-5.45327	0.00707588	1	-7
994	-5.81241	0.00695197	2	-7
995	-2.78184	0.00525656	3	-7
996	-4.26249	0.00589079	4	-7
997	-5.17097	0.00678291	5	-7
998	-5.46188	0.00698115	6	-7
999	-3.2314	0.00577644	7	-7
1000	-1.92659	0.00505784	8	-7
1001	-4.06313	0.00635668	9	-7
1002	-3.66603	0.00633489	10	-7
1003	-5.86611	0.007115	11	-7
1004	-5.51791	0.00729569	12	-7
1005	-3.59014	0.00602671	13	-7
1006	-4.35304	0.0066296	14	-7
1007	-3.91612	0.0064135	15	-7
1008	-4.14987	0.00653953	16	-7
1009	-1.78665e+07	-3.18267e+09	17	-7
1010	-4.35637	0.0062536	18	-7
1011	-0.213179	0.00479174	19	-7
1012	-3.70795	0.00644871	20	-7
1013	-3.94664	0.00652475	21	-7
1014	-4.58825	0.00683781	22	-7
1015	-4.25087	0.00666025	23	-7
1016	-3.28846	0.00621818	24	-7
1017	-4.06981	0.00625347	25	-7
1018	-3.53566	0.00637741	26	-7
1019	-4.17609	0.00637778	27	-7
1020	-3.62582	0.00657454	28	-7
1021	-4.34947	0.00672237	29	-7
1022	-5.71276	0.00737321	-29	-6
1023	-3.31066	0.00635297	-28	-6
1024	-5.01887	0.0070046	-27	-6
1025	-2.76017	0.0061137	-26	-6
1026	-3.82973	0.00622116	-25	-6
1027	-3.83039	0.00651871	-24	-6
1028	-5.63672	0.00741696	-23	-6
1029	-3.89311	0.00640726	-22	-6
1030	-5.18778	0.00671304	-21	-6
1031	-4.55694	0.00665825	-20	-6
1032	-4.81451	0.00652555	-19	-6
1033	-4.83569	0.0065546	-18	-6
1034	-4.10542	0.00651219	-17	-6
1035	-5.71272	0.00709015	-16	-6
1036	-4.92327	0.00675492	-15	-6
1037	-4.18863	0.00669047	-14	-6
1038	-5.34811	0.00677431	-13	-6
1039	-5.01889	0.00651241	-12	-6
1040	-6.1956	0.00714515	-11	-6
1041	-4.64944	0.00646619	-10	-6
1042	-5.00988	0.00658951	-9	-6
1043	-4.83129	0.00638221	-8	-6
1044	-4.81881	0.00653488	-7	-6
1045	-1.99254	0.00517544	-6	-6
1046	-3.7673	0.00617184	-5	-6
1047	-5.29932	0.00688294	-4	-6
1048	-4.80635	0.00668304	-3	-6
1049	-2.09378	0.00499134	-2	-6
1050	-5.20129	0.006732	-1	-6
1051	-5.75567	0.00652653	0	-6
1052	-5.09563	0.0065475	1	-6
1053	-3.87654	0.00584972	2	-6
1054	-4.51359	0.00644531	3	-6
1055	-5.73	0.00691553	4	-6
1056	-5.50308	0.00689712	5	-6
1057	-5.36078	0.00667848	6	-6
1058	-5.97446	0.00705729	7	-6
1059	-4.37962	0.00631943	8	-6
1060	-5.04061	0.00683637	9	-6
1061	-3.87856	0.00581504	10	-6
1062	-3.84578	0.00621158	11	-6
1063	-3.76993	0.00620164	12	-6
1064	-1.50621	0.00500069	13	-6
1065	-4.93958	0.00688187	14	-6
1066	-4.85911	0.006817	15	-6
1067	-4.57028	0.00580789	16	-6
1068	-5.03244	0.00684316	17	-6
1069	-1.94611	0.00556048	18	-6
1070	-3.50244	0.00636081	19	-6
1071	-3.51694	0.00643034	20	-6
1072	-2.58109	0.00603919	21	-6
1073	-4.59821	0.00660846	22	-6
1074	-3.16176	0.006033	23	-6
1075	-2.7969	0.0059341	24	-6
1076	-2.96209	0.00620471	25	-6
1077	-3.62891	0.00639403	26	-6
1078	-0.622783	0.00500333	27	-6
1079	-3.23458	0.00635101	28	-6
1080	-2.92396	0.00617084	29	-6
1081	-3.80093	0.00662007	-29	-5
1082	-1.32625	0.0053939	-28	-5
1083	-4.83255	0.0069449	-27	-5
1084	-1.0775	0.00522783	-26	-5
1085	-3.27932	0.00622828	-25	-5
1086	-3.88903	0.00619333	-24	-5
1087	-5.26016	0.00673186	-23	-5
1088	-1.44078	0.00496367	-22	-5
1089	-5.34512	0.00691566	-21	-5
1090	-1.21736	0.00493241	-20	-5
1091	-4.26943	0.00663703	-19	-5
1092	-3.98395	0.00635692	-18	-5
1093	-4.75506	0.00653517	-17	-5
1094	-1.91995	0.00528309	-16	-5
1095	-5.96032	0.00715229	-15	-5
1096	-4.89883	0.00671598	-14	-5
1097	-5.30102	0.00683214	-13	-5
1098	-5.56526	0.00694675	-12	-5
1099	-3.1509	0.00578552	-11	-5
1100	-2.71579	0.00546041	-10	-5
1101	-4.28687	0.00642871	-9	-5
1102	-2.62858	0.00535295	-8	-5
1103	-5.15609	0.0064755	-7	-5
1104	-5.65196	0.00696641	-6	-5
1105	-5.90203	0.00708395	-5	-5
1106	-5.67535	0.00676979	-4	-5
1107	-2.90295	0.0054889	-3	-5
1108	-5.09591	0.00660574	-2	-5
1109	-4.57059	0.00671446	-1	-5
1110	-4.79316	0.00584997	0	-5
1111	-6.59874	0.00716717	1	-5
1112	-3.76436	0.00624739	2	-5
1113	-5.38195	0.00681053	3	-5
1114	-2.72412	0.0053384	4	-5
1115	-4.17581	0.00611738	5	-5
1116	-4.39882	0.00652622	6	-5
1117	-5.76888	0.00685683	7	-5
1118	-4.65462	0.00675031	8	-5
1119	-5.22496	0.0067842	9	-5
1120	-4.80221	0.0065184	10	-5
1121	-4.36188	0.00648294	11	-5
1122	-5.23628	0.00712004	12	-5
1123	-3.10189	0.0060761	13	-5
1124	-4.09784	0.00628008	14	-5
1125	-4.73659	0.00668541	15	-5
1126	-3.96983	0.00623443	16	-5
1127	-4.95499	0.00703646	17	-5
1128	-4.74462	0.00694802	18	-5
1129	-4.19956	0.00678437	19	-5
1130	-3.96773	0.00640205	20	-5
1131	-4.24828	0.00662375	21	-5
1132	-3.71569	0.00639534	22	-5
1133	-4.71824	0.00681039	23	-5
1134	-3.4992	0.00640682	24	-5
1135	0.22597	0.00453028	25	-5
1136	-3.32737	0.0063315	26	-5
1137	1.67863	0.00374041	27	-5
1138	-2.1794	0.00569753	28	-5
1139	1.46557	0.0038568	29	-5
1140	-3.41663	0.00630686	-29	-4
1141	-3.01674	0.0062867	-28	-4
1142	-1.25039	0.00533465	-27	-4
1143	-2.17281	0.00568779	-26	-4
1144	-3.33551	0.00633471	-25	-4
1145	-4.37487	0.00654816	-24	-4
1146	-1.55604	0.00549989	-23	-4
1147	-4.62099	0.00651233	-22	-4
1148	-4.08924	0.00662062	-21	-4
1149	-4.84464	0.00667955	-20	-4
1150	-4.94098	0.00675936	-19	-4
1151	-4.1561	0.00642954	-18	-4
1152	-4.39188	0.00639873	-17	-4
1153	-4.28055	0.00655328	-16	-4
1154	-4.5793	0.00655886	-15	-4
1155	-4.88088	0.00649066	-14	-4
1156	-4.27965	0.00636721	-13	-4
1157	-4.57034	0.00644697	-12	-4
1158	-5.19585	0.0065873	-11	-4
1159	-5.0086	0.00658003	-10	-4
1160	-2.19697	0.00517974	-9	-4
1161	-6.35981	0.00704992	-8	-4
1162	-4.08442	0.00655161	-7	-4
1163	-5.78116	0.00676759	-6	-4
1164	-5.59078	0.00681681	-5	-4
1165	-6.50233	0.00728079	-4	-4
1166	-5.87809	0.00655543	-3	-4
1167	-6.29695	0.0067332	-2	-4
1168	-4.76317	0.00655614	-1	-4
1169	-5.05982	0.00669122	0	-4
1170	-6.47919	0.00702873	1	-4
1171	-3.17752	0.00561786	2	-4
1172	-4.03238	0.00557494	3	-4
1173	-5.13427	0.00662049	4	-4
1174	-4.97969	0.00647032	5	-4
1175	-3.73381	0.00599011	6	-4
1176	-3.77142	0.0057872	7	-4
1177	-3.68759	0.00624503	8	-4
1178	-5.56527	0.00697282	9	-4
1179	-5.88129	0.00710427	10	-4
1180	-4.72299	0.00657518	11	-4
1181	-5.51536	0.00676572	12	-4
1182	-4.91076	0.00671379	13	-4
1183	-3.95705	0.00647486	14	-4
1184	-5.04487	0.00680214	15	-4
1185	-4.64623	0.00698209	16	-4
1186	-4.024	0.00665318	17	-4
1187	-4.66125	0.0066862	18	-4
1188	-3.72014	0.00633912	19	-4
1189	0.327064	0.0045184	20	-4
1190	-3.49508	0.00629195	21	-4
1191	-3.65146	0.00631607	22	-4
1192	-4.15285	0.0063892	23	-4
1193	-4.1282	0.00664666	24	-4
1194	-4.72609	0.00683863	25	-4
1195	-3.63156	0.00650941	26	-4
1196	-4.32751	0.00669446	27	-4
1197	-1.24299	0.00533502	28	-4
1198	-4.00547	0.00664722	29	-4
1199	-2.23295	0.00561768	-29	-3
1200	-3.13846	0.00626362	-28	-3
1201	-4.46421	0.00661614	-27	-3
1202	-4.04334	0.00648218	-26	-3
1203	-3.46839	0.00643339	-25	-3
1204	-4.63644	0.00663135	-24	-3
1205	-4.06862	0.0065409	-23	-3
1206	-4.57513	0.00672626	-22	-3
1207	-4.08267	0.00648096	-21	-3
1208	-5.28196	0.00672209	-20	-3
1209	-4.0597	0.00647189	-19	-3
1210	-3.95726	0.0064948	-18	-3
1211	-3.81389	0.00623619	-17	-3
1212	-3.98046	0.00610159	-16	-3
1213	-3.56968	0.00605866	-15	-3
1214	-5.04695	0.00650145	-14	-3
1215	-4.98821	0.0067582	-13	-3
1216	-4.30004	0.00600033	-12	-3
1217	-6.08753	0.00712332	-11	-3
1218	-5.02797	0.00647757	-10	-3
1219	-5.30907	0.00673546	-9	-3
1220	-5.43106	0.00646323	-8	-3
1221	-6.06748	0.00697373	-7	-3
1222	-5.63634	0.00692346	-6	-3
1223	-2.62705	0.00602751	-5	-3
1224	-5.44497	0.0065392	-4	-3
1225	-4.97457	0.00655555	-3	-3
1226	-5.65152	0.00690982	-2	-3
1227	-4.84136	0.00675424	-1	-3
1228	-5.36607	0.00667532	0	-3
1229	-5.34414	0.00674025	1	-3
1230	-5.62141	0.00671032	2	-3
1231	-6.21017	0.00698158	3	-3
1232	-4.83272	0.00658426	4	-3
1233	-6.33403	0.00695427	5	-3
1234	-5.51019	0.00692985	6	-3
1235	-5.18834	0.00681196	7	-3
1236	-4.05355	0.00651507	8	-3
1237	-5.00051	0.00671348	9	-3
1238	-2.28666	0.00539005	10	-3
1239	-3.78854	0.00634621	11	-3
1240	-3.41233	0.00602577	12	-3
1241	-4.1757	0.00659722	13	-3
1242	-6.05869	0.00719124	14	-3
1243	-4.88213	0.00680088	15	-3
1244	-2.82254	0.00571571	16	-3
1245	-3.3787	0.00615566	17	-3
1246	-4.45995	0.006539	18	-3
1247	-6.07972	0.00644153	19	-3
1248	-4.54632	0.0067021	20	-3
1249	-2.90357	0.00601119	21	-3
1250	-3.4348	0.00623594	22	-3
1251	-3.21187	0.00562484	23	-3
1252	-3.7358	0.00646357	24	-3
1253	-4.07523	0.00648025	25	-3
1254	-3.40029	0.00612482	26	-3
1255	-4.03337	0.00657556	27	-3
1256	-3.90194	0.00655252	28	-3
1257	-3.02967	0.00610804	29	-3
1258	-5.00512	0.00676637	-29	-2
1259	-4.96315	0.00669076	-28	-2
1260	-4.8124	0.00667642	-27	-2
1261	-3.37021	0.00625344	-26	-2
1262	-5.69832	0.00714592	-25	-2
1263	-3.6265	0.00635405	-24	-2
1264	-5.11816	0.00674201	-23	-2
1265	-3.78576	0.00629222	-22	-2
1266	-4.65506	0.00670025	-21	-2
1267	-6.06446	0.00722168	-20	-2
1268	-5.81589	0.00710323	-19	-2
1269	-4.89697	0.00682303	-18	-2
1270	-3.85312	0.00624023	-17	-2
1271	-3.52768	0.00618688	-16	-2
1272	-5.60347	0.00671965	-15	-2
1273	-5.78202	0.00689111	-14	-2
1274	-4.91851	0.0063885	-13	-2
1275	-5.28067	0.00671113	-12	-2
1276	-5.40945	0.00676827	-11	-2
1277	-4.66553	0.00639708	-10	-2
1278	-4.45108	0.00641934	-9	-2
1279	-5.99136	0.00681916	-8	-2
1280	-4.92709	0.0058411	-7	-2
1281	-4.41619	0.00631525	-6	-2
1282	-5.97958	0.00671359	-5	-2
1283	-5.21091	0.00667247	-4	-2
1284	-6.0094	0.00668484	-3	-2
1285	-5.03814	0.00663311	-2	-2
1286	-4.6432	0.0063739	-1	-2
1287	-4.5447	0.00625724	0	-2
1288	-5.98582	0.00666438	1	-2
1289	-5.99736	0.00684456	2	-2
1290	-5.37686	0.00679564	3	-2
1291	-4.82865	0.0066467	4	-2
1292	-4.79962	0.00653592	5	-2
1293	-5.63457	0.00686829	6	-2
1294	-6.29258	0.00715429	7	-2
1295	-5.68909	0.00702358	8	-2
1296	-5.82617	0.00696457	9	-2
1297	-3.93474	0.006342	10	-2
1298	-3.2336	0.00599735	11	-2
1299	-5.41985	0.00691505	12	-2
1300	-4.82796	0.00668992	13	-2
1301	-4.1262	0.00611745	14	-2
1302	-4.31043	0.00654022	15	-2
1303	-4.32553	0.00640404	16	-2
1304	-3.55599	0.00618224	17	-2
1305	-6.28357	0.0076025	18	-2
1306	-4.01925	0.00651943	19	-2
1307	-2.27373	0.00581458	20	-2
1308	-4.85289	0.0067104	21	-2
1309	-4.62745	0.00684466	22	-2
1310	-4.89247	0.00694256	23	-2
1311	-3.93781	0.00648566	24	-2
1312	-3.14812	0.00600175	25	-2
1313	-4.81849	0.00659907	26	-2
1314	-3.20568	0.00631276	27	-2
1315	-3.15264	0.00617038	28	-2
1316	-2.4435	0.0056977	29	-2
1317	-4.33791	0.0064194	-29	-1
1318	-4.10622	0.00644323	-28	-1
1319	-4.2337	0.00627721	-27	-1
1320	-3.26127	0.00596189	-26	-1
1321	-4.59823	0.0066649	-25	-1
1322	-6.40593	0.00741837	-24	-1
1323	-4.69771	0.0067094	-23	-1
1324	-4.89373	0.006769	-22	-1
1325	-4.71627	0.00654011	-21	-1
1326	-4.45587	0.00659893	-20	-1
1327	-4.68987	0.00669565	-19	-1
1328	-3.49311	0.00632514	-18	-1
1329	-5.76288	0.00695211	-17	-1
1330	-4.39298	0.00653205	-16	-1
1331	-4.31768	0.00657422	-15	-1
1332	-2.67238	0.00553892	-14	-1
1333	-4.34959	0.00656429	-13	-1
1334	-4.93892	0.00646886	-12	-1
1335	-5.5229	0.00697861	-11	-1
1336	-4.98803	0.0066299	-10	-1
1337	-5.35729	0.00681538	-9	-1
1338	-5.92431	0.00687407	-8	-1
1339	-4.05026	0.00613559	-7	-1
1340	-4.5624	0.00656009	-6	-1
1341	-5.44554	0.0071034	-5	-1
1342	-5.09174	0.00676637	-4	-1
1343	-5.95423	0.00670898	-3	-1
1344	-6.31197	0.00682443	-2	-1
1345	-6.70678	0.00709541	2	-1
1346	-6.08752	0.00715874	3	-1
1347	-5.79404	0.00700089	4	-1
1348	-5.10486	0.00671891	5	-1
1349	-5.15834	0.00667891	6	-1
1350	-6.10978	0.00705012	7	-1
1351	-3.62188	0.00642019	8	-1
1352	-3.79012	0.00629879	9	-1
1353	-3.47189	0.00571015	10	-1
1354	-3.93367	0.00643134	11	-1
1355	-3.32609	0.00628618	12	-1
1356	-5.38643	0.00687356	13	-1
1357	-4.80204	0.00672365	14	-1
1358	-4.33791	0.00646346	15	-1
1359	-2.87561	0.00611151	16	-1
1360	-2.7583	0.00579456	17	-1
1361	-3.4873	0.00633618	18	-1
1362	-4.48618	0.00652796	19	-1
1363	-3.95326	0.00656696	20	-1
1364	-3.41274	0.00604491	21	-1
1365	-3.81012	0.00633536	22	-1
1366	-2.91438	0.00596433	23	-1
1367	-4.47417	0.00670151	24	-1
1368	-3.49304	0.00616878	25	-1
1369	-5.09549	0.00713638	26	-1
1370	-4.79707	0.00701827	27	-1
1371	-4.35283	0.0065759	28	-1
1372	-3.57217	0.00647131	29	-1
1373	-4.37321	0.00661089	-29	0
1374	-4.59124	0.00649479	-28	0
1375	-3.42556	0.00621545	-27	0
1376	-3.99579	0.00644564	-26	0
1377	-4.5257	0.00668696	-25	0
1378	-2.71398	0.00579686	-24	0
1379	-2.38511	0.00592487	-23	0
1380	-4.71817	0.00673757	-22	0
1381	-4.46302	0.00664855	-21	0
1382	-3.4099	0.00625259	-20	0
1383	-4.6994	0.00677668	-19	0
1384	-5.13576	0.00678307	-18	0
1385	-4.64082	0.00663624	-17	0
1386	-4.35629	0.00659555	-16	0
1387	-4.58465	0.00679005	-15	0
1388	-5.14683	0.00677717	-14	0
1389	-4.89568	0.0069287	-13	0
1390	-4.96203	0.00668264	-12	0
1391	-4.4643	0.00653368	-11	0
1392	-3.03	0.00587004	-10	0
1393	-5.41002	0.0070186	-9	0
1394	-4.17651	0.00640113	-8	0
1395	-5.24632	0.00671934	-7	0
1396	-5.15821	0.00683461	-6	0
1397	-4.67602	0.00662958	-5	0
1398	-5.58633	0.00701297	-4	0
1399	-5.04522	0.00670912	-3	0
1400	-5.49613	0.0066081	-2	0
1401	-4.64432	0.00622323	2	0
1402	-4.93325	0.00653364	3	0
1403	-4.18872	0.00615072	4	0
1404	-5.76002	0.00652726	5	0
1405	-5.69134	0.00687274	6	0
1406	-4.75561	0.00659534	7	0
1407	-5.31844	0.00673413	8	0
1408	-5.0324	0.00665728	9	0
1409	-4.08226	0.00650988	10	0
1410	-3.69017	0.00617071	11	0
1411	-4.00477	0.00639247	12	0
1412	-5.58158	0.00656559	13	0
1413	-5.26176	0.00695965	14	0
1414	-4.57256	0.006616	15	0
1415	-5.58879	0.00703745	16	0
1416	-4.05235	0.00615839	17	0
1417	-5.29785	0.0067661	18	0
1418	-4.39321	0.00653651	19	0
1419	-3.95291	0.00652208	20	0
1420	-2.97459	0.00564632	21	0
1421	-3.40904	0.00639354	22	0
1422	-4.8131	0.00706842	23	0
1423	-3.56914	0.00620878	24	0
1424	-3.92044	0.00640724	25	0
1425	-0.910468	0.00204214	26	0
1426	-5.8835	0.0068959	27	0
1427	-3.9319	0.00693878	28	0
1428	-2.96805	0.00592691	29	0
1429	-1.4485	0.00487087	-29	1
1430	-3.67049	0.00648687	-28	1
1431	-4.92796	0.0066657	-27	1
1432	-2.16093	0.00582286	-26	1
1433	-3.05962	0.00629894	-25	1
1434	-4.04079	0.00653686	-24	1
1435	-2.91104	0.00617868	-23	1
1436	-4.7039	0.0069297	-22	1
1437	-4.11299	0.00650841	-21	1
1438	-4.61591	0.00686166	-20	1
1439	-3.83508	0.00630929	-19	1
1440	-4.87629	0.00694533	-18	1
1441	-3.48163	0.00614657	-17	1
1442	-4.47916	0.00642723	-16	1
1443	-5.0216	0.00680164	-15	1
1444	-4.25616	0.00656477	-14	1
1445	-4.0713	0.00637738	-13	1
1446	-5.89381	0.00733797	-12	1
1447	-4.02499	0.00652072	-11	1
1448	-4.7951	0.00681515	-10	1
1449	-4.62289	0.00668326	-9	1
1450	-6.06613	0.00732631	-8	1
1451	-4.74874	0.0067052	-7	1
1452	-5.6132	0.00704074	-6	1
1453	-5.35656	0.00679897	-5	1
1454	-5.75536	0.00686343	-4	1
1455	-4.18328	0.00646256	-3	1
1456	-6.0562	0.00698184	-2	1
1457	-6.13581	0.00682537	2	1
1458	-5.77794	0.00677722	3	1
1459	-3.91333	0.00578094	4	1
1460	-5.30226	0.00686544	5	1
1461	-4.37564	0.00631756	6	1
1462	-3.4796	0.00585363	7	1
1463	-5.48891	0.00667079	8	1
1464	-5.25118	0.00667255	9	1
1465	-4.43537	0.00649809	10	1
1466	-5.3352	0.00666727	11	1
1467	-3.87918	0.00640836	12	1
1468	-3.91231	0.00624127	13	1
1469	-4.93891	0.0067095	14	1
1470	-4.55063	0.00663001	15	1
1471	-4.89479	0.00668721	16	1
1472	-4.86754	0.00656953	17	1
1473	-3.64046	0.00586593	18	1
1474	-4.25554	0.00646486	19	1
1475	-4.09076	0.00643461	20	1
1476	-4.17489	0.00625384	21	1
1477	-4.15983	0.00604995	22	1
1478	-3.62658	0.00633134	23	1
1479	-4.23344	0.00649185	24	1
1480	-3.97969	0.00649067	25	1
1481	-4.05947	0.0063958	26	1
1482	-3.71703	0.00625346	27	1
1483	-2.82691	0.00596263	28	1
1484	-4.99074	0.00682561	29	1
1485	-5.62886	0.00698144	-29	2
1486	-4.17076	0.00668076	-28	2
1487	-2.3849	0.00597359	-27	2
1488	-5.07471	0.00700437	-26	2
1489	-3.74366	0.00613804	-25	2
1490	-3.43676	0.00619546	-24	2
1491	-3.9232	0.00643235	-23	2
1492	-4.06786	0.00664199	-22	2
1493	-4.02695	0.00653072	-21	2
1494	-5.33513	0.00693466	-20	2
1495	-6.70012	0.0072024	-19	2
1496	-5.47422	0.00674781	-18	2
1497	-4.592	0.00655286	-17	2
1498	-6.06081	0.00697479	-16	2
1499	-5.10666	0.00685608	-15	2
1500	-5.09727	0.00684506	-14	2
1501	-4.44721	0.00653653	-13	2
1502	-4.49279	0.00634925	-12	2
1503	-4.70896	0.00669597	-11	2
1504	-5.22433	0.00655979	-10	2
1505	-4.88447	0.00670788	-9	2
1506	-4.19405	0.00614756	-8	2
1507	-5.27442	0.00663538	-7	2
1508	-4.90109	0.00647547	-6	2
1509	-4.96925	0.00671581	-5	2
1510	-6.00512	0.0071642	-4	2
1511	-4.44564	0.00640834	-3	2
1512	-2.81652	0.00536512	-2	2
1513	-4.59458	0.00640765	-1	2
1514	-4.86446	0.00662598	0	2
1515	-5.26957	0.00660669	1	2
1516	-3.16816	0.00529091	2	2
1517	-5.83914	0.00656861	3	2
1518	-3.10357	0.00545059	4	2
1519	-4.60834	0.00595045	5	2
1520	-5.25173	0.00662374	6	2
1521	-6.04148	0.00687809	7	2
1522	-3.693	0.00583404	8	2
1523	-4.09191	0.00601374	9	2
1524	-4.73021	0.00647131	10	2
1525	-5.01873	0.00670862	11	2
1526	-4.4708	0.00630301	12	2
1527	-3.92446	0.00619597	13	2
1528	-5.47858	0.00680304	14	2
1529	-5.52684	0.00666407	15	2
1530	-5.05252	0.00638201	16	2
1531	-3.92045	0.00630677	17	2
1532	-4.41602	0.00641039	18	2
1533	-3.34523	0.00600719	19	2
1534	-3.26273	0.00595214	20	2
1535	-2.75167	0.00564033	21	2
1536	-1.40752	0.0051875	22	2
1537	-4.57171	0.00679253	23	2
1538	-4.03167	0.00651404	24	2
1539	-1.70445	0.00521513	25	2
1540	-4.35961	0.00675078	26	2
1541	-3.66031	0.00623549	27	2
1542	-3.01146	0.00622729	28	2
1543	-0.775616	0.00435378	29	2
1544	-4.40408	0.00670757	-29	3
1545	-2.07995	0.00555613	-28	3
1546	-3.95571	0.00599839	-27	3
1547	-3.59178	0.00629925	-26	3
1548	-4.49592	0.00614517	-25	3
1549	-4.33161	0.00649247	-24	3
1550	-3.13483	0.00605314	-23	3
1551	-4.94081	0.00677114	-22	3
1552	-5.61737	0.00705981	-21	3
1553	-5.35888	0.00686886	-20	3
1554	-4.91631	0.00669075	-19	3
1555	-5.35129	0.00687529	-18	3
1556	-5.51129	0.00662749	-17	3
1557	-4.21835	0.00628903	-16	3
1558	-4.59498	0.00567999	-15	3
1559	-5.06126	0.00678992	-14	3
1560	-4.29009	0.00659436	-13	3
1561	-5.09803	0.00639194	-12	3
1562	-3.07555	0.00595007	-11	3
1563	-4.37919	0.00590091	-10	3
1564	-4.61362	0.00616511	-9	3
1565	-2.83972	0.00582375	-8	3
1566	-3.3956	0.00619153	-7	3
1567	-5.68307	0.00679292	-6	3
1568	-4.37096	0.00656806	-5	3
1569	-5.18479	0.00649504	-4	3
1570	-3.80504	0.00601173	-3	3
1571	-5.13105	0.00670973	-2	3
1572	-4.63352	0.00605851	-1	3
1573	-4.59743	0.00655257	0	3
1574	-5.01345	0.0065513	1	3
1575	-4.08189	0.00621956	2	3
1576	-4.84772	0.00632531	3	3
1577	-5.78132	0.0065282	4	3
1578	-4.41225	0.00601981	5	3
1579	-4.78813	0.00635204	6	3
1580	-3.93366	0.0062198	7	3
1581	-4.7038	0.00655325	8	3
1582	-3.96817	0.00621703	9	3
1583	-4.42147	0.00638805	10	3
1584	-4.8867	0.00645315	11	3
1585	-4.69966	0.00623599	12	3
1586	-4.64043	0.00656555	13	3
1587	-3.71305	0.00610067	14	3
1588	-0.827236	0.00482599	15	3
1589	-3.92094	0.00624769	16	3
1590	-4.53098	0.00632612	17	3
1591	-3.8156	0.00632167	18	3
1592	-4.35474	0.00658259	19	3
1593	-2.77294	0.00579595	20	3
1594	-1.22752	0.00508359	21	3
1595	-2.9624	0.0059335	22	3
1596	-4.45452	0.0065094	23	3
1597	-2.82799	0.00598781	24	3
1598	-1.80913	0.00520711	25	3
1599	-1.49794	0.00509329	26	3
1600	-3.60025	0.00633204	27	3
1601	-2.68474	0.00599906	28	3
1602	-3.81433	0.00631206	29	3
1603	-4.04597	0.00645424	-29	4
1604	-4.04072	0.00634533	-28	4
1605	-4.30838	0.00658741	-27	4
1606	-4.66034	0.00685697	-26	4
1607	-4.53932	0.00666643	-25	4
1608	-3.28596	0.00629368	-24	4
1609	-5.3671	0.00719491	-23	4
1610	-3.56778	0.00613663	-22	4
1611	-4.40554	0.00634617	-21	4
1612	-4.66027	0.00654472	-20	4
1613	-4.72662	0.00665431	-19	4
1614	-4.5082	0.00661792	-18	4
1615	-4.76602	0.00649846	-17	4
1616	-4.83415	0.00665047	-16	4
1617	-4.11106	0.00640266	-15	4
1618	-3.48305	0.00599787	-14	4
1619	-4.50674	0.00668231	-13	4
1620	-4.98433	0.00665162	-12	4
1621	-5.10541	0.00687005	-11	4
1622	-5.00913	0.00699065	-10	4
1623	-4.28206	0.00647164	-9	4
1624	-5.13436	0.00671856	-8	4
1625	-5.56941	0.00704223	-7	4
1626	-4.13664	0.00641298	-6	4
1627	-4.80146	0.00679183	-5	4
1628	-4.50392	0.00612221	-4	4
1629	-4.3104	0.0065301	-3	4
1630	-4.7894	0.00666681	-2	4
1631	-4.69247	0.00660661	-1	4
1632	-5.05639	0.00683613	0	4
1633	-4.41586	0.00607333	1	4
1634	-5.76322	0.00688591	2	4
1635	-5.59686	0.00680022	3	4
1636	-4.23021	0.00644734	4	4
1637	-5.42396	0.00661369	5	4
1638	-3.86789	0.00621385	6	4
1639	-5.63662	0.00689016	7	4
1640	-4.43257	0.00625716	8	4
1641	-4.39665	0.00654634	9	4
1642	-4.3772	0.00645282	10	4
1643	-4.6265	0.0066482	11	4
1644	-4.79652	0.00667089	12	4
1645	-4.80345	0.00671418	13	4
1646	-5.14433	0.00677895	14	4
1647	-4.54876	0.00648228	15	4
1648	-4.33434	0.00634932	16	4
1649	-3.69625	0.00617231	17	4
1650	-5.16455	0.00690109	18	4
1651	-4.50786	0.0067527	19	4
1652	-4.08323	0.00656879	20	4
1653	-4.02049	0.0066922	21	4
1654	-4.39987	0.0063065	22	4
1655	-2.82247	0.00615926	23	4
1656	-4.04004	0.0063143	24	4
1657	-2.8536	0.00580361	25	4
1658	-4.53084	0.00689494	26	4
1659	-0.947382	0.00512259	27	4
1660	-3.19274	0.00631706	28	4
1661	-3.76936	0.0063395	29	4
1662	-3.06213	0.00504145	-29	5
1663	-3.91908	0.00606385	-28	5
1664	-5.2144	0.0066245	-27	5
1665	-1.66386	0.00483259	-26	5
1666	-2.9744	0.0057599	-25	5
1667	-5.20541	0.00682365	-24	5
1668	-3.08064	0.00589117	-23	5
1669	-4.40625	0.00665974	-22	5
1670	-3.362	0.00621404	-21	5
1671	-4.79224	0.00664705	-20	5
1672	-3.62467	0.00645686	-19	5
1673	-5.45661	0.00698591	-18	5
1674	-4.57139	0.0061432	-17	5
1675	-4.16132	0.00595015	-16	5
1676	-5.25309	0.00672069	-15	5
1677	-3.86904	0.0061676	-14	5
1678	-6.30514	0.0070274	-13	5
1679	-3.80622	0.00616434	-12	5
1680	-5.25841	0.00693778	-11	5
1681	-4.73386	0.00661212	-10	5
1682	-5.43605	0.00704283	-9	5
1683	-4.57196	0.00666535	-8	5
1684	-3.80418	0.00643507	-7	5
1685	-4.89467	0.00686164	-6	5
1686	-4.75059	0.00671833	-5	5
1687	-4.91998	0.00675633	-4	5
1688	-4.77045	0.00673752	-3	5
1689	-4.26692	0.00651494	-2	5
1690	-3.29623	0.00612941	-1	5
1691	-4.28093	0.00653474	0	5
1692	-5.62161	0.00679322	1	5
1693	-6.30342	0.00733938	2	5
1694	-4.61539	0.00648521	3	5
1695	-4.13295	0.00632345	4	5
1696	-5.30364	0.00674254	5	5
1697	-4.84149	0.00649086	6	5
1698	-4.50659	0.00658083	7	5
1699	-4.89491	0.00677681	8	5
1700	-3.0012	0.00613891	9	5
1701	-4.29337	0.00618819	10	5
1702	-4.01086	0.00638597	11	5
1703	-3.7899	0.00598031	12	5
1704	-7.70668	0.00650504	13	5
1705	-2.71655	0.00605666	14	5
1706	-4.20549	0.00645473	15	5
1707	-5.25668	0.00679483	16	5
1708	-3.76318	0.00643801	17	5
1709	-4.23612	0.00665362	18	5
1710	-4.60824	0.00668847	19	5
1711	-5.3212	0.00720408	20	5
1712	-2.51377	0.00551256	21	5
1713	-2.238	0.00549332	22	5
1714	-4.78823	0.00667787	23	5
1715	-3.5903	0.00630209	24	5
1716	-4.41986	0.006736	25	5
1717	-3.00423	0.00622794	26	5
1718	-4.63497	0.00660086	27	5
1719	-4.4115	0.00663105	28	5
1720	-5.03899	0.0066155	29	5
1721	-5.3236	0.00647426	-29	6
1722	-3.19029	0.00605563	-28	6
1723	-4.83999	0.0066877	-27	6
1724	-4.20772	0.00644031	-26	6
1725	-3.80623	0.00643137	-25	6
1726	-4.03883	0.00632256	-24	6
1727	-3.08893	0.00595214	-23	6
1728	-1.89307	0.00510901	-22	6
1729	-3.75662	0.00635405	-21	6
1730	-5.44987	0.00697196	-20	6
1731	-2.64515	0.00542518	-19	6
1732	-6.398	0.00736671	-18	6
1733	-3.26327	0.00594039	-17	6
1734	-4.50721	0.00648701	-16	6
1735	-5.85269	0.00704689	-15	6
1736	-5.00475	0.00668323	-14	6
1737	-4.7504	0.00674177	-13	6
1738	-4.00795	0.00637242	-12	6
1739	-6.17276	0.00717352	-11	6
1740	-5.10824	0.00677499	-10	6
1741	-4.65711	0.00646089	-9	6
1742	-3.25857	0.00601332	-8	6
1743	-5.63042	0.00711602	-7	6
1744	-4.04037	0.00644969	-6	6
1745	-5.34583	0.00683016	-5	6
1746	-2.66474	0.00551181	-4	6
1747	-5.00311	0.00670705	-3	6
1748	-4.79163	0.00645225	-2	6
1749	-3.24879	0.00624096	-1	6
1750	-4.10337	0.00623666	0	6
1751	-4.2247	0.00636692	1	6
1752	-6.20654	0.00717351	2	6
1753	-4.81327	0.00650237	3	6
1754	-5.34694	0.00665842	4	6
1755	-5.11285	0.00638557	5	6
1756	-5.30549	0.00697988	6	6
1757	-4.95201	0.00659832	7	6
1758	-4.98494	0.00643104	8	6
1759	-3.84912	0.0061748	9	6
1760	-4.88209	0.00670015	10	6
1761	-4.83988	0.00645594	11	6
1762	-4.85166	0.0064269	12	6
1763	-5.37699	0.00680606	13	6
1764	-4.45669	0.00658473	14	6
1765	-5.0636	0.00669743	15	6
1766	-4.03195	0.006441	16	6
1767	-4.37334	0.00653533	17	6
1768	-4.71771	0.00663104	18	6
1769	-4.77856	0.00669812	19	6
1770	-4.719	0.00635957	20	6
1771	-0.963398	0.00517751	21	6
1772	-3.22878	0.00626611	22	6
1773	-1.97601	0.00572297	23	6
1774	-4.37174	0.00658727	24	6
1775	-3.77001	0.00626851	25	6
1776	-4.34372	0.00668216	26	6
1777	-3.36377	0.00638916	27	6
1778	-2.94909	0.00574717	28	6
1779	-4.30067	0.00643757	29	6
1780	-5.40937	0.00683875	-29	7
1781	-4.09019	0.00646102	-28	7
1782	-3.66177	0.00621287	-27	7
1783	-4.47368	0.00672958	-26	7
1784	-3.94253	0.0064509	-25	7
1785	-6.22749	0.00583956	-24	7
1786	-4.62696	0.00679185	-23	7
1787	-3.56295	0.00637647	-22	7
1788	-3.97691	0.00643818	-21	7
1789	-3.32883	0.00640393	-20	7
1790	-2.49558	0.00564288	-19	7
1791	-4.13603	0.006603	-18	7
1792	-5.38259	0.00684646	-17	7
1793	-4.46921	0.00677165	-16	7
1794	-4.02211	0.00611745	-15	7
1795	-4.23349	0.00649106	-14	7
1796	-5.34414	0.00650915	-13	7
1797	-5.01614	0.00701445	-12	7
1798	-3.29736	0.00587819	-11	7
1799	-4.86039	0.00667774	-10	7
1800	-4.08471	0.00641762	-9	7
1801	-5.4943	0.00656226	-8	7
1802	-4.81207	0.00682828	-7	7
1803	-3.9066	0.00634141	-6	7
1804	-3.52137	0.00600356	-5	7
1805	-3.92997	0.0063324	-4	7
1806	-4.63844	0.00630896	-3	7
1807	-4.68793	0.00647631	-2	7
1808	-5.0283	0.00668211	-1	7
1809	-4.28071	0.00619632	0	7
1810	-5.9877	0.00707004	1	7
1811	-5.97723	0.00715998	2	7
1812	-5.4074	0.00657235	3	7
1813	-4.77767	0.0065659	4	7
1814	-5.08538	0.00675283	5	7
1815	-5.47299	0.00683743	6	7
1816	-5.16711	0.00674277	7	7
1817	-4.90965	0.00684727	8	7
1818	-3.94438	0.00622386	9	7
1819	-4.37165	0.00642934	10	7
1820	-2.13058	0.00560229	11	7
1821	-4.87319	0.00650018	12	7
1822	-5.04899	0.00672682	13	7
1823	-3.42016	0.00614609	14	7
1824	-4.71572	0.00654294	15	7
1825	-4.32919	0.00628483	16	7
1826	-3.36586	0.00601076	17	7
1827	-5.58461	0.00672751	18	7
1828	-3.1644	0.00614177	19	7
1829	-4.79405	0.00692846	20	7
1830	-3.89795	0.00643984	21	7
1831	-4.84222	0.00687841	22	7
1832	-6.17906	0.00734636	23	7
1833	-2.24244	0.00553729	24	7
1834	-4.1364	0.00623794	25	7
1835	-4.89325	0.00676076	26	7
1836	-4.12638	0.00671468	27	7
1837	-4.20539	0.00603351	28	7
1838	-4.85582	0.00638531	29	7
1839	-1.5	0.00537631	-28	8
1840	-4.3086	0.0063924	-27	8
1841	-3.11734	0.00629108	-26	8
1842	-4.39154	0.00651409	-25	8
1843	-2.74079	0.00604138	-24	8
1844	-3.50332	0.00600638	-23	8
1845	-4.48684	0.00669988	-22	8
1846	-4.10672	0.00643349	-21	8
1847	-3.7719	0.00635868	-20	8
1848	-3.00094	0.00614485	-19	8
1849	-4.10439	0.00622285	-18	8
1850	-3.84389	0.00617624	-17	8
1851	-4.817	0.00662914	-16	8
1852	-3.54558	0.00595803	-15	8
1853	-3.75213	0.00626477	-14	8
1854	-2.82102	0.00577019	-13	8
1855	-4.74738	0.00660399	-12	8
1856	-4.05771	0.00640358	-11	8
1857	-5.11748	0.00681773	-10	8
1858	-5.80361	0.00715166	-9	8
1859	-3.74892	0.00642986	-8	8
1860	-3.77515	0.00585182	-7	8
1861	-1.48629	0.00483815	-6	8
1862	-3.06077	0.00580008	-5	8
1863	-4.21055	0.00633473	-4	8
1864	-4.87242	0.00671017	-3	8
1865	-4.32075	0.00600548	-2	8
1866	-5.05317	0.00668651	-1	8
1867	-5.23148	0.00680115	0	8
1868	-4.64268	0.00669057	1	8
1869	-4.49345	0.00651483	2	8
1870	-5.72769	0.00694395	3	8
1871	-4.39226	0.00627012	4	8
1872	-6.08859	0.00717294	5	8
1873	-5.40322	0.00659114	6	8
1874	-5.50162	0.00684225	7	8
1875	-5.45955	0.00689131	8	8
1876	-5.63351	0.00684711	9	8
1877	-5.02244	0.00675584	10	8
1878	-5.30056	0.00660251	11	8
1879	-4.87052	0.00677424	12	8
1880	-3.34038	0.00582629	13	8
1881	-6.04218	0.00709408	14	8
1882	-5.01476	0.00654056	15	8
1883	-5.11112	0.00673712	16	8
1884	-5.1902	0.00683059	17	8
1885	-2.9852	0.00584797	18	8
1886	-2.37701	0.00581042	19	8
1887	-3.12784	0.00570367	20	8
1888	-1.52688	0.00544918	21	8
1889	-3.67842	0.00591395	22	8
1890	-5.54483	-0.00170344	23	8
1891	-4.17607	0.00646186	24	8
1892	-0.608701	0.00472716	25	8
1893	-3.47369	0.00647078	26	8
1894	0.475357	0.00438059	27	8
1895	-1.33033	0.00528909	28	8
1896	-2.78904	0.00606602	-28	9
1897	-3.21797	0.00594838	-27	9
1898	-3.74645	0.00634424	-26	9
1899	-5.28013	0.00702544	-25	9
1900	-2.8311	0.00611435	-24	9
1901	-2.28935	0.00560236	-23	9
1902	-2.04906	0.00520476	-22	9
1903	-3.7307	0.00654288	-21	9
1904	-5.93106	0.00674582	-20	9
1905	-3.82808	0.00637776	-19	9
1906	-2.69279	0.00590667	-18	9
1907	-5.12372	0.00684266	-17	9
1908	-3.34303	0.00614851	-16	9
1909	-4.56762	0.00649779	-15	9
1910	-3.38595	0.0061903	-14	9
1911	-4.54696	0.00667257	-13	9
1912	-4.62039	0.0067251	-12	9
1913	-4.03358	0.00634097	-11	9
1914	-15.5165	0.012218	-10	9
1915	-5.13404	0.00680209	-9	9
1916	-3.83547	0.00634988	-8	9
1917	-5.00098	0.00699618	-7	9
1918	-2.00078	0.00522648	-6	9
1919	-2.93267	0.00542575	-5	9
1920	-3.70853	0.00542786	-4	9
1921	-5.08839	0.00660336	-3	9
1922	-3.67608	0.00622901	-2	9
1923	-3.2881	0.00575924	-1	9
1924	-4.24316	0.00639101	0	9
1925	-6.60524	0.00743854	1	9
1926	-2.92644	0.00549863	2	9
1927	-4.69414	0.00654304	3	9
1928	-5.14523	0.00660082	4	9
1929	-4.37043	0.00629317	5	9
1930	-3.75917	0.0063193	6	9
1931	-6.77599	0.00747216	7	9
1932	-2.81904	0.00560072	8	9
1933	-5.34665	0.00674709	9	9
1934	-5.493	0.00673931	10	9
1935	-4.20181	0.00635093	11	9
1936	-4.39542	0.00634934	12	9
1937	-5.46381	0.00676503	13	9
1938	-3.55724	0.00567784	14	9
1939	-5.2499	0.00667085	15	9
1940	-4.18232	0.00660851	16	9
1941	-2.00871	0.00546525	17	9
1942	-3.84176	0.00638467	18	9
1943	-3.06261	0.00606061	19	9
1944	-3.92464	0.00645464	20	9
1945	-3.57984	0.00655469	21	9
1946	-4.07712	0.00647883	22	9
1947	-3.50539	0.00635689	23	9
1948	-3.64502	0.00651791	24	9
1949	0.494488	0.00439641	25	9
1950	-1.357	0.00541613	26	9
1951	-1.34582	0.00537799	27	9
1952	0.123615	0.00455817	28	9
1953	-3.55507	0.00622077	-28	10
1954	-4.94945	0.00696596	-27	10
1955	-2.89449	0.00610245	-26	10
1956	-4.71479	0.00681986	-25	10
1957	-4.26371	0.00622055	-24	10
1958	3.19898	0.00253181	-23	10
1959	-4.08315	0.00653752	-22	10
1960	-2.74252	0.00611857	-21	10
1961	-4.58712	0.00655346	-20	10
1962	-4.76907	0.00672192	-19	10
1963	-5.6621	0.00705967	-18	10
1964	-2.41105	0.00567617	-17	10
1965	-5.22492	0.00661233	-16	10
1966	-4.6389	0.00687733	-15	10
1967	-5.61188	0.00696269	-14	10
1968	-4.16306	0.0066226	-13	10
1969	-5.85754	0.00710003	-12	10
1970	-4.28814	0.00648474	-11	10
1971	-3.13806	0.00608677	-10	10
1972	-4.42575	0.00634129	-9	10
1973	-4.50666	0.00643047	-8	10
1974	-4.25094	0.0066053	-7	10
1975	-4.83367	0.00653589	-6	10
1976	-4.80006	0.00672014	-5	10
1977	-3.98266	0.00632873	-4	10
1978	-6.53524	0.00750324	-3	10
1979	-6.15997	0.00696621	-2	10
1980	-5.16161	0.00678648	-1	10
1981	-3.37252	0.00624335	0	10
1982	-4.80851	0.00681764	1	10
1983	-4.05511	0.00605114	2	10
1984	-4.63558	0.00650624	3	10
1985	-4.55563	0.00636539	4	10
1986	-6.0744	0.00715282	5	10
1987	-5.57029	0.00677664	6	10
1988	-5.09956	0.00683191	7	10
1989	-4.84031	0.00678324	8	10
1990	-5.74257	0.00726796	9	10
1991	-5.76155	0.00715585	10	10
1992	-4.14463	0.00592237	11	10
1993	-5.62743	0.00645174	12	10
1994	-4.22357	0.00635542	13	10
1995	-3.26099	0.00623639	14	10
1996	-5.73918	0.00690383	15	10
1997	-5.08527	0.00687317	16	10
1998	-3.57779	0.00627643	17	10
1999	-5.30378	0.00691799	18	10
2000	-4.03559	0.0064592	19	10
2001	-4.40193	0.00678521	20	10
2002	-0.935019	0.00515974	21	10
2003	-4.25858	0.00645805	22	10
2004	-4.62295	0.00676496	23	10
2005	-3.7344	0.00630402	24	10
2006	-3.57033	0.00648346	25	10
2007	-2.61128	0.00597294	26	10
2008	-4.39143	0.00665432	27	10
2009	-5.14445	0.00691945	28	10
2010	-5.30166	0.00671505	-27	11
2011	-4.56788	0.00655343	-26	11
2012	-4.4595	0.00677121	-25	11
2013	-3.87793	0.00652959	-24	11
2014	-4.45335	0.00645216	-23	11
2015	-3.51306	0.00639174	-22	11
2016	-5.31262	0.00687522	-21	11
2017	-4.19202	0.00652784	-20	11
2018	-4.65756	0.00670479	-19	11
2019	-4.85517	0.00652069	-18	11
2020	-5.01969	0.00687669	-17	11
2021	-5.01641	0.00685433	-16	11
2022	-4.67987	0.00662903	-15	11
2023	-4.72096	0.00681911	-14	11
2024	-4.09275	0.00647322	-13	11
2025	-5.4467	0.00690968	-12	11
2026	-5.23936	0.00715454	-11	11
2027	-4.84154	0.00666245	-10	11
2028	-4.65011	0.00662238	-9	11
2029	-5.3835	0.00689131	-8	11
2030	-4.42962	0.00633824	-7	11
2031	-4.69646	0.0066684	-6	11
2032	-5.25878	0.00676506	-5	11
2033	-6.35095	0.00729534	-4	11
2034	-4.18027	0.00649208	-3	11
2035	-4.78536	0.00659174	-2	11
2036	-4.09218	0.00638067	-1	11
2037	-4.11698	0.0065353	0	11
2038	-4.75568	0.00679022	1	11
2039	-3.84886	0.00638121	2	11
2040	-4.95131	0.00660997	3	11
2041	-5.09462	0.00665217	4	11
2042	-5.4005	0.0067623	5	11
2043	-5.71025	0.00684332	6	11
2044	-4.73966	0.00607307	7	11
2045	-4.55209	0.00662158	8	11
2046	-4.71351	0.00660844	9	11
2047	-4.76115	0.00670564	10	11
2048	-4.64534	0.00654791	11	11
2049	-3.60221	0.00625946	12	11
2050	-5.3493	0.00664772	13	11
2051	-4.47656	0.00673685	14	11
2052	-5.13027	0.00665234	15	11
2053	-5.09977	0.00697813	16	11
2054	-4.76062	0.0067039	17	11
2055	-4.13451	0.00658912	18	11
2056	-4.23583	0.00670519	19	11
2057	-3.87215	0.00661692	20	11
2058	-3.07339	0.00580059	21	11
2059	-2.97444	0.00614529	22	11
2060	-4.29572	0.00637331	23	11
2061	-5.64623	0.00724634	24	11
2062	-2.70392	0.00586735	25	11
2063	-0.781859	0.00442417	26	11
2064	-3.20221	0.00625302	27	11
2065	-5.80394	0.00718803	-27	12
2066	-2.99748	0.00619925	-26	12
2067	-2.15547	0.00567427	-25	12
2068	-4.21669	0.00662389	-24	12
2069	-4.36617	0.0066096	-23	12
2070	-2.11102	0.00547763	-22	12
2071	-4.10792	0.00641989	-21	12
2072	-3.80437	0.00639671	-20	12
2073	-4.1233	0.00662381	-19	12
2074	-3.34158	0.00619006	-18	12
2075	-3.97527	0.00612163	-17	12
2076	-4.07839	0.00649891	-16	12
2077	-3.79745	0.00630326	-15	12
2078	-0.86927	0.00478609	-14	12
2079	-4.57273	0.00663195	-13	12
2080	-5.19013	0.00695259	-12	12
2081	-5.13314	0.00686435	-11	12
2082	-2.94525	0.0058487	-10	12
2083	-4.65864	0.00662693	-9	12
2084	-1.47538	0.00502052	-8	12
2085	-4.71213	0.00674538	-7	12
2086	-4.29493	0.00663784	-6	12
2087	-4.24482	0.0062714	-5	12
2088	-5.48382	0.00696527	-4	12
2089	-3.47786	0.00593364	-3	12
2090	-4.87772	0.00666193	-2	12
2091	-5.00483	0.0067336	-1	12
2092	-5.51934	0.00674226	0	12
2093	-4.49837	0.00657123	1	12
2094	-5.06488	0.00665167	2	12
2095	-3.91219	0.00598287	3	12
2096	-4.90205	0.00661276	4	12
2097	-5.92298	0.00704595	5	12
2098	-5.35937	0.00667416	6	12
2099	-3.51257	0.00619262	7	12
2100	-4.43791	0.00646234	8	12
2101	-5.60112	0.00687747	9	12
2102	-4.74952	0.0067473	10	12
2103	-4.47263	0.00657229	11	12
2104	-4.46877	0.00649782	12	12
2105	-4.61324	0.00657622	13	12
2106	-4.85296	0.00690618	14	12
2107	-3.10708	0.00570901	15	12
2108	-3.98842	0.00628281	16	12
2109	-2.71158	0.00562456	17	12
2110	-3.36405	0.00585243	18	12
2111	-4.60729	0.00655457	19	12
2112	-4.5201	0.00676923	20	12
2113	-4.17986	0.00664638	21	12
2114	-3.64788	0.0063532	22	12
2115	-1.10435	0.00523805	23	12
2116	-3.72839	0.00654572	24	12
2117	-3.86252	0.00631424	25	12
2118	-1.66145	0.00551375	26	12
2119	-3.93396	0.00645652	27	12
2120	-4.79649	0.00670632	-27	13
2121	-4.82533	0.00705153	-26	13
2122	-3.28462	0.00647172	-25	13
2123	2.94526	0.00241382	-24	13
2124	-3.12568	0.00619103	-23	13
2125	-1.33034	0.00507299	-22	13
2126	-3.75563	0.0065759	-21	13
2127	-3.52545	0.0064485	-20	13
2128	-2.03125	0.00576034	-19	13
2129	-5.63677	0.00722847	-18	13
2130	-4.87291	0.00687072	-17	13
2131	-4.21308	0.00645383	-16	13
2132	-4.70176	0.00684436	-15	13
2133	-5.74167	0.00690726	-14	13
2134	-4.75056	0.00658554	-13	13
2135	-3.66371	0.00636713	-12	13
2136	-4.49346	0.00610804	-11	13
2137	-6.10969	0.00719892	-10	13
2138	-6.29478	0.00719926	-9	13
2139	-4.22071	0.0065241	-8	13
2140	-4.26654	0.00654206	-7	13
2141	-4.92515	0.00659842	-6	13
2142	-4.49679	0.00622801	-5	13
2143	-4.65396	0.00652199	-4	13
2144	-4.39026	0.00639447	-3	13
2145	-5.32572	0.00686746	-2	13
2146	-4.90419	0.00655887	-1	13
2147	-4.51488	0.00652029	0	13
2148	-4.19841	0.00667296	1	13
2149	-4.19938	0.00641086	2	13
2150	-4.44572	0.00668613	3	13
2151	-5.462	0.00719292	4	13
2152	-5.00466	0.00682366	5	13
2153	-4.98225	0.00682316	6	13
2154	-6.15599	0.00676696	7	13
2155	-4.58906	0.00652563	8	13
2156	-2.04765	0.00502218	9	13
2157	-5.49301	0.00673982	10	13
2158	-4.9673	0.00648798	11	13
2159	-5.31557	0.006996	12	13
2160	-5.80245	0.00684458	13	13
2161	-4.67295	0.00651995	14	13
2162	-2.45449	0.0057636	15	13
2163	-4.20627	0.00668572	16	13
2164	-3.49932	0.00638864	17	13
2165	-4.91874	0.00682285	18	13
2166	-3.34727	0.00628472	19	13
2167	-2.98108	0.00563433	20	13
2168	-4.27322	0.00670272	21	13
2169	-1.90845	0.00540063	22	13
2170	-4.25239	0.00659114	23	13
2171	-3.8468	0.00646728	24	13
2172	-4.25368	0.00672828	25	13
2173	-4.29448	0.00657492	26	13
2174	-11.8331	0.00788927	27	13
2175	-3.7859	0.0065911	-26	14
2176	-3.49879	0.00609539	-25	14
2177	-2.72571	0.00571317	-24	14
2178	-3.98709	0.00653276	-23	14
2179	-4.40394	0.00648733	-22	14
2180	-4.33069	0.00672267	-21	14
2181	-3.86347	0.00654773	-20	14
2182	-5.00342	0.00669576	-19	14
2183	-5.10188	0.00695378	-18	14
2184	-4.50989	0.00662489	-17	14
2185	-3.43562	0.00632801	-16	14
2186	-1.75964	0.00561385	-15	14
2187	-4.67838	0.00666259	-14	14
2188	-5.47984	0.00680103	-13	14
2189	-4.93335	0.00688227	-12	14
2190	-4.68018	0.00670863	-11	14
2191	-3.3937	0.00629294	-10	14
2192	-5.40051	0.00703226	-9	14
2193	-4.13769	0.00654972	-8	14
2194	-5.10029	0.0068592	-7	14
2195	-4.68568	0.0068323	-6	14
2196	-4.28482	0.00666122	-5	14
2197	-4.72953	0.00671849	-4	14
2198	-5.94895	0.0068582	-3	14
2199	-3.99345	0.00625547	-2	14
2200	-4.59777	0.00607661	-1	14
2201	-5.03492	0.00683787	0	14
2202	-5.01877	0.00698415	1	14
2203	-4.08083	0.00592078	2	14
2204	-4.44058	0.00648798	3	14
2205	-5.59802	0.00700648	4	14
2206	-6.17565	0.00676919	5	14
2207	-5.88289	0.00704863	6	14
2208	-4.30041	0.00653214	7	14
2209	-4.40472	0.00635495	8	14
2210	-5.61861	0.00695324	9	14
2211	-5.40033	0.0067851	10	14
2212	-4.81942	0.00657945	11	14
2213	-4.3578	0.00660551	12	14
2214	-6.02309	0.00695634	13	14
2215	-4.6463	0.00662487	14	14
2216	-3.28365	0.0062684	15	14
2217	-4.77646	0.00675474	16	14
2218	-4.4507	0.00657602	17	14
2219	-4.891	0.00664448	18	14
2220	-4.47278	0.00656422	19	14
2221	-3.99615	0.0066255	20	14
2222	-3.75431	0.0064612	21	14
2223	-3.34161	0.00642303	22	14
2224	-3.64821	0.00641286	23	14
2225	-5.12437	0.00670177	24	14
2226	-2.63711	0.0057215	25	14
2227	-4.51707	0.00655087	26	14
2228	0.0402496	0.00449567	-25	15
2229	-3.66887	0.00627774	-24	15
2230	-3.03631	0.00606201	-23	15
2231	-2.80669	0.00600985	-22	15
2232	-3.84311	0.00643881	-21	15
2233	-4.30645	0.00670848	-20	15
2234	-4.30832	0.00668477	-19	15
2235	-4.29486	0.00651941	-18	15
2236	-4.50606	0.00664505	-17	15
2237	-3.61013	0.00634324	-16	15
2238	-2.89135	0.00612048	-15	15
2239	-3.6563	0.00656671	-14	15
2240	-3.8101	0.00645673	-13	15
2241	-2.98802	0.0061433	-12	15
2242	-2.40638	0.00560485	-11	15
2243	-3.62391	0.00637779	-10	15
2244	-5.61856	0.00700294	-9	15
2245	-4.014	0.00635061	-8	15
2246	-6.16885	0.00707444	-7	15
2247	-5.35289	0.00671298	-6	15
2248	-4.75586	0.00653719	-5	15
2249	-3.92408	0.00644417	-4	15
2250	-5.58977	0.00699743	-3	15
2251	-5.45009	0.00697726	-2	15
2252	-4.9376	0.00669219	-1	15
2253	-3.37235	0.00623442	0	15
2254	-5.75476	0.00686425	1	15
2255	-5.31912	0.00703853	2	15
2256	-4.60944	0.00648159	3	15
2257	-5.30558	0.00658684	4	15
2258	-4.51132	0.00658554	5	15
2259	-5.44144	0.00685133	6	15
2260	-5.11505	0.00663828	7	15
2261	-5.1452	0.00659905	8	15
2262	-6.43584	0.00753974	9	15
2263	-5.32503	0.00674953	10	15
2264	-3.92418	0.00639515	11	15
2265	-3.03899	0.00602728	12	15
2266	-4.82083	0.00640192	13	15
2267	-4.38114	0.00714782	14	15
2268	-4.41727	0.00669633	15	15
2269	-4.4428	0.00664329	16	15
2270	-3.88795	0.00642889	17	15
2271	-2.92566	0.0058865	18	15
2272	-3.97996	0.00643459	19	15
2273	-1.87004	0.00566831	20	15
2274	-2.4554	0.00595179	21	15
2275	-4.44467	0.00672985	22	15
2276	-5.00912	0.00707476	23	15
2277	-2.27366	0.0058903	24	15
2278	-4.11281	0.00636311	25	15
2279	-4.87087	0.00691642	-25	16
2280	-4.59832	0.00662179	-24	16
2281	-3.70171	0.00646824	-23	16
2282	-2.88632	0.00621146	-22	16
2283	-5.15766	0.00667764	-21	16
2284	-3.67893	0.00636905	-20	16
2285	-4.31019	0.00680937	-19	16
2286	-3.71496	0.00642377	-18	16
2287	-4.43281	0.00607735	-17	16
2288	-4.01449	0.0065213	-16	16
2289	-2.65368	0.00604019	-15	16
2290	-3.98465	0.00648839	-14	16
2291	-3.76971	0.00635313	-13	16
2292	-4.24468	0.00665035	-12	16
2293	-5.09502	0.00685618	-11	16
2294	-3.96557	0.00627125	-10	16
2295	-3.53093	0.00620452	-9	16
2296	-3.44571	0.00619094	-8	16
2297	-5.9862	0.00727954	-7	16
2298	-4.881	0.0065979	-6	16
2299	-4.94586	0.00674428	-5	16
2300	-4.89244	0.00644748	-4	16
2301	-4.02345	0.00650391	-3	16
2302	-3.53431	0.00637682	-2	16
2303	-4.23763	0.00644825	-1	16
2304	-4.45415	0.00663961	0	16
2305	-4.6812	0.00675191	1	16
2306	-4.31786	0.006588	2	16
2307	-5.81923	0.00681243	3	16
2308	-5.28982	0.00653332	4	16
2309	-5.20898	0.00697243	5	16
2310	-4.55653	0.00667701	6	16
2311	-4.62081	0.00663302	7	16
2312	-4.97667	0.00672833	8	16
2313	-5.93802	0.00689356	9	16
2314	-5.44564	0.00709554	10	16
2315	-5.46897	0.00706399	11	16
2316	-4.24925	0.0065731	12	16
2317	-3.98233	0.00629041	13	16
2318	-6.98426	0.00636543	14	16
2319	-5.02087	0.00692397	15	16
2320	-4.62762	0.00701207	16	16
2321	-3.93382	0.00647111	17	16
2322	-3.04615	0.00627461	18	16
2323	-2.914	0.00613651	19	16
2324	-4.34681	0.00635558	20	16
2325	-3.59547	0.00643627	21	16
2326	-2.82127	0.00612461	22	16
2327	-2.06922	0.00577889	23	16
2328	-4.4261	0.00682078	24	16
2329	-4.1113	0.00643964	25	16
2330	-4.60274	0.00687798	-24	17
2331	-4.64505	0.00674434	-23	17
2332	-4.88418	0.0070337	-22	17
2333	-4.37307	0.00653397	-21	17
2334	-3.7942	0.00645481	-20	17
2335	-4.18516	0.00657585	-19	17
2336	-3.63103	0.00627336	-18	17
2337	-2.27953	0.00553633	-17	17
2338	-4.70467	0.00672732	-16	17
2339	-1.52757	0.00537588	-15	17
2340	-5.08157	0.00684994	-14	17
2341	-2.66603	0.00580554	-13	17
2342	-4.92825	0.00678201	-12	17
2343	-5.158	0.00691002	-11	17
2344	-4.24502	0.0063114	-10	17
2345	-3.66702	0.00653772	-9	17
2346	-4.4077	0.00659794	-8	17
2347	-4.50339	0.00669189	-7	17
2348	-3.24315	0.00575931	-6	17
2349	-4.85728	0.00677009	-5	17
2350	-4.61277	0.00659355	-4	17
2351	-4.63101	0.00664965	-3	17
2352	-1.72914	0.00558669	-2	17
2353	-4.6374	0.00655076	-1	17
2354	-2.152	0.00566244	0	17
2355	-3.92174	0.00645533	1	17
2356	-4.48117	0.00661913	2	17
2357	-1.53642	0.00513356	3	17
2358	-4.23927	0.00611402	4	17
2359	-5.32407	0.00672101	5	17
2360	-4.29196	0.00647852	6	17
2361	-4.26958	0.00497216	7	17
2362	-3.02517	0.00580908	8	17
2363	-5.47988	0.00681699	9	17
2364	-4.72659	0.00675421	10	17
2365	-4.86608	0.00666986	11	17
2366	-4.31754	0.00658777	12	17
2367	-3.04967	0.00610482	13	17
2368	-3.98244	0.00647517	14	17
2369	-4.21998	0.00614862	15	17
2370	-4.63299	0.00675864	16	17
2371	-4.75952	0.00677154	17	17
2372	-3.27699	0.00607649	18	17
2373	-4.16723	0.00655698	19	17
2374	-2.61891	0.00589623	20	17
2375	-4.80405	0.00679331	21	17
2376	-2.18827	0.00571806	22	17
2377	-4.39749	0.00686018	23	17
2378	-3.0116	0.00597822	24	17
2379	-4.09032	0.00662977	-23	18
2380	-3.26034	0.00630317	-22	18
2381	-4.60767	0.00674688	-21	18
2382	-2.6394	0.0056884	-20	18
2383	-4.56589	0.00680367	-19	18
2384	-3.4034	0.00630112	-18	18
2385	-4.12559	0.00654954	-17	18
2386	-4.3961	0.00659287	-16	18
2387	-4.8366	0.00664432	-15	18
2388	-3.07136	0.00616988	-14	18
2389	-4.14923	0.00659036	-13	18
2390	-4.65293	0.00671453	-12	18
2391	-3.75624	0.00598367	-11	18
2392	-5.77899	0.00700038	-10	18
2393	-3.6128	0.00643308	-9	18
2394	-5.65409	0.00709596	-8	18
2395	-2.81566	0.005907	-7	18
2396	-4.95766	0.00685102	-6	18
2397	-3.04019	0.00571313	-5	18
2398	-4.58383	0.00655755	-4	18
2399	-4.94726	0.00668816	-3	18
2400	-4.96475	0.00676523	-2	18
2401	-4.63787	0.00653537	-1	18
2402	-4.15718	0.00637387	0	18
2403	-3.32798	0.00632166	1	18
2404	-4.10076	0.00633292	2	18
2405	-5.39034	0.00666685	3	18
2406	-3.53207	0.00628842	4	18
2407	-3.99865	0.0055357	5	18
2408	-3.33273	0.00584252	6	18
2409	-5.52532	0.00694889	7	18
2410	-4.71153	0.0065568	8	18
2411	-4.82943	0.00667786	9	18
2412	-5.79509	0.00707871	10	18
2413	-6.2077	0.00704405	11	18
2414	-3.43807	0.00600787	12	18
2415	-4.92654	0.00652594	13	18
2416	-4.78487	0.00656082	14	18
2417	-4.32352	0.00642918	15	18
2418	-5.49271	0.00685436	16	18
2419	-5.56817	0.00709375	17	18
2420	-4.22406	0.00634169	18	18
2421	-5.42038	0.00717538	19	18
2422	-3.85468	0.00648996	20	18
2423	-3.61169	0.00609887	21	18
2424	-3.21005	0.00602145	22	18
2425	-3.55188	0.00585214	23	18
2426	-4.95115	0.00689843	-23	19
2427	-4.33605	0.00636525	-22	19
2428	-1.71596	0.0051197	-21	19
2429	-3.95788	0.00643764	-20	19
2430	-2.52592	0.00565679	-19	19
2431	-4.82686	0.00673282	-18	19
2432	-4.20505	0.00659487	-17	19
2433	-2.89964	0.00605118	-16	19
2434	-3.99351	0.00598565	-15	19
2435	-2.93073	0.00599126	-14	19
2436	-1.4298	0.00512853	-13	19
2437	-3.88473	0.00652533	-12	19
2438	-4.65121	0.00654423	-11	19
2439	-3.91942	0.00643029	-10	19
2440	-3.86373	0.00606882	-9	19
2441	-4.19355	0.0065584	-8	19
2442	-4.6897	0.0071126	-7	19
2443	-3.99573	0.00630393	-6	19
2444	-4.26353	0.00638208	-5	19
2445	-5.0421	0.00684094	-4	19
2446	-3.53158	0.00639711	-3	19
2447	-3.85701	0.00631355	-2	19
2448	-5.21157	0.00623655	-1	19
2449	-4.18958	0.00664986	0	19
2450	-4.35184	0.00645006	1	19
2451	-4.70601	0.00674909	2	19
2452	-4.63241	0.00625223	3	19
2453	-4.10603	0.00614188	4	19
2454	-4.80791	0.00663467	5	19
2455	-5.646	0.00678033	6	19
2456	-4.737	0.00659987	7	19
2457	-5.26987	0.00640816	8	19
2458	-4.48002	0.00620387	9	19
2459	-3.8038	0.00629139	10	19
2460	-2.12533	0.00543846	11	19
2461	-3.8114	0.00643102	12	19
2462	-3.89958	0.00636427	13	19
2463	-4.79647	0.00684636	14	19
2464	-2.87791	0.00612499	15	19
2465	-2.65805	0.00601654	16	19
2466	-5.19464	0.00685241	17	19
2467	-4.37768	0.00663753	18	19
2468	-3.69804	0.0065029	19	19
2469	-3.06766	0.00624272	20	19
2470	-18.3577	0.0117957	21	19
2471	-5.32692	0.00714884	22	19
2472	-3.24944	0.00623891	23	19
2473	-5.28647	0.00706951	-22	20
2474	-2.29735	0.00590763	-21	20
2475	-2.94961	0.0060909	-20	20
2476	-3.16049	0.00595556	-19	20
2477	-3.94679	0.0064596	-18	20
2478	-4.46961	0.00630684	-17	20
2479	-5.08252	0.00653995	-16	20
2480	-2.86255	0.00623005	-15	20
2481	-3.89548	0.00650308	-14	20
2482	-5.01046	0.00684531	-13	20
2483	-1.3052	0.00519811	-12	20
2484	-3.60279	0.00636087	-11	20
2485	-4.47615	0.00658565	-10	20
2486	-4.03366	0.00661595	-9	20
2487	-2.19996	0.0057335	-8	20
2488	-2.21217	0.00541178	-7	20
2489	-3.62803	0.00618138	-6	20
2490	-5.23937	0.0068842	-5	20
2491	-3.8806	0.006413	-4	20
2492	-4.76021	0.00658938	-3	20
2493	-2.45263	0.00581238	-2	20
2494	-2.00641	0.00525603	-1	20
2495	-2.99621	0.0062032	0	20
2496	-1.50343	0.00535348	1	20
2497	-3.59544	0.00596283	2	20
2498	-4.53512	0.00666123	3	20
2499	-2.64055	0.00554397	4	20
2500	-4.4706	0.00659367	5	20
2501	-4.52872	0.00627163	6	20
2502	-4.88055	0.00653175	7	20
2503	-5.32526	0.00676991	8	20
2504	-2.27188	0.00489949	9	20
2505	-4.11059	0.00641497	10	20
2506	-3.61177	0.00586374	11	20
2507	-4.87957	0.00678056	12	20
2508	-4.60607	0.00675193	13	20
2509	-3.21823	0.00617105	14	20
2510	-4.57227	0.00678819	15	20
2511	-1.03869	0.00488745	16	20
2512	-3.38129	0.00634688	17	20
2513	1.49424	0.0038408	18	20
2514	-3.29165	0.00631732	19	20
2515	-4.10917	0.00668013	20	20
2516	-2.6677	0.0060734	21	20
2517	-4.29115	0.00653421	22	20
2518	-4.47012	0.00658273	-21	21
2519	-4.07596	0.00658588	-20	21
2520	-4.78706	0.00665097	-19	21
2521	-3.92379	0.00652746	-18	21
2522	-3.58809	0.00653878	-17	21
2523	-3.56205	0.00627951	-16	21
2524	-3.24615	0.00622929	-15	21
2525	-2.17251	0.00583961	-14	21
2526	-2.09726	0.00563594	-13	21
2527	-1.8318	0.00564952	-12	21
2528	-3.52205	0.00620051	-11	21
2529	-0.270121	0.00480165	-10	21
2530	-2.80187	0.00601442	-9	21
2531	-4.10802	0.00626709	-8	21
2532	-1.74164	0.00557884	-7	21
2533	-3.43271	0.00612873	-6	21
2534	-3.71266	0.00625152	-5	21
2535	-5.07043	0.0066773	-4	21
2536	-2.93863	0.00611983	-3	21
2537	-4.71505	0.0067692	-2	21
2538	-3.94074	0.00666033	-1	21
2539	-4.42604	0.00666898	0	21
2540	-3.2774	0.00634985	1	21
2541	-2.94693	0.00608575	2	21
2542	-4.56044	0.00671677	3	21
2543	-5.56113	0.00714135	4	21
2544	-3.7213	0.00631084	5	21
2545	-4.30203	0.00636453	6	21
2546	-3.63865	0.00630764	7	21
2547	-4.96766	0.00644328	8	21
2548	-4.59572	0.00676246	9	21
2549	-4.75828	0.00673754	10	21
2550	-3.51756	0.00623695	11	21
2551	-3.97911	0.00669102	12	21
2552	-4.51054	0.00689538	13	21
2553	-4.17464	0.00637897	14	21
2554	-4.10059	0.00648644	15	21
2555	-5.17625	0.00718294	16	21
2556	-0.873379	0.00512763	17	21
2557	-3.97222	0.00659989	18	21
2558	-4.63951	0.00614338	19	21
2559	-4.70678	0.00698664	20	21
2560	-4.94425	0.00689832	21	21
2561	-2.7532	0.00607434	-20	22
2562	-4.50508	0.00661542	-19	22
2563	-3.78063	0.00663073	-18	22
2564	-4.60668	0.00682117	-17	22
2565	-3.27137	0.00620929	-16	22
2566	-3.31055	0.00629851	-15	22
2567	-4.17904	0.00664336	-14	22
2568	-4.12029	0.0065008	-13	22
2569	-5.63177	0.00725522	-12	22
2570	-1.59841	0.00545327	-11	22
2571	-4.51769	0.00652891	-10	22
2572	-4.78954	0.00678879	-9	22
2573	-3.14187	0.00599516	-8	22
2574	-4.19375	0.00662344	-7	22
2575	-4.03216	0.00650198	-6	22
2576	-4.94308	0.00700901	-5	22
2577	-4.52075	0.00648837	-4	22
2578	-2.94302	0.00617037	-3	22
2579	-1.34226	0.00501834	-2	22
2580	-4.11712	0.00663952	-1	22
2581	-3.7776	0.00633022	0	22
2582	-3.60525	0.00647959	1	22
2583	-3.77934	0.00616286	2	22
2584	-4.82205	0.00705795	3	22
2585	-4.96095	0.00640026	4	22
2586	-5.12467	0.00682533	5	22
2587	-3.88857	0.0066005	6	22
2588	-3.65206	0.00643684	7	22
2589	-5.11848	0.00694781	8	22
2590	-4.04254	0.00658094	9	22
2591	-5.05968	0.0066979	10	22
2592	-4.35014	0.0065752	11	22
2593	-3.28888	0.00608962	12	22
2594	-4.68602	0.00661309	13	22
2595	-2.31785	0.00581648	14	22
2596	-3.83329	0.00635768	15	22
2597	-3.64968	0.00660123	16	22
2598	-3.14243	0.00625372	17	22
2599	-3.93214	0.0066408	18	22
2600	-3.75378	0.00611682	19	22
2601	-2.6886	0.00592192	20	22
2602	-4.41985	0.0064997	-19	23
2603	-4.50286	0.00661181	-18	23
2604	-4.44507	0.00681614	-17	23
2605	-4.98862	0.00696857	-16	23
2606	-4.17247	0.00639896	-15	23
2607	-3.4447	0.00642345	-14	23
2608	-2.26614	0.00564953	-13	23
2609	-4.64983	0.00668214	-12	23
2610	-3.33805	0.00632018	-11	23
2611	-4.49328	0.00679567	-10	23
2612	-3.93879	0.00650217	-9	23
2613	-4.35525	0.00662671	-8	23
2614	-3.3661	0.00629062	-7	23
2615	-5.12664	0.00678117	-6	23
2616	-4.31671	0.00657387	-5	23
2617	-5.29885	0.00712064	-4	23
2618	-3.30987	0.00598703	-3	23
2619	-3.68819	0.00641779	-2	23
2620	-4.02338	0.00654644	-1	23
2621	-5.30048	0.00705899	0	23
2622	-2.70955	0.00553438	1	23
2623	-2.67884	0.0053905	2	23
2624	-4.24981	0.00661663	3	23
2625	-6.06842	0.00705771	4	23
2626	-5.12535	0.00687482	5	23
2627	-5.79436	0.0072255	6	23
2628	-3.56256	0.00643723	7	23
2629	-6.02537	0.00724947	8	23
2630	-3.94179	0.00648835	9	23
2631	-4.82762	0.00677085	10	23
2632	-4.10634	0.00649166	11	23
2633	-4.50178	0.00672407	12	23
2634	-4.33946	0.00682918	13	23
2635	-3.796	0.00621901	14	23
2636	-3.00016	0.00617573	15	23
2637	-3.48456	0.00635802	16	23
2638	-0.494263	0.00494484	17	23
2639	-4.04174	0.00671745	18	23
2640	-4.43911	0.00648624	19	23
2641	-3.92309	0.00645538	-17	24
2642	-4.05536	0.00655994	-16	24
2643	-4.61952	0.00693083	-15	24
2644	-4.03199	0.00655676	-14	24
2645	-4.10487	0.00655391	-13	24
2646	-3.97274	0.00640584	-12	24
2647	-4.39467	0.00650902	-11	24
2648	-4.20922	0.00659421	-10	24
2649	-2.94135	0.00604733	-9	24
2650	-3.69465	0.00640772	-8	24
2651	-4.5283	0.00677032	-7	24
2652	-4.24134	0.00674036	-6	24
2653	-4.04954	0.00641425	-5	24
2654	-5.9849	0.00694441	-4	24
2655	-4.16251	0.00659051	-3	24
2656	-2.84887	0.00590744	-2	24
2657	-3.52748	0.00644242	-1	24
2658	1.714	0.00372129	0	24
2659	-3.67306	0.00627894	1	24
2660	-3.2731	0.00625953	2	24
2661	-4.17461	0.00648522	3	24
2662	-4.68449	0.00663182	4	24
2663	-5.18739	0.00667308	5	24
2664	-5.13683	0.00702134	6	24
2665	-4.66391	0.00633904	7	24
2666	-4.48936	0.00650518	8	24
2667	-4.22904	0.00639439	9	24
2668	-4.92365	0.00683216	10	24
2669	-5.17372	0.00659785	11	24
2670	-3.57651	0.0063048	12	24
2671	-5.43143	0.00681414	13	24
2672	-3.87765	0.00647353	14	24
2673	-2.74149	0.00613054	15	24
2674	-4.00384	0.00658553	16	24
2675	-5.18954	0.00677059	17	24
2676	-4.40973	0.00672548	-16	25
2677	-2.31281	0.00589158	-15	25
2678	-0.465455	0.00491709	-14	25
2679	-4.51892	0.00685265	-13	25
2680	-5.54308	0.00694145	-12	25
2681	-3.39873	0.00622873	-11	25
2682	-4.89372	0.00684451	-10	25
2683	-2.96392	0.00618169	-9	25
2684	-4.49979	0.00679607	-8	25
2685	-4.77896	0.00650025	-7	25
2686	-4.88352	0.00691741	-6	25
2687	-5.2032	0.00671188	-5	25
2688	-4.83384	0.00678761	-4	25
2689	-4.84369	0.00664947	-3	25
2690	0.0917748	0.00459574	-2	25
2691	-4.38525	0.00674979	-1	25
2692	-2.83673	0.00595812	0	25
2693	-4.0095	0.00658072	1	25
2694	-3.70135	0.00640784	2	25
2695	-3.70123	0.00636856	3	25
2696	-4.54278	0.00612821	4	25
2697	-4.71436	0.00628206	5	25
2698	-4.71604	0.00645962	6	25
2699	-5.8677	0.00694501	7	25
2700	-4.85579	0.0066879	8	25
2701	-4.72504	0.00666361	9	25
2702	-4.58571	0.0067165	10	25
2703	-2.8272	0.00612985	11	25
2704	-3.4864	0.00608123	12	25
2705	-3.91694	0.00635886	13	25
2706	-4.42322	0.00679125	14	25
2707	-5.06211	0.00702125	15	25
2708	-4.53966	0.00697091	16	25
2709	-1.10893	0.00496351	-14	26
2710	-4.48399	0.00670462	-13	26
2711	-4.17427	0.00650584	-12	26
2712	-3.82486	0.0064931	-11	26
2713	-3.15786	0.0059504	-10	26
2714	-2.37484	0.00594765	-9	26
2715	-3.19626	0.00635455	-8	26
2716	-4.09497	0.00672792	-7	26
2717	-2.89595	0.00600279	-6	26
2718	-5.18603	0.00666243	-5	26
2719	-3.77866	0.00635338	-4	26
2720	-4.40066	0.00674812	-3	26
2721	0.999377	0.00412069	-2	26
2722	-3.28232	0.0063825	-1	26
2723	-2.95302	0.00621701	0	26
2724	-2.25754	0.00576371	1	26
2725	-0.414149	0.00490225	2	26
2726	-4.80887	0.00666524	3	26
2727	-2.66675	0.00570649	4	26
2728	-4.25981	0.00672641	5	26
2729	-3.90037	0.00629711	6	26
2730	-3.24284	0.00619232	7	26
2731	-5.38557	0.00692478	8	26
2732	-4.12892	0.00653931	9	26
2733	-5.56328	0.00735612	10	26
2734	-4.92261	0.00678259	11	26
2735	-4.03338	0.0065051	12	26
2736	-2.24575	0.00587479	13	26
2737	-4.53197	0.00668879	14	26
2738	-4.92301	0.00673437	-13	27
2739	-5.2942	0.00683768	-12	27
2740	-4.28246	0.00659515	-11	27
2741	-3.96628	0.00640706	-10	27
2742	-0.800645	0.00516854	-9	27
2743	-4.19029	0.00657649	-8	27
2744	-4.34948	0.00658495	-7	27
2745	-3.79394	0.00614362	-6	27
2746	-4.61601	0.00607209	-5	27
2747	-4.20996	0.00646043	-4	27
2748	-3.55562	0.00622247	-3	27
2749	-4.31958	0.00638774	-2	27
2750	-0.347347	0.00485985	-1	27
2751	-3.26811	0.0060844	0	27
2752	-3.47974	0.00635267	1	27
2753	-3.47824	0.00617718	2	27
2754	-2.24212	0.00516655	3	27
2755	-3.5188	0.00616776	4	27
2756	-4.24306	0.00662098	5	27
2757	-6.43863	0.0062972	6	27
2758	-4.16059	0.00642665	7	27
2759	-4.70154	0.00686593	8	27
2760	-4.26039	0.00657196	9	27
2761	-4.95294	0.00678614	10	27
2762	-4.02178	0.00628839	11	27
2763	-4.31523	0.00659718	12	27
2764	-5.18648	0.00665945	13	27
2765	-3.6325	0.00619577	-10	28
2766	-2.88168	0.00610684	-9	28
2767	-3.94189	0.00664006	-8	28
2768	-3.2065	0.00623126	-7	28
2769	-2.72191	0.00567085	-6	28
2770	-4.89343	0.00670799	-5	28
2771	-3.04361	0.00587338	-4	28
2772	-2.67917	0.00613938	-3	28
2773	-0.00752353	0.00466987	-2	28
2774	-3.41954	0.00589709	-1	28
2775	-2.68753	0.00608308	0	28
2776	-2.44032	0.00555441	1	28
2777	-1.8225	0.00566333	2	28
2778	-3.53581	0.00631225	3	28
2779	-3.50632	0.00627579	4	28
2780	-4.67762	0.00655506	5	28
2781	-4.46221	0.00667066	6	28
2782	-6.34469	0.00750237	7	28
2783	-6.02552	0.00734732	8	28
2784	-3.97234	0.00626505	9	28
2785	-2.63162	0.00562209	10	28
2786	-5.39973	0.00683133	-7	29
2787	-3.93036	0.00637356	-6	29
2788	-6.02678	0.00685243	-5	29
2789	-3.69041	0.00623505	-4	29
2790	-4.85994	0.00667751	-3	29
2791	-2.53345	0.00595572	-2	29
2792	-3.83882	0.00631349	-1	29
2793	-3.85073	0.00641204	0	29
2794	-4.02936	0.00669397	1	29
2795	-3.94168	0.00650849	2	29
2796	-4.1242	0.00616195	3	29
2797	-5.74059	0.0070321	4	29
2798	-3.70893	0.0062036	5	29
2799	-3.96863	0.00633394	6	29
2800	-5.51301	0.00676885	7	29
