# CDC channels
# N ring straw roc slot channel
   1  1   1 25  3 11
   2  1   2 25  3  9
   3  1   3 25  3  5
   4  1   4 25  3  3
   5  1   5 25  8 17
   6  1   6 25  8 13
   7  1   7 25  8 11
   8  1   8 25  8  7
   9  1   9 25  8  3
  10  1  10 27 14 19
  11  1  11 27 14 15
  12  1  12 27 14 13
  13  1  13 27 14  9
  14  1  14 27 14  5
  15  1  15 27 14  1
  16  1  16 27  3 15
  17  1  17 27  3 13
  18  1  18 27  3  9
  19  1  19 27  3  5
  20  1  20 27  3  1
  21  1  21 28  3 15
  22  1  22 28  3 11
  23  1  23 28  3  9
  24  1  24 28  3  5
  25  1  25 28  3  3
  26  1  26 28 15 17
  27  1  27 28 15 13
  28  1  28 28 15 11
  29  1  29 28 15  7
  30  1  30 28 15  3
  31  1  31 26 13 19
  32  1  32 26 13 15
  33  1  33 26 13 13
  34  1  34 26 13  9
  35  1  35 26 13  3
  36  1  36 26 13  1
  37  1  37 26  3 15
  38  1  38 26  3 13
  39  1  39 26  3  9
  40  1  40 26  3  5
  41  1  41 26  3  1
  42  1  42 25  3 15
  43  2   1 25  3 13
  44  2   2 25  3  7
  45  2   3 25  3  6
  46  2   4 25  3  1
  47  2   5 25  8 19
  48  2   6 25  8 15
  49  2   7 25  8  9
  50  2   8 25  8  5
  51  2   9 25  8  1
  52  2  10 27 14 21
  53  2  11 27 14 17
  54  2  12 27 14 11
  55  2  13 27 14  7
  56  2  14 27 14  3
  57  2  15 27  3 19
  58  2  16 27  3 17
  59  2  17 27  3 11
  60  2  18 27  3  7
  61  2  19 27  3  3
  62  2  20 28  3 19
  63  2  21 28  3 17
  64  2  22 28  3 13
  65  2  23 28  3  7
  66  2  24 28  3  6
  67  2  25 28  3  1
  68  2  26 28 15 19
  69  2  27 28 15 15
  70  2  28 28 15  9
  71  2  29 28 15  5
  72  2  30 28 15  1
  73  2  31 26 13 21
  74  2  32 26 13 17
  75  2  33 26 13 11
  76  2  34 26 13  7
  77  2  35 26 13  5
  78  2  36 26  3 19
  79  2  37 26  3 17
  80  2  38 26  3 11
  81  2  39 26  3  7
  82  2  40 26  3  3
  83  2  41 25  3 19
  84  2  42 25  3 17
  85  3   1 25  3 18
  86  3   2 25  3 14
  87  3   3 25  3 10
  88  3   4 25  3  4
  89  3   5 25  3  0
  90  3   6 25  8 21
  91  3   7 25  8 18
  92  3   8 25  8 16
  93  3   9 25  8 12
  94  3  10 25  8  6
  95  3  11 25  8  4
  96  3  12 25  8  0
  97  3  13 27 14 23
  98  3  14 27 14 18
  99  3  15 27 14 14
 100  3  16 27 14 10
 101  3  17 27 14  6
 102  3  18 27 14  2
 103  3  19 27  3 23
 104  3  20 27  3 21
 105  3  21 27  3 18
 106  3  22 27  3 14
 107  3  23 27  3 10
 108  3  24 27  3  6
 109  3  25 27  3  2
 110  3  26 28  3 23
 111  3  27 28  3 21
 112  3  28 28  3 18
 113  3  29 28  3 14
 114  3  30 28  3 10
 115  3  31 28  3  4
 116  3  32 28  3  0
 117  3  33 28 15 21
 118  3  34 28 15 18
 119  3  35 28 15 16
 120  3  36 28 15 12
 121  3  37 28 15  6
 122  3  38 28 15  4
 123  3  39 28 15  0
 124  3  40 26 13 23
 125  3  41 26 13 18
 126  3  42 26 13 14
 127  3  43 26 13 10
 128  3  44 26 13  6
 129  3  45 26 13  2
 130  3  46 26  3 23
 131  3  47 26  3 21
 132  3  48 26  3 18
 133  3  49 26  3 14
 134  3  50 26  3 10
 135  3  51 26  3  6
 136  3  52 26  3  2
 137  3  53 25  3 23
 138  3  54 25  3 21
 139  4   1 25  3 16
 140  4   2 25  3 12
 141  4   3 25  3  8
 142  4   4 25  3  2
 143  4   5 25  8 23
 144  4   6 25  8 22
 145  4   7 25  8 20
 146  4   8 25  8 14
 147  4   9 25  8 10
 148  4  10 25  8  8
 149  4  11 25  8  2
 150  4  12 27 14 22
 151  4  13 27 14 20
 152  4  14 27 14 16
 153  4  15 27 14 12
 154  4  16 27 14  8
 155  4  17 27 14  4
 156  4  18 27 14  0
 157  4  19 27  3 22
 158  4  20 27  3 20
 159  4  21 27  3 16
 160  4  22 27  3 12
 161  4  23 27  3  8
 162  4  24 27  3  4
 163  4  25 27  3  0
 164  4  26 28  3 22
 165  4  27 28  3 20
 166  4  28 28  3 16
 167  4  29 28  3 12
 168  4  30 28  3  8
 169  4  31 28  3  2
 170  4  32 28 15 23
 171  4  33 28 15 22
 172  4  34 28 15 20
 173  4  35 28 15 14
 174  4  36 28 15 10
 175  4  37 28 15  8
 176  4  38 28 15  2
 177  4  39 26 13 22
 178  4  40 26 13 20
 179  4  41 26 13 16
 180  4  42 26 13 12
 181  4  43 26 13  8
 182  4  44 26 13  4
 183  4  45 26 13  0
 184  4  46 26  3 22
 185  4  47 26  3 20
 186  4  48 26  3 16
 187  4  49 26  3 12
 188  4  50 26  3  8
 189  4  51 26  3  4
 190  4  52 26  3  0
 191  4  53 25  3 22
 192  4  54 25  3 20
 193  5   1 25  3 35
 194  5   2 25  3 33
 195  5   3 25  3 29
 196  5   4 25  3 25
 197  5   5 25  8 45
 198  5   6 25  8 41
 199  5   7 25  8 39
 200  5   8 25  8 33
 201  5   9 25  8 31
 202  5  10 25  8 29
 203  5  11 25  8 25
 204  5  12 25 15 21
 205  5  13 25 15 17
 206  5  14 25 15 13
 207  5  15 25 15 11
 208  5  16 25 15  9
 209  5  17 25 15  7
 210  5  18 25 15  3
 211  5  19 27 14 47
 212  5  20 27 14 43
 213  5  21 27 14 39
 214  5  22 27 14 37
 215  5  23 27 14 35
 216  5  24 27 14 33
 217  5  25 27 14 29
 218  5  26 27 14 25
 219  5  27 27  3 45
 220  5  28 27  3 41
 221  5  29 27  3 39
 222  5  30 27  3 35
 223  5  31 27  3 33
 224  5  32 27  3 29
 225  5  33 27  3 25
 226  5  34 28  3 45
 227  5  35 28  3 41
 228  5  36 28  3 39
 229  5  37 28  3 37
 230  5  38 28  3 33
 231  5  39 28  3 31
 232  5  40 28  3 27
 233  5  41 28 15 47
 234  5  42 28 15 43
 235  5  43 28 15 39
 236  5  44 28 15 37
 237  5  45 28 15 35
 238  5  46 28 15 33
 239  5  47 28 15 29
 240  5  48 28 15 25
 241  5  49 26 13 45
 242  5  50 26 13 41
 243  5  51 26 13 39
 244  5  52 26 13 35
 245  5  53 26 13 33
 246  5  54 26 13 29
 247  5  55 26 13 25
 248  5  56 26  7 21
 249  5  57 26  7 17
 250  5  58 26  7 15
 251  5  59 26  7 11
 252  5  60 26  7  9
 253  5  61 26  7  7
 254  5  62 26  7  1
 255  5  63 25  3 47
 256  5  64 25  3 43
 257  5  65 25  3 39
 258  5  66 25  3 37
 259  6   1 25  3 36
 260  6   2 25  3 30
 261  6   3 25  3 31
 262  6   4 25  3 27
 263  6   5 25  8 47
 264  6   6 25  8 43
 265  6   7 25  8 42
 266  6   8 25  8 36
 267  6   9 25  8 32
 268  6  10 25  8 30
 269  6  11 25  8 27
 270  6  12 25 15 23
 271  6  13 25 15 19
 272  6  14 25 15 15
 273  6  15 25 15 14
 274  6  16 25 15 10
 275  6  17 25 15  6
 276  6  18 25 15  5
 277  6  19 25 15  1
 278  6  20 27 14 45
 279  6  21 27 14 41
 280  6  22 27 14 40
 281  6  23 27 14 36
 282  6  24 27 14 30
 283  6  25 27 14 31
 284  6  26 27 14 27
 285  6  27 27  3 47
 286  6  28 27  3 43
 287  6  29 27  3 40
 288  6  30 27  3 36
 289  6  31 27  3 30
 290  6  32 27  3 31
 291  6  33 27  3 27
 292  6  34 28  3 47
 293  6  35 28  3 43
 294  6  36 28  3 42
 295  6  37 28  3 36
 296  6  38 28  3 35
 297  6  39 28  3 30
 298  6  40 28  3 29
 299  6  41 28  3 25
 300  6  42 28 15 45
 301  6  43 28 15 41
 302  6  44 28 15 40
 303  6  45 28 15 34
 304  6  46 28 15 30
 305  6  47 28 15 31
 306  6  48 28 15 27
 307  6  49 26 13 47
 308  6  50 26 13 43
 309  6  51 26 13 40
 310  6  52 26 13 36
 311  6  53 26 13 30
 312  6  54 26 13 31
 313  6  55 26 13 27
 314  6  56 26  7 23
 315  6  57 26  7 19
 316  6  58 26  7 18
 317  6  59 26  7 14
 318  6  60 26  7  8
 319  6  61 26  7  6
 320  6  62 26  7  5
 321  6  63 26  7  3
 322  6  64 25  3 45
 323  6  65 25  3 41
 324  6  66 25  3 40
 325  7   1 25  3 34
 326  7   2 25  3 32
 327  7   3 25  3 28
 328  7   4 25  3 26
 329  7   5 25  3 24
 330  7   6 25  8 46
 331  7   7 25  8 44
 332  7   8 25  8 40
 333  7   9 25  8 38
 334  7  10 25  8 34
 335  7  11 25  8 28
 336  7  12 25  8 26
 337  7  13 25  8 24
 338  7  14 25  8 55
 339  7  15 25 15 22
 340  7  16 25 15 18
 341  7  17 25 15 16
 342  7  18 25 15 12
 343  7  19 25 15  8
 344  7  20 25 15  4
 345  7  21 25 15  2
 346  7  22 25 15  0
 347  7  23 27 10 23
 348  7  24 27 14 46
 349  7  25 27 14 44
 350  7  26 27 14 42
 351  7  27 27 14 38
 352  7  28 27 14 34
 353  7  29 27 14 32
 354  7  30 27 14 28
 355  7  31 27 14 24
 356  7  32 27  3 46
 357  7  33 27  3 44
 358  7  34 27  3 42
 359  7  35 27  3 38
 360  7  36 27  3 34
 361  7  37 27  3 32
 362  7  38 27  3 28
 363  7  39 27  3 26
 364  7  40 27  3 24
 365  7  41 28  3 46
 366  7  42 28  3 44
 367  7  43 28  3 40
 368  7  44 28  3 38
 369  7  45 28  3 34
 370  7  46 28  3 28
 371  7  47 28  3 26
 372  7  48 28  3 24
 373  7  49 28  8 13
 374  7  50 28 15 46
 375  7  51 28 15 44
 376  7  52 28 15 42
 377  7  53 28 15 38
 378  7  54 28 15 36
 379  7  55 28 15 32
 380  7  56 28 15 28
 381  7  57 28 15 26
 382  7  58 28 15 24
 383  7  59 26 13 46
 384  7  60 26 13 44
 385  7  61 26 13 42
 386  7  62 26 13 38
 387  7  63 26 13 34
 388  7  64 26 13 32
 389  7  65 26 13 28
 390  7  66 26 13 26
 391  7  67 26 13 24
 392  7  68 26  7 22
 393  7  69 26  7 20
 394  7  70 26  7 16
 395  7  71 26  7 12
 396  7  72 26  7 10
 397  7  73 26  7  4
 398  7  74 26  7  2
 399  7  75 26  7  0
 400  7  76 26  3 39
 401  7  77 25  3 46
 402  7  78 25  3 44
 403  7  79 25  3 42
 404  7  80 25  3 38
 405  8   1 26  3 27
 406  8   2 25  3 69
 407  8   3 25  3 65
 408  8   4 25  3 63
 409  8   5 25  3 61
 410  8   6 25  3 59
 411  8   7 25  3 57
 412  8   8 25  3 53
 413  8   9 25  8 71
 414  8  10 25  8 67
 415  8  11 25  8 65
 416  8  12 25  8 61
 417  8  13 25  8 59
 418  8  14 25  8 57
 419  8  15 25  8 53
 420  8  16 25 15 20
 421  8  17 27 14 69
 422  8  18 27 14 65
 423  8  19 27 14 63
 424  8  20 27 14 61
 425  8  21 27 14 59
 426  8  22 27 14 55
 427  8  23 27 14 51
 428  8  24 27 10 21
 429  8  25 27 10 17
 430  8  26 27 10 15
 431  8  27 27 10 11
 432  8  28 27 10  9
 433  8  29 27 10  7
 434  8  30 27 10  3
 435  8  31 27 14 26
 436  8  32 27  3 67
 437  8  33 27  3 65
 438  8  34 27  3 63
 439  8  35 27  3 59
 440  8  36 27  3 57
 441  8  37 27  3 53
 442  8  38 27  3 49
 443  8  39 28  3 67
 444  8  40 28  3 65
 445  8  41 28  3 61
 446  8  42 28  3 59
 447  8  43 28  3 57
 448  8  44 28  3 55
 449  8  45 28  3 51
 450  8  46 28  3 32
 451  8  47 28  8 19
 452  8  48 28  8 17
 453  8  49 28  8 15
 454  8  50 28  8 11
 455  8  51 28  8  9
 456  8  52 28  8  5
 457  8  53 28 15 71
 458  8  54 28 15 67
 459  8  55 28 15 65
 460  8  56 28 15 61
 461  8  57 28 15 59
 462  8  58 28 15 57
 463  8  59 28 15 55
 464  8  60 28 15 51
 465  8  61 26 13 69
 466  8  62 26 13 65
 467  8  63 26 13 63
 468  8  64 26 13 59
 469  8  65 26 13 57
 470  8  66 26 13 53
 471  8  67 26 13 49
 472  8  68 26  7 43
 473  8  69 26  7 41
 474  8  70 26  7 39
 475  8  71 26  7 35
 476  8  72 26  7 33
 477  8  73 26  7 31
 478  8  74 26  7 27
 479  8  75 26  3 45
 480  8  76 26  3 41
 481  8  77 26  3 37
 482  8  78 26  3 35
 483  8  79 26  3 33
 484  8  80 26  3 31
 485  9   1 26  3 25
 486  9   2 25  3 71
 487  9   3 25  3 67
 488  9   4 25  3 66
 489  9   5 25  3 62
 490  9   6 25  3 58
 491  9   7 25  3 54
 492  9   8 25  3 55
 493  9   9 25  3 51
 494  9  10 25  3 49
 495  9  11 25  8 69
 496  9  12 25  8 66
 497  9  13 25  8 63
 498  9  14 25  8 60
 499  9  15 25  8 56
 500  9  16 25  8 52
 501  9  17 25  8 51
 502  9  18 25  8 49
 503  9  19 27 14 71
 504  9  20 27 14 67
 505  9  21 27 14 66
 506  9  22 27 14 62
 507  9  23 27 14 58
 508  9  24 27 14 57
 509  9  25 27 14 52
 510  9  26 27 14 53
 511  9  27 27 14 49
 512  9  28 27 10 19
 513  9  29 27 10 18
 514  9  30 27 10 14
 515  9  31 27 10 13
 516  9  32 27 10  8
 517  9  33 27 10  4
 518  9  34 27 10  5
 519  9  35 27 10  1
 520  9  36 27  3 71
 521  9  37 27  3 69
 522  9  38 27  3 66
 523  9  39 27  3 62
 524  9  40 27  3 58
 525  9  41 27  3 54
 526  9  42 27  3 55
 527  9  43 27  3 51
 528  9  44 28  3 71
 529  9  45 28  3 69
 530  9  46 28  3 66
 531  9  47 28  3 63
 532  9  48 28  3 60
 533  9  49 28  3 56
 534  9  50 28  3 52
 535  9  51 28  3 53
 536  9  52 28  3 49
 537  9  53 28  8 23
 538  9  54 28  8 21
 539  9  55 28  8 18
 540  9  56 28  8 14
 541  9  57 28  8 10
 542  9  58 28  8  6
 543  9  59 28  8  7
 544  9  60 28  8  3
 545  9  61 28  8  1
 546  9  62 28 15 69
 547  9  63 28 15 66
 548  9  64 28 15 63
 549  9  65 28 15 60
 550  9  66 28 15 56
 551  9  67 28 15 54
 552  9  68 28 15 53
 553  9  69 28 15 49
 554  9  70 26 13 71
 555  9  71 26 13 67
 556  9  72 26 13 66
 557  9  73 26 13 62
 558  9  74 26 13 58
 559  9  75 26 13 54
 560  9  76 26 13 55
 561  9  77 26 13 51
 562  9  78 26  7 47
 563  9  79 26  7 45
 564  9  80 26  7 42
 565  9  81 26  7 38
 566  9  82 26  7 37
 567  9  83 26  7 32
 568  9  84 26  7 30
 569  9  85 26  7 29
 570  9  86 26  7 25
 571  9  87 26  3 47
 572  9  88 26  3 43
 573  9  89 26  3 40
 574  9  90 26  3 36
 575  9  91 26  3 32
 576  9  92 26  3 30
 577  9  93 26  3 29
 578 10   1 25  4 11
 579 10   2 25  3 70
 580 10   3 25  3 68
 581 10   4 25  3 64
 582 10   5 25  3 60
 583 10   6 25  3 56
 584 10   7 25  3 52
 585 10   8 25  3 50
 586 10   9 25  3 48
 587 10  10 25  8 70
 588 10  11 25  8 68
 589 10  12 25  8 64
 590 10  13 25  8 62
 591 10  14 25  8 58
 592 10  15 25  8 54
 593 10  16 25  8 50
 594 10  17 25  8 48
 595 10  18 25 15 43
 596 10  19 27 14 70
 597 10  20 27 14 68
 598 10  21 27 14 64
 599 10  22 27 14 60
 600 10  23 27 14 56
 601 10  24 27 14 54
 602 10  25 27 14 50
 603 10  26 27 14 48
 604 10  27 27 10 22
 605 10  28 27 10 20
 606 10  29 27 10 16
 607 10  30 27 10 12
 608 10  31 27 10 10
 609 10  32 27 10  6
 610 10  33 27 10  2
 611 10  34 27 10  0
 612 10  35 27  8  7
 613 10  36 27  3 70
 614 10  37 27  3 68
 615 10  38 27  3 64
 616 10  39 27  3 60
 617 10  40 27  3 56
 618 10  41 27  3 52
 619 10  42 27  3 50
 620 10  43 27  3 48
 621 10  44 28  3 70
 622 10  45 28  3 68
 623 10  46 28  3 64
 624 10  47 28  3 62
 625 10  48 28  3 58
 626 10  49 28  3 54
 627 10  50 28  3 50
 628 10  51 28  3 48
 629 10  52 28  6 17
 630 10  53 28  8 22
 631 10  54 28  8 20
 632 10  55 28  8 16
 633 10  56 28  8 12
 634 10  57 28  8  8
 635 10  58 28  8  4
 636 10  59 28  8  2
 637 10  60 28  8  0
 638 10  61 28 15 70
 639 10  62 28 15 68
 640 10  63 28 15 64
 641 10  64 28 15 62
 642 10  65 28 15 58
 643 10  66 28 15 52
 644 10  67 28 15 50
 645 10  68 28 15 48
 646 10  69 28 16  7
 647 10  70 26 13 70
 648 10  71 26 13 68
 649 10  72 26 13 64
 650 10  73 26 13 60
 651 10  74 26 13 56
 652 10  75 26 13 52
 653 10  76 26 13 50
 654 10  77 26 13 48
 655 10  78 26  7 46
 656 10  79 26  7 44
 657 10  80 26  7 40
 658 10  81 26  7 36
 659 10  82 26  7 34
 660 10  83 26  7 28
 661 10  84 26  7 26
 662 10  85 26  7 24
 663 10  86 26  3 46
 664 10  87 26  3 44
 665 10  88 26  3 42
 666 10  89 26  3 38
 667 10  90 26  3 34
 668 10  91 26  3 28
 669 10  92 26  3 26
 670 10  93 26  3 24
 671 11   1 25  4 13
 672 11   2 25  4  9
 673 11   3 25  4  7
 674 11   4 25  4  5
 675 11   5 25  4  1
 676 11   6 25  6 21
 677 11   7 25  6 19
 678 11   8 25  6 15
 679 11   9 25  6 11
 680 11  10 25  6  9
 681 11  11 25  6  7
 682 11  12 25  6  3
 683 11  13 25  9 23
 684 11  14 25  9 19
 685 11  15 25  9 17
 686 11  16 25  9 13
 687 11  17 25  9 11
 688 11  18 25  9  9
 689 11  19 25  9  5
 690 11  20 25  9  1
 691 11  21 25 15 45
 692 11  22 25 15 41
 693 11  23 25 15 39
 694 11  24 25 15 35
 695 11  25 25 15 33
 696 11  26 25 15 31
 697 11  27 25 15 27
 698 11  28 27 15 23
 699 11  29 27 15 19
 700 11  30 27 15 15
 701 11  31 27 15 13
 702 11  32 27 15 11
 703 11  33 27 15  9
 704 11  34 27 15  5
 705 11  35 27 15  1
 706 11  36 27  8 21
 707 11  37 27  8 17
 708 11  38 27  8 15
 709 11  39 27  8 13
 710 11  40 27  8  9
 711 11  41 27  8  5
 712 11  42 27  8  3
 713 11  43 27  4 23
 714 11  44 27  4 19
 715 11  45 27  4 17
 716 11  46 27  4 13
 717 11  47 27  4  9
 718 11  48 27  4  7
 719 11  49 27  4  3
 720 11  50 28  4 23
 721 11  51 28  4 19
 722 11  52 28  4 17
 723 11  53 28  4 15
 724 11  54 28  4 11
 725 11  55 28  4  9
 726 11  56 28  4  7
 727 11  57 28  4  3
 728 11  58 28  6 23
 729 11  59 28  6 19
 730 11  60 28  6 15
 731 11  61 28  6 13
 732 11  62 28  6 11
 733 11  63 28  6  9
 734 11  64 28  6  5
 735 11  65 28  6  1
 736 11  66 28  8 45
 737 11  67 28  8 41
 738 11  68 28  8 39
 739 11  69 28  8 37
 740 11  70 28  8 33
 741 11  71 28  8 31
 742 11  72 28  8 27
 743 11  73 28 16 23
 744 11  74 28 16 19
 745 11  75 28 16 17
 746 11  76 28 16 15
 747 11  77 28 16 13
 748 11  78 28 16  9
 749 11  79 28 16  5
 750 11  80 28 16  3
 751 11  81 26 14 23
 752 11  82 26 14 19
 753 11  83 26 14 17
 754 11  84 26 14 13
 755 11  85 26 14 11
 756 11  86 26 14  9
 757 11  87 26 14  5
 758 11  88 26 14  3
 759 11  89 26  9 23
 760 11  90 26  9 19
 761 11  91 26  9 15
 762 11  92 26  9 13
 763 11  93 26  9 11
 764 11  94 26  9  9
 765 11  95 26  9  5
 766 11  96 26  9  1
 767 11  97 26  5 21
 768 11  98 26  5 17
 769 11  99 26  5 15
 770 11 100 26  5 11
 771 11 101 26  5  9
 772 11 102 26  5  5
 773 11 103 26  5  3
 774 11 104 25  4 23
 775 11 105 25  4 19
 776 11 106 25  4 17
 777 12   1 25  4 12
 778 12   2 25  4  6
 779 12   3 25  4  4
 780 12   4 25  4  3
 781 12   5 25  6 23
 782 12   6 25  6 20
 783 12   7 25  6 16
 784 12   8 25  6 13
 785 12   9 25  6  8
 786 12  10 25  6  6
 787 12  11 25  6  5
 788 12  12 25  6  1
 789 12  13 25  9 21
 790 12  14 25  9 18
 791 12  15 25  9 15
 792 12  16 25  9 10
 793 12  17 25  9  6
 794 12  18 25  9  7
 795 12  19 25  9  3
 796 12  20 25 15 47
 797 12  21 25 15 42
 798 12  22 25 15 38
 799 12  23 25 15 37
 800 12  24 25 15 32
 801 12  25 25 15 30
 802 12  26 25 15 29
 803 12  27 25 15 25
 804 12  28 27 15 21
 805 12  29 27 15 17
 806 12  30 27 15 14
 807 12  31 27 15 10
 808 12  32 27 15  6
 809 12  33 27 15  7
 810 12  34 27 15  3
 811 12  35 27  8 23
 812 12  36 27  8 19
 813 12  37 27  8 16
 814 12  38 27  8 12
 815 12  39 27  8 11
 816 12  40 27  8  6
 817 12  41 27  8  0
 818 12  42 27  8  1
 819 12  43 27  4 21
 820 12  44 27  4 18
 821 12  45 27  4 15
 822 12  46 27  4 10
 823 12  47 27  4  6
 824 12  48 27  4  5
 825 12  49 27  4  1
 826 12  50 28  4 21
 827 12  51 28  4 20
 828 12  52 28  4 14
 829 12  53 28  4 13
 830 12  54 28  4  8
 831 12  55 28  4  6
 832 12  56 28  4  5
 833 12  57 28  4  1
 834 12  58 28  6 21
 835 12  59 28  6 18
 836 12  60 28  6 14
 837 12  61 28  6 10
 838 12  62 28  6  6
 839 12  63 28  6  7
 840 12  64 28  6  3
 841 12  65 28  8 47
 842 12  66 28  8 43
 843 12  67 28  8 40
 844 12  68 28  8 36
 845 12  69 28  8 35
 846 12  70 28  8 30
 847 12  71 28  8 29
 848 12  72 28  8 25
 849 12  73 28 16 21
 850 12  74 28 16 20
 851 12  75 28 16 16
 852 12  76 28 16 12
 853 12  77 28 16 11
 854 12  78 28 16  6
 855 12  79 28 16  0
 856 12  80 28 16  1
 857 12  81 26 14 21
 858 12  82 26 14 18
 859 12  83 26 14 15
 860 12  84 26 14 10
 861 12  85 26 14  6
 862 12  86 26 14  7
 863 12  87 26 14  0
 864 12  88 26 14  1
 865 12  89 26  9 21
 866 12  90 26  9 17
 867 12  91 26  9 14
 868 12  92 26  9 10
 869 12  93 26  9  6
 870 12  94 26  9  7
 871 12  95 26  9  3
 872 12  96 26  5 23
 873 12  97 26  5 19
 874 12  98 26  5 16
 875 12  99 26  5 12
 876 12 100 26  5  6
 877 12 101 26  5  7
 878 12 102 26  5  0
 879 12 103 26  5  1
 880 12 104 25  4 21
 881 12 105 25  4 18
 882 12 106 25  4 15
 883 13   1 25  4 10
 884 13   2 25  4  8
 885 13   3 25  4  2
 886 13   4 25  4  0
 887 13   5 25  4 33
 888 13   6 25  6 22
 889 13   7 25  6 18
 890 13   8 25  6 14
 891 13   9 25  6 12
 892 13  10 25  6 10
 893 13  11 25  6  4
 894 13  12 25  6  2
 895 13  13 25  6  0
 896 13  14 25  9 22
 897 13  15 25  9 20
 898 13  16 25  9 16
 899 13  17 25  9 14
 900 13  18 25  9 12
 901 13  19 25  9  8
 902 13  20 25  9  4
 903 13  21 25  9  2
 904 13  22 25  9  0
 905 13  23 25 15 46
 906 13  24 25 15 44
 907 13  25 25 15 40
 908 13  26 25 15 36
 909 13  27 25 15 34
 910 13  28 25 15 28
 911 13  29 25 15 26
 912 13  30 25 15 24
 913 13  31 27 15 22
 914 13  32 27 15 20
 915 13  33 27 15 18
 916 13  34 27 15 16
 917 13  35 27 15 12
 918 13  36 27 15  8
 919 13  37 27 15  4
 920 13  38 27 15  2
 921 13  39 27 15  0
 922 13  40 27  8 22
 923 13  41 27  8 20
 924 13  42 27  8 18
 925 13  43 27  8 14
 926 13  44 27  8 10
 927 13  45 27  8  8
 928 13  46 27  8  4
 929 13  47 27  8  2
 930 13  48 27  8 35
 931 13  49 27  4 22
 932 13  50 27  4 20
 933 13  51 27  4 16
 934 13  52 27  4 14
 935 13  53 27  4 12
 936 13  54 27  4  8
 937 13  55 27  4  4
 938 13  56 27  4  2
 939 13  57 27  4  0
 940 13  58 28  4 22
 941 13  59 28  4 18
 942 13  60 28  4 16
 943 13  61 28  4 12
 944 13  62 28  4 10
 945 13  63 28  4  4
 946 13  64 28  4  2
 947 13  65 28  4  0
 948 13  66 28  6 45
 949 13  67 28  6 22
 950 13  68 28  6 20
 951 13  69 28  6 16
 952 13  70 28  6 12
 953 13  71 28  6  8
 954 13  72 28  6  4
 955 13  73 28  6  2
 956 13  74 28  6  0
 957 13  75 28  8 46
 958 13  76 28  8 44
 959 13  77 28  8 42
 960 13  78 28  8 38
 961 13  79 28  8 34
 962 13  80 28  8 32
 963 13  81 28  8 28
 964 13  82 28  8 26
 965 13  83 28  8 24
 966 13  84 28 14 13
 967 13  85 28 16 22
 968 13  86 28 16 18
 969 13  87 28 16 14
 970 13  88 28 16 10
 971 13  89 28 16  8
 972 13  90 28 16  4
 973 13  91 28 16  2
 974 13  92 28 16 35
 975 13  93 26 14 22
 976 13  94 26 14 20
 977 13  95 26 14 16
 978 13  96 26 14 14
 979 13  97 26 14 12
 980 13  98 26 14  8
 981 13  99 26 14  4
 982 13 100 26 14  2
 983 13 101 26 14 29
 984 13 102 26  9 22
 985 13 103 26  9 20
 986 13 104 26  9 18
 987 13 105 26  9 16
 988 13 106 26  9 12
 989 13 107 26  9  8
 990 13 108 26  9  4
 991 13 109 26  9  2
 992 13 110 26  9  0
 993 13 111 26  5 22
 994 13 112 26  5 20
 995 13 113 26  5 18
 996 13 114 26  5 14
 997 13 115 26  5 10
 998 13 116 26  5  8
 999 13 117 26  5  4
1000 13 118 26  5  2
1001 13 119 26  3 63
1002 13 120 25  4 22
1003 13 121 25  4 20
1004 13 122 25  4 16
1005 13 123 25  4 14
1006 14   1 25  4 45
1007 14   2 25  4 43
1008 14   3 25  4 39
1009 14   4 25  4 37
1010 14   5 25  4 35
1011 14   6 25  4 31
1012 14   7 25  4 27
1013 14   8 25  6 45
1014 14   9 25  6 43
1015 14  10 25  6 39
1016 14  11 25  6 37
1017 14  12 25  6 35
1018 14  13 25  6 33
1019 14  14 25  6 29
1020 14  15 25  6 25
1021 14  16 25  9 45
1022 14  17 25  9 41
1023 14  18 25  9 39
1024 14  19 25  9 35
1025 14  20 25  9 33
1026 14  21 25  9 31
1027 14  22 25  9 27
1028 14  23 25 16 21
1029 14  24 25 16 19
1030 14  25 25 16 15
1031 14  26 25 16 13
1032 14  27 25 16  9
1033 14  28 25 16  7
1034 14  29 25 16  3
1035 14  30 27 15 45
1036 14  31 27 15 43
1037 14  32 27 15 39
1038 14  33 27 15 37
1039 14  34 27 15 35
1040 14  35 27 15 33
1041 14  36 27 15 29
1042 14  37 27 15 25
1043 14  38 27 10 43
1044 14  39 27 10 41
1045 14  40 27 10 39
1046 14  41 27 10 35
1047 14  42 27 10 33
1048 14  43 27 10 29
1049 14  44 27 10 27
1050 14  45 27  8 45
1051 14  46 27  8 41
1052 14  47 27  8 39
1053 14  48 27  8 37
1054 14  49 27  8 33
1055 14  50 27  8 31
1056 14  51 27  8 27
1057 14  52 27  4 45
1058 14  53 27  4 43
1059 14  54 27  4 39
1060 14  55 27  4 37
1061 14  56 27  4 33
1062 14  57 27  4 31
1063 14  58 27  4 27
1064 14  59 28  4 45
1065 14  60 28  4 43
1066 14  61 28  4 41
1067 14  62 28  4 37
1068 14  63 28  4 35
1069 14  64 28  4 33
1070 14  65 28  4 29
1071 14  66 28  4 25
1072 14  67 28  6 43
1073 14  68 28  6 41
1074 14  69 28  6 39
1075 14  70 28  6 35
1076 14  71 28  6 33
1077 14  72 28  6 31
1078 14  73 28  6 27
1079 14  74 28  8 69
1080 14  75 28  8 67
1081 14  76 28  8 63
1082 14  77 28  8 61
1083 14  78 28  8 59
1084 14  79 28  8 55
1085 14  80 28  8 53
1086 14  81 28  8 49
1087 14  82 28 14 19
1088 14  83 28 14 17
1089 14  84 28 14 15
1090 14  85 28 14 11
1091 14  86 28 14  9
1092 14  87 28 14  5
1093 14  88 28 14  1
1094 14  89 28 16 43
1095 14  90 28 16 41
1096 14  91 28 16 39
1097 14  92 28 16 37
1098 14  93 28 16 33
1099 14  94 28 16 31
1100 14  95 28 16 25
1101 14  96 26 14 45
1102 14  97 26 14 41
1103 14  98 26 14 39
1104 14  99 26 14 37
1105 14 100 26 14 35
1106 14 101 26 14 31
1107 14 102 26 14 27
1108 14 103 26  9 45
1109 14 104 26  9 43
1110 14 105 26  9 41
1111 14 106 26  9 37
1112 14 107 26  9 31
1113 14 108 26  9 29
1114 14 109 26  9 25
1115 14 110 26  6 21
1116 14 111 26  6 17
1117 14 112 26  6 15
1118 14 113 26  6 13
1119 14 114 26  6  9
1120 14 115 26  6  7
1121 14 116 26  6  3
1122 14 117 26  3 71
1123 14 118 26  3 67
1124 14 119 26  3 65
1125 14 120 26  3 61
1126 14 121 26  3 57
1127 14 122 26  3 55
1128 14 123 26  3 51
1129 15   1 25  4 47
1130 15   2 25  4 44
1131 15   3 25  4 41
1132 15   4 25  4 38
1133 15   5 25  4 34
1134 15   6 25  4 30
1135 15   7 25  4 29
1136 15   8 25  4 25
1137 15   9 25  6 47
1138 15  10 25  6 44
1139 15  11 25  6 41
1140 15  12 25  6 38
1141 15  13 25  6 34
1142 15  14 25  6 30
1143 15  15 25  6 31
1144 15  16 25  6 27
1145 15  17 25  9 47
1146 15  18 25  9 43
1147 15  19 25  9 42
1148 15  20 25  9 38
1149 15  21 25  9 34
1150 15  22 25  9 30
1151 15  23 25  9 29
1152 15  24 25  9 25
1153 15  25 25 16 23
1154 15  26 25 16 20
1155 15  27 25 16 17
1156 15  28 25 16 14
1157 15  29 25 16 10
1158 15  30 25 16  6
1159 15  31 25 16  5
1160 15  32 25 16  1
1161 15  33 27 15 47
1162 15  34 27 15 44
1163 15  35 27 15 41
1164 15  36 27 15 38
1165 15  37 27 15 34
1166 15  38 27 15 30
1167 15  39 27 15 31
1168 15  40 27 15 27
1169 15  41 27 10 47
1170 15  42 27 10 45
1171 15  43 27 10 42
1172 15  44 27 10 38
1173 15  45 27 10 34
1174 15  46 27 10 30
1175 15  47 27 10 31
1176 15  48 27 10 25
1177 15  49 27  8 47
1178 15  50 27  8 43
1179 15  51 27  8 42
1180 15  52 27  8 38
1181 15  53 27  8 34
1182 15  54 27  8 30
1183 15  55 27  8 29
1184 15  56 27  8 25
1185 15  57 27  4 47
1186 15  58 27  4 44
1187 15  59 27  4 41
1188 15  60 27  4 38
1189 15  61 27  4 34
1190 15  62 27  4 30
1191 15  63 27  4 29
1192 15  64 27  4 25
1193 15  65 28  4 47
1194 15  66 28  4 44
1195 15  67 28  4 40
1196 15  68 28  4 39
1197 15  69 28  4 34
1198 15  70 28  4 30
1199 15  71 28  4 31
1200 15  72 28  4 27
1201 15  73 28  6 47
1202 15  74 28  6 44
1203 15  75 28  6 40
1204 15  76 28  6 37
1205 15  77 28  6 34
1206 15  78 28  6 30
1207 15  79 28  6 29
1208 15  80 28  6 25
1209 15  81 28  8 71
1210 15  82 28  8 68
1211 15  83 28  8 65
1212 15  84 28  8 62
1213 15  85 28  8 58
1214 15  86 28  8 57
1215 15  87 28  8 54
1216 15  88 28  8 51
1217 15  89 28 14 23
1218 15  90 28 14 21
1219 15  91 28 14 18
1220 15  92 28 14 14
1221 15  93 28 14 10
1222 15  94 28 14  6
1223 15  95 28 14  7
1224 15  96 28 14  3
1225 15  97 28 16 47
1226 15  98 28 16 45
1227 15  99 28 16 42
1228 15 100 28 16 38
1229 15 101 28 16 34
1230 15 102 28 16 30
1231 15 103 28 16 29
1232 15 104 28 16 27
1233 15 105 26 14 47
1234 15 106 26 14 43
1235 15 107 26 14 42
1236 15 108 26 14 38
1237 15 109 26 14 34
1238 15 110 26 14 33
1239 15 111 26 14 28
1240 15 112 26 14 25
1241 15 113 26  9 47
1242 15 114 26  9 44
1243 15 115 26  9 40
1244 15 116 26  9 39
1245 15 117 26  9 34
1246 15 118 26  9 30
1247 15 119 26  9 27
1248 15 120 26  9 24
1249 15 121 26  6 23
1250 15 122 26  6 19
1251 15 123 26  6 16
1252 15 124 26  6 12
1253 15 125 26  6  8
1254 15 126 26  6  6
1255 15 127 26  6  5
1256 15 128 26  6  1
1257 15 129 26  3 69
1258 15 130 26  3 66
1259 15 131 26  3 62
1260 15 132 26  3 58
1261 15 133 26  3 54
1262 15 134 26  3 53
1263 15 135 26  3 49
1264 16   1 25  4 46
1265 16   2 25  4 42
1266 16   3 25  4 40
1267 16   4 25  4 36
1268 16   5 25  4 32
1269 16   6 25  4 28
1270 16   7 25  4 26
1271 16   8 25  4 24
1272 16   9 25  6 46
1273 16  10 25  6 42
1274 16  11 25  6 40
1275 16  12 25  6 36
1276 16  13 25  6 32
1277 16  14 25  6 28
1278 16  15 25  6 26
1279 16  16 25  6 24
1280 16  17 25  9 46
1281 16  18 25  9 44
1282 16  19 25  9 40
1283 16  20 25  9 36
1284 16  21 25  9 32
1285 16  22 25  9 28
1286 16  23 25  9 26
1287 16  24 25  9 24
1288 16  25 25 16 22
1289 16  26 25 16 18
1290 16  27 25 16 16
1291 16  28 25 16 12
1292 16  29 25 16  8
1293 16  30 25 16  4
1294 16  31 25 16  2
1295 16  32 25 16  0
1296 16  33 27 15 46
1297 16  34 27 15 42
1298 16  35 27 15 40
1299 16  36 27 15 36
1300 16  37 27 15 32
1301 16  38 27 15 28
1302 16  39 27 15 26
1303 16  40 27 15 24
1304 16  41 27 10 46
1305 16  42 27 10 44
1306 16  43 27 10 40
1307 16  44 27 10 36
1308 16  45 27 10 32
1309 16  46 27 10 28
1310 16  47 27 10 26
1311 16  48 27 10 24
1312 16  49 27  8 46
1313 16  50 27  8 44
1314 16  51 27  8 40
1315 16  52 27  8 36
1316 16  53 27  8 32
1317 16  54 27  8 28
1318 16  55 27  8 26
1319 16  56 27  8 24
1320 16  57 27  4 46
1321 16  58 27  4 42
1322 16  59 27  4 40
1323 16  60 27  4 36
1324 16  61 27  4 32
1325 16  62 27  4 28
1326 16  63 27  4 26
1327 16  64 27  4 24
1328 16  65 28  4 46
1329 16  66 28  4 42
1330 16  67 28  4 38
1331 16  68 28  4 36
1332 16  69 28  4 32
1333 16  70 28  4 28
1334 16  71 28  4 26
1335 16  72 28  4 24
1336 16  73 28  6 46
1337 16  74 28  6 42
1338 16  75 28  6 38
1339 16  76 28  6 36
1340 16  77 28  6 32
1341 16  78 28  6 28
1342 16  79 28  6 26
1343 16  80 28  6 24
1344 16  81 28  8 70
1345 16  82 28  8 66
1346 16  83 28  8 64
1347 16  84 28  8 60
1348 16  85 28  8 56
1349 16  86 28  8 52
1350 16  87 28  8 50
1351 16  88 28  8 48
1352 16  89 28 14 22
1353 16  90 28 14 20
1354 16  91 28 14 16
1355 16  92 28 14 12
1356 16  93 28 14  8
1357 16  94 28 14  4
1358 16  95 28 14  2
1359 16  96 28 14  0
1360 16  97 28 16 46
1361 16  98 28 16 44
1362 16  99 28 16 40
1363 16 100 28 16 36
1364 16 101 28 16 32
1365 16 102 28 16 28
1366 16 103 28 16 26
1367 16 104 28 16 24
1368 16 105 26 14 46
1369 16 106 26 14 44
1370 16 107 26 14 40
1371 16 108 26 14 36
1372 16 109 26 14 32
1373 16 110 26 14 30
1374 16 111 26 14 26
1375 16 112 26 14 24
1376 16 113 26  9 46
1377 16 114 26  9 42
1378 16 115 26  9 38
1379 16 116 26  9 36
1380 16 117 26  9 32
1381 16 118 26  9 28
1382 16 119 26  9 26
1383 16 120 26  6 22
1384 16 121 26  6 20
1385 16 122 26  6 18
1386 16 123 26  6 14
1387 16 124 26  6 10
1388 16 125 26  6  4
1389 16 126 26  6  2
1390 16 127 26  6  0
1391 16 128 26  3 70
1392 16 129 26  3 68
1393 16 130 26  3 64
1394 16 131 26  3 60
1395 16 132 26  3 56
1396 16 133 26  3 52
1397 16 134 26  3 50
1398 16 135 26  3 48
1399 17   1 25  4 57
1400 17   2 25  4 55
1401 17   3 25  4 51
1402 17   4 25  6 71
1403 17   5 25  6 67
1404 17   6 25  6 65
1405 17   7 25  6 63
1406 17   8 25  6 59
1407 17   9 25  6 57
1408 17  10 25  6 55
1409 17  11 25  6 51
1410 17  12 25  9 71
1411 17  13 25  9 67
1412 17  14 25  9 65
1413 17  15 25  9 61
1414 17  16 25  9 57
1415 17  17 25  9 55
1416 17  18 25  9 51
1417 17  19 25 15 71
1418 17  20 25 15 69
1419 17  21 25 15 65
1420 17  22 25 15 63
1421 17  23 25 15 61
1422 17  24 25 15 57
1423 17  25 25 15 55
1424 17  26 25 15 51
1425 17  27 25 16 47
1426 17  28 25 16 43
1427 17  29 25 16 41
1428 17  30 25 16 39
1429 17  31 25 16 35
1430 17  32 25 16 33
1431 17  33 25 16 29
1432 17  34 25 16 27
1433 17  35 27 15 71
1434 17  36 27 15 67
1435 17  37 27 15 65
1436 17  38 27 15 61
1437 17  39 27 15 57
1438 17  40 27 15 55
1439 17  41 27 15 51
1440 17  42 27 13 23
1441 17  43 27 13 21
1442 17  44 27 13 17
1443 17  45 27 13 15
1444 17  46 27 13 13
1445 17  47 27 13  9
1446 17  48 27 13  7
1447 17  49 27 13  3
1448 17  50 27  8 71
1449 17  51 27  8 67
1450 17  52 27  8 65
1451 17  53 27  8 63
1452 17  54 27  8 59
1453 17  55 27  8 57
1454 17  56 27  8 53
1455 17  57 27  8 49
1456 17  58 27  7 21
1457 17  59 27  7 19
1458 17  60 27  7 15
1459 17  61 27  7 13
1460 17  62 27  7  9
1461 17  63 27  7  7
1462 17  64 27  7  3
1463 17  65 27  4 71
1464 17  66 27  4 67
1465 17  67 27  4 65
1466 17  68 27  4 63
1467 17  69 27  4 59
1468 17  70 27  4 57
1469 17  71 27  4 55
1470 17  72 27  4 51
1471 17  73 28  4 71
1472 17  74 28  4 67
1473 17  75 28  4 65
1474 17  76 28  4 61
1475 17  77 28  4 59
1476 17  78 28  4 57
1477 17  79 28  4 53
1478 17  80 28  4 49
1479 17  81 28  6 69
1480 17  82 28  6 67
1481 17  83 28  6 63
1482 17  84 28  6 61
1483 17  85 28  6 57
1484 17  86 28  6 55
1485 17  87 28  6 51
1486 17  88 28 10 23
1487 17  89 28 10 19
1488 17  90 28 10 17
1489 17  91 28 10 15
1490 17  92 28 10 11
1491 17  93 28 10  9
1492 17  94 28 10  7
1493 17  95 28 10  3
1494 17  96 28 13 23
1495 17  97 28 13 19
1496 17  98 28 13 17
1497 17  99 28 13 13
1498 17 100 28 13 11
1499 17 101 28 13  9
1500 17 102 28 13  5
1501 17 103 28 13  3
1502 17 104 28 16 71
1503 17 105 28 16 67
1504 17 106 28 16 65
1505 17 107 28 16 61
1506 17 108 28 16 57
1507 17 109 28 16 55
1508 17 110 28 16 51
1509 17 111 28 16 49
1510 17 112 26 14 69
1511 17 113 26 14 67
1512 17 114 26 14 63
1513 17 115 26 14 59
1514 17 116 26 14 57
1515 17 117 26 14 55
1516 17 118 26 14 51
1517 17 119 26  9 71
1518 17 120 26  9 67
1519 17 121 26  9 65
1520 17 122 26  9 61
1521 17 123 26  9 59
1522 17 124 26  9 57
1523 17 125 26  9 55
1524 17 126 26  9 51
1525 17 127 26  7 71
1526 17 128 26  7 67
1527 17 129 26  7 63
1528 17 130 26  7 61
1529 17 131 26  7 59
1530 17 132 26  7 57
1531 17 133 26  7 53
1532 17 134 26  7 49
1533 17 135 26  5 45
1534 17 136 26  5 41
1535 17 137 26  5 39
1536 17 138 26  5 37
1537 17 139 26  5 33
1538 17 140 26  5 31
1539 17 141 26  5 27
1540 17 142 25  4 71
1541 17 143 25  4 67
1542 17 144 25  4 65
1543 17 145 25  4 63
1544 17 146 25  4 61
1545 18   1 25  4 59
1546 18   2 25  4 54
1547 18   3 25  4 53
1548 18   4 25  4 49
1549 18   5 25  6 69
1550 18   6 25  6 66
1551 18   7 25  6 62
1552 18   8 25  6 61
1553 18   9 25  6 54
1554 18  10 25  6 52
1555 18  11 25  6 53
1556 18  12 25  6 49
1557 18  13 25  9 69
1558 18  14 25  9 66
1559 18  15 25  9 63
1560 18  16 25  9 58
1561 18  17 25  9 54
1562 18  18 25  9 53
1563 18  19 25  9 49
1564 18  20 25 15 70
1565 18  21 25 15 67
1566 18  22 25 15 64
1567 18  23 25 15 60
1568 18  24 25 15 59
1569 18  25 25 15 54
1570 18  26 25 15 53
1571 18  27 25 15 49
1572 18  28 25 16 45
1573 18  29 25 16 42
1574 18  30 25 16 38
1575 18  31 25 16 34
1576 18  32 25 16 30
1577 18  33 25 16 31
1578 18  34 25 16 24
1579 18  35 25 16 25
1580 18  36 27 15 69
1581 18  37 27 15 66
1582 18  38 27 15 63
1583 18  39 27 15 58
1584 18  40 27 15 54
1585 18  41 27 15 53
1586 18  42 27 15 49
1587 18  43 27 13 22
1588 18  44 27 13 19
1589 18  45 27 13 16
1590 18  46 27 13 12
1591 18  47 27 13 11
1592 18  48 27 13  6
1593 18  49 27 13  5
1594 18  50 27 13  1
1595 18  51 27  8 69
1596 18  52 27  8 66
1597 18  53 27  8 62
1598 18  54 27  8 58
1599 18  55 27  8 54
1600 18  56 27  8 55
1601 18  57 27  8 51
1602 18  58 27  7 23
1603 18  59 27  7 20
1604 18  60 27  7 16
1605 18  61 27  7 12
1606 18  62 27  7 11
1607 18  63 27  7  6
1608 18  64 27  7  5
1609 18  65 27  7  1
1610 18  66 27  4 69
1611 18  67 27  4 66
1612 18  68 27  4 62
1613 18  69 27  4 61
1614 18  70 27  4 54
1615 18  71 27  4 52
1616 18  72 27  4 53
1617 18  73 27  4 49
1618 18  74 28  4 69
1619 18  75 28  4 66
1620 18  76 28  4 63
1621 18  77 28  4 58
1622 18  78 28  4 54
1623 18  79 28  4 55
1624 18  80 28  4 51
1625 18  81 28  6 71
1626 18  82 28  6 68
1627 18  83 28  6 64
1628 18  84 28  6 60
1629 18  85 28  6 59
1630 18  86 28  6 54
1631 18  87 28  6 53
1632 18  88 28  6 49
1633 18  89 28 10 21
1634 18  90 28 10 18
1635 18  91 28 10 14
1636 18  92 28 10 13
1637 18  93 28 10  8
1638 18  94 28 10  6
1639 18  95 28 10  5
1640 18  96 28 10  1
1641 18  97 28 13 21
1642 18  98 28 13 18
1643 18  99 28 13 15
1644 18 100 28 13 10
1645 18 101 28 13  6
1646 18 102 28 13  7
1647 18 103 28 13  0
1648 18 104 28 13  1
1649 18 105 28 16 69
1650 18 106 28 16 66
1651 18 107 28 16 63
1652 18 108 28 16 60
1653 18 109 28 16 54
1654 18 110 28 16 53
1655 18 111 28 16 48
1656 18 112 26 14 71
1657 18 113 26 14 66
1658 18 114 26 14 65
1659 18 115 26 14 60
1660 18 116 26 14 56
1661 18 117 26 14 54
1662 18 118 26 14 53
1663 18 119 26 14 49
1664 18 120 26  9 69
1665 18 121 26  9 66
1666 18 122 26  9 63
1667 18 123 26  9 60
1668 18 124 26  9 56
1669 18 125 26  9 54
1670 18 126 26  9 53
1671 18 127 26  9 49
1672 18 128 26  7 69
1673 18 129 26  7 65
1674 18 130 26  7 62
1675 18 131 26  7 58
1676 18 132 26  7 54
1677 18 133 26  7 55
1678 18 134 26  7 51
1679 18 135 26  5 47
1680 18 136 26  5 43
1681 18 137 26  5 40
1682 18 138 26  5 36
1683 18 139 26  5 35
1684 18 140 26  5 30
1685 18 141 26  5 29
1686 18 142 26  5 25
1687 18 143 25  4 69
1688 18 144 25  4 68
1689 18 145 25  4 64
1690 18 146 25  4 60
1691 19   1 25  4 56
1692 19   2 25  4 52
1693 19   3 25  4 50
1694 19   4 25  4 48
1695 19   5 25  6 70
1696 19   6 25  6 68
1697 19   7 25  6 64
1698 19   8 25  6 60
1699 19   9 25  6 58
1700 19  10 25  6 56
1701 19  11 25  6 50
1702 19  12 25  6 48
1703 19  13 25  9 70
1704 19  14 25  9 68
1705 19  15 25  9 64
1706 19  16 25  9 62
1707 19  17 25  9 60
1708 19  18 25  9 56
1709 19  19 25  9 52
1710 19  20 25  9 50
1711 19  21 25  9 48
1712 19  22 25 15 68
1713 19  23 25 15 66
1714 19  24 25 15 62
1715 19  25 25 15 58
1716 19  26 25 15 56
1717 19  27 25 15 52
1718 19  28 25 15 50
1719 19  29 25 15 48
1720 19  30 25 16 46
1721 19  31 25 16 44
1722 19  32 25 16 40
1723 19  33 25 16 36
1724 19  34 25 16 32
1725 19  35 25 16 28
1726 19  36 25 16 26
1727 19  37 25 17 13
1728 19  38 27 15 70
1729 19  39 27 15 68
1730 19  40 27 15 64
1731 19  41 27 15 62
1732 19  42 27 15 60
1733 19  43 27 15 56
1734 19  44 27 15 52
1735 19  45 27 15 50
1736 19  46 27 15 48
1737 19  47 27 13 20
1738 19  48 27 13 18
1739 19  49 27 13 14
1740 19  50 27 13 10
1741 19  51 27 13  8
1742 19  52 27 13  4
1743 19  53 27 13  2
1744 19  54 27 13  0
1745 19  55 27  8 70
1746 19  56 27  8 68
1747 19  57 27  8 64
1748 19  58 27  8 60
1749 19  59 27  8 56
1750 19  60 27  8 52
1751 19  61 27  8 50
1752 19  62 27  8 48
1753 19  63 27  7 22
1754 19  64 27  7 18
1755 19  65 27  7 14
1756 19  66 27  7 10
1757 19  67 27  7  8
1758 19  68 27  7  4
1759 19  69 27  7  2
1760 19  70 27  7  0
1761 19  71 27  4 70
1762 19  72 27  4 68
1763 19  73 27  4 64
1764 19  74 27  4 60
1765 19  75 27  4 58
1766 19  76 27  4 56
1767 19  77 27  4 50
1768 19  78 27  4 48
1769 19  79 28  4 70
1770 19  80 28  4 68
1771 19  81 28  4 64
1772 19  82 28  4 62
1773 19  83 28  4 60
1774 19  84 28  4 56
1775 19  85 28  4 52
1776 19  86 28  4 50
1777 19  87 28  4 48
1778 19  88 28  6 70
1779 19  89 28  6 66
1780 19  90 28  6 62
1781 19  91 28  6 58
1782 19  92 28  6 56
1783 19  93 28  6 52
1784 19  94 28  6 50
1785 19  95 28  6 48
1786 19  96 28 10 22
1787 19  97 28 10 20
1788 19  98 28 10 16
1789 19  99 28 10 12
1790 19 100 28 10 10
1791 19 101 28 10  4
1792 19 102 28 10  2
1793 19 103 28 10  0
1794 19 104 28 13 22
1795 19 105 28 13 20
1796 19 106 28 13 16
1797 19 107 28 13 14
1798 19 108 28 13 12
1799 19 109 28 13  8
1800 19 110 28 13  4
1801 19 111 28 13  2
1802 19 112 28 17 11
1803 19 113 28 16 70
1804 19 114 28 16 68
1805 19 115 28 16 64
1806 19 116 28 16 62
1807 19 117 28 16 58
1808 19 118 28 16 56
1809 19 119 28 16 52
1810 19 120 28 16 50
1811 19 121 26 14 70
1812 19 122 26 14 68
1813 19 123 26 14 64
1814 19 124 26 14 62
1815 19 125 26 14 58
1816 19 126 26 14 52
1817 19 127 26 14 50
1818 19 128 26 14 48
1819 19 129 26  9 70
1820 19 130 26  9 68
1821 19 131 26  9 64
1822 19 132 26  9 62
1823 19 133 26  9 58
1824 19 134 26 10 13
1825 19 135 26  9 52
1826 19 136 26  9 50
1827 19 137 26  9 48
1828 19 138 26  7 70
1829 19 139 26  7 66
1830 19 140 26  7 64
1831 19 141 26  7 60
1832 19 142 26  7 56
1833 19 143 26  7 52
1834 19 144 26  7 50
1835 19 145 26  7 48
1836 19 146 26  5 46
1837 19 147 26  5 44
1838 19 148 26  5 42
1839 19 149 26  5 38
1840 19 150 26  5 34
1841 19 151 26  5 32
1842 19 152 26  5 28
1843 19 153 26  5 26
1844 19 154 26  5 24
1845 19 155 25  4 70
1846 19 156 25  4 66
1847 19 157 25  4 62
1848 19 158 25  4 58
1849 20   1 25  5  7
1850 20   2 25  5  5
1851 20   3 25  5  1
1852 20   4 25  7 21
1853 20   5 25  7 17
1854 20   6 25  7 15
1855 20   7 25  7 13
1856 20   8 25  7  9
1857 20   9 25  7  7
1858 20  10 25  7  3
1859 20  11 25 10 21
1860 20  12 25 10 19
1861 20  13 25 10 15
1862 20  14 25 10 13
1863 20  15 25 10 11
1864 20  16 25 10  9
1865 20  17 25 10  5
1866 20  18 25 10  1
1867 20  19 25 13 19
1868 20  20 25 13 17
1869 20  21 25 13 15
1870 20  22 25 13 11
1871 20  23 25 13  9
1872 20  24 25 13  7
1873 20  25 25 13  3
1874 20  26 25 14 21
1875 20  27 25 14 19
1876 20  28 25 14 15
1877 20  29 25 14 13
1878 20  30 25 14 11
1879 20  31 25 14  7
1880 20  32 25 14  5
1881 20  33 25 14  1
1882 20  34 25 17 19
1883 20  35 25 17 17
1884 20  36 25 17 15
1885 20  37 25 17 11
1886 20  38 25 17  9
1887 20  39 25 17  7
1888 20  40 25 17  1
1889 20  41 27 16 21
1890 20  42 27 16 19
1891 20  43 27 16 15
1892 20  44 27 16 13
1893 20  45 27 16  9
1894 20  46 27 16  7
1895 20  47 27 16  3
1896 20  48 27 10 69
1897 20  49 27 10 67
1898 20  50 27 10 65
1899 20  51 27 10 61
1900 20  52 27 10 59
1901 20  53 27 10 57
1902 20  54 27 10 53
1903 20  55 27 10 49
1904 20  56 27  9 19
1905 20  57 27  9 17
1906 20  58 27  9 15
1907 20  59 27  9 13
1908 20  60 27  9  9
1909 20  61 27  9  7
1910 20  62 27  9  3
1911 20  63 27  6 21
1912 20  64 27  6 19
1913 20  65 27  6 17
1914 20  66 27  6 13
1915 20  67 27  6 11
1916 20  68 27  6  9
1917 20  69 27  6  5
1918 20  70 27  6  1
1919 20  71 27  5 21
1920 20  72 27  5 17
1921 20  73 27  5 15
1922 20  74 27  5 11
1923 20  75 27  5  9
1924 20  76 27  5  7
1925 20  77 27  5  3
1926 20  78 28  5 21
1927 20  79 28  5 19
1928 20  80 28  5 15
1929 20  81 28  5 13
1930 20  82 28  5 11
1931 20  83 28  5  7
1932 20  84 28  5  5
1933 20  85 28  5  1
1934 20  86 28  7 19
1935 20  87 28  7 17
1936 20  88 28  7 15
1937 20  89 28  7 11
1938 20  90 28  7  9
1939 20  91 28  7  5
1940 20  92 28  7  1
1941 20  93 28  9 21
1942 20  94 28  9 19
1943 20  95 28  9 15
1944 20  96 28  9 13
1945 20  97 28  9 11
1946 20  98 28  9  7
1947 20  99 28  9  5
1948 20 100 28  9  1
1949 20 101 28 13 43
1950 20 102 28 13 41
1951 20 103 28 13 39
1952 20 104 28 13 35
1953 20 105 28 13 33
1954 20 106 28 13 31
1955 20 107 28 13 27
1956 20 108 28 17 23
1957 20 109 28 17 19
1958 20 110 28 17 17
1959 20 111 28 17 13
1960 20 112 28 17  9
1961 20 113 28 17  7
1962 20 114 28 17  5
1963 20 115 28 17  1
1964 20 116 26 16 19
1965 20 117 26 16 17
1966 20 118 26 16 15
1967 20 119 26 16 11
1968 20 120 26 16  9
1969 20 121 26 16  5
1970 20 122 26 16  1
1971 20 123 26 15 21
1972 20 124 26 15 17
1973 20 125 26 15 15
1974 20 126 26 15 13
1975 20 127 26 15  9
1976 20 128 26 15  7
1977 20 129 26 15  3
1978 20 130 26 10 23
1979 20 131 26 10 21
1980 20 132 26 10 17
1981 20 133 26 10 15
1982 20 134 26 10 11
1983 20 135 26 10  9
1984 20 136 26 10  7
1985 20 137 26 10  3
1986 20 138 26  7 68
1987 20 139 26  8 19
1988 20 140 26  8 17
1989 20 141 26  8 13
1990 20 142 26  8 11
1991 20 143 26  8  7
1992 20 144 26  8  5
1993 20 145 26  8  3
1994 20 146 26  5 71
1995 20 147 26  5 67
1996 20 148 26  5 63
1997 20 149 26  5 61
1998 20 150 26  5 59
1999 20 151 26  5 55
2000 20 152 26  5 53
2001 20 153 26  5 51
2002 20 154 25  5 21
2003 20 155 25  5 17
2004 20 156 25  5 15
2005 20 157 25  5 13
2006 20 158 25  5  9
2007 21   1 25  5  6
2008 21   2 25  5  2
2009 21   3 25  5  3
2010 21   4 25  7 23
2011 21   5 25  7 19
2012 21   6 25  7 18
2013 21   7 25  7 14
2014 21   8 25  7 10
2015 21   9 25  7  6
2016 21  10 25  7  5
2017 21  11 25  7  1
2018 21  12 25 10 23
2019 21  13 25 10 20
2020 21  14 25 10 17
2021 21  15 25 10 14
2022 21  16 25 10 10
2023 21  17 25 10  6
2024 21  18 25 10  7
2025 21  19 25 10  3
2026 21  20 25 13 23
2027 21  21 25 13 21
2028 21  22 25 13 18
2029 21  23 25 13 14
2030 21  24 25 13 10
2031 21  25 25 13  6
2032 21  26 25 13  5
2033 21  27 25 13  1
2034 21  28 25 14 23
2035 21  29 25 14 20
2036 21  30 25 14 17
2037 21  31 25 14 14
2038 21  32 25 14 10
2039 21  33 25 14  9
2040 21  34 25 14  6
2041 21  35 25 14  3
2042 21  36 25 17 23
2043 21  37 25 17 21
2044 21  38 25 17 18
2045 21  39 25 17 14
2046 21  40 25 17 10
2047 21  41 25 17  6
2048 21  42 25 17  5
2049 21  43 25 17  3
2050 21  44 27 16 23
2051 21  45 27 16 20
2052 21  46 27 16 17
2053 21  47 27 16 14
2054 21  48 27 16 10
2055 21  49 27 16  6
2056 21  50 27 16  5
2057 21  51 27 16  1
2058 21  52 27 10 71
2059 21  53 27 10 68
2060 21  54 27 10 64
2061 21  55 27 10 63
2062 21  56 27 10 58
2063 21  57 27 10 54
2064 21  58 27 10 55
2065 21  59 27 10 51
2066 21  60 27  9 23
2067 21  61 27  9 21
2068 21  62 27  9 18
2069 21  63 27  9 14
2070 21  64 27  9 10
2071 21  65 27  9  6
2072 21  66 27  9  5
2073 21  67 27  9  1
2074 21  68 27  6 23
2075 21  69 27  6 20
2076 21  70 27  6 16
2077 21  71 27  6 15
2078 21  72 27  6 10
2079 21  73 27  6  6
2080 21  74 27  6  7
2081 21  75 27  6  3
2082 21  76 27  5 23
2083 21  77 27  5 19
2084 21  78 27  5 18
2085 21  79 27  5 14
2086 21  80 27  5 10
2087 21  81 27  5  6
2088 21  82 27  5  5
2089 21  83 27  5  1
2090 21  84 28  5 23
2091 21  85 28  5 20
2092 21  86 28  5 17
2093 21  87 28  5 14
2094 21  88 28  5 10
2095 21  89 28  5  9
2096 21  90 28  5  6
2097 21  91 28  5  3
2098 21  92 28  7 23
2099 21  93 28  7 21
2100 21  94 28  7 18
2101 21  95 28  7 14
2102 21  96 28  7 10
2103 21  97 28  7  6
2104 21  98 28  7  7
2105 21  99 28  7  3
2106 21 100 28  9 23
2107 21 101 28  9 20
2108 21 102 28  9 17
2109 21 103 28  9 14
2110 21 104 28  9 10
2111 21 105 28  9  9
2112 21 106 28  9  6
2113 21 107 28  9  3
2114 21 108 28 13 47
2115 21 109 28 13 45
2116 21 110 28 13 42
2117 21 111 28 13 38
2118 21 112 28 13 37
2119 21 113 28 13 32
2120 21 114 28 13 30
2121 21 115 28 13 29
2122 21 116 28 13 25
2123 21 117 28 17 21
2124 21 118 28 17 18
2125 21 119 28 17 15
2126 21 120 28 17 12
2127 21 121 28 17  8
2128 21 122 28 17  4
2129 21 123 28 17  3
2130 21 124 26 16 23
2131 21 125 26 16 21
2132 21 126 26 16 18
2133 21 127 26 16 14
2134 21 128 26 16 10
2135 21 129 26 16  6
2136 21 130 26 16  7
2137 21 131 26 16  3
2138 21 132 26 15 23
2139 21 133 26 15 19
2140 21 134 26 15 18
2141 21 135 26 15 14
2142 21 136 26 15 11
2143 21 137 26 15  8
2144 21 138 26 15  6
2145 21 139 26 15  5
2146 21 140 26 15  1
2147 21 141 26 10 22
2148 21 142 26 10 19
2149 21 143 26 10 16
2150 21 144 26 10 12
2151 21 145 26 10  8
2152 21 146 26 10  6
2153 21 147 26 10  5
2154 21 148 26 10  1
2155 21 149 26  8 23
2156 21 150 26  8 21
2157 21 151 26  8 18
2158 21 152 26  8 15
2159 21 153 26  8 12
2160 21 154 26  8  9
2161 21 155 26  8  6
2162 21 156 26  8  2
2163 21 157 26  8  1
2164 21 158 26  5 69
2165 21 159 26  5 65
2166 21 160 26  5 64
2167 21 161 26  5 60
2168 21 162 26  5 57
2169 21 163 26  5 54
2170 21 164 26  5 50
2171 21 165 26  5 49
2172 21 166 25  5 23
2173 21 167 25  5 19
2174 21 168 25  5 16
2175 21 169 25  5 12
2176 21 170 25  5 11
2177 22   1 25  5  4
2178 22   2 25  5  0
2179 22   3 25  5 37
2180 22   4 25  7 22
2181 22   5 25  7 20
2182 22   6 25  7 16
2183 22   7 25  7 12
2184 22   8 25  7  8
2185 22   9 25  7  4
2186 22  10 25  7  2
2187 22  11 25  7  0
2188 22  12 25 10 22
2189 22  13 25 10 18
2190 22  14 25 10 16
2191 22  15 25 10 12
2192 22  16 25 10  8
2193 22  17 25 10  4
2194 22  18 25 10  2
2195 22  19 25 10  0
2196 22  20 25 13 22
2197 22  21 25 13 20
2198 22  22 25 13 16
2199 22  23 25 13 12
2200 22  24 25 13  8
2201 22  25 25 13  4
2202 22  26 25 13  2
2203 22  27 25 13  0
2204 22  28 25 14 22
2205 22  29 25 14 18
2206 22  30 25 14 16
2207 22  31 25 14 12
2208 22  32 25 14  8
2209 22  33 25 14  4
2210 22  34 25 14  2
2211 22  35 25 14  0
2212 22  36 25 17 22
2213 22  37 25 17 20
2214 22  38 25 17 16
2215 22  39 25 17 12
2216 22  40 25 17  8
2217 22  41 25 17  4
2218 22  42 25 17  2
2219 22  43 25 17  0
2220 22  44 27 16 22
2221 22  45 27 16 18
2222 22  46 27 16 16
2223 22  47 27 16 12
2224 22  48 27 16  8
2225 22  49 27 16  4
2226 22  50 27 16  2
2227 22  51 27 16  0
2228 22  52 27 10 70
2229 22  53 27 10 66
2230 22  54 27 10 62
2231 22  55 27 10 60
2232 22  56 27 10 56
2233 22  57 27 10 52
2234 22  58 27 10 50
2235 22  59 27 10 48
2236 22  60 27  9 22
2237 22  61 27  9 20
2238 22  62 27  9 16
2239 22  63 27  9 12
2240 22  64 27  9  8
2241 22  65 27  9  4
2242 22  66 27  9  2
2243 22  67 27  9  0
2244 22  68 27  6 22
2245 22  69 27  6 18
2246 22  70 27  6 14
2247 22  71 27  6 12
2248 22  72 27  6  8
2249 22  73 27  6  4
2250 22  74 27  6  2
2251 22  75 27  6  0
2252 22  76 27  5 22
2253 22  77 27  5 20
2254 22  78 27  5 16
2255 22  79 27  5 12
2256 22  80 27  5  8
2257 22  81 27  5  4
2258 22  82 27  5  2
2259 22  83 27  5  0
2260 22  84 28  5 22
2261 22  85 28  5 18
2262 22  86 28  5 16
2263 22  87 28  5 12
2264 22  88 28  5  8
2265 22  89 28  5  4
2266 22  90 28  5  2
2267 22  91 28  5  0
2268 22  92 28  7 22
2269 22  93 28  7 20
2270 22  94 28  7 16
2271 22  95 28  7 12
2272 22  96 28  7  8
2273 22  97 28  7  4
2274 22  98 28  7  2
2275 22  99 28  7  0
2276 22 100 28  9 22
2277 22 101 28  9 18
2278 22 102 28  9 16
2279 22 103 28  9 12
2280 22 104 28  9  8
2281 22 105 28  9  4
2282 22 106 28  9  2
2283 22 107 28  9  0
2284 22 108 28 13 46
2285 22 109 28 13 44
2286 22 110 28 13 40
2287 22 111 28 13 36
2288 22 112 28 13 34
2289 22 113 28 13 28
2290 22 114 28 13 26
2291 22 115 28 13 24
2292 22 116 28 17 22
2293 22 117 28 17 20
2294 22 118 28 17 16
2295 22 119 28 17 14
2296 22 120 28 17 10
2297 22 121 28 17  6
2298 22 122 28 17  2
2299 22 123 28 17  0
2300 22 124 26 16 22
2301 22 125 26 16 20
2302 22 126 26 16 16
2303 22 127 26 16 12
2304 22 128 26 16  8
2305 22 129 26 16  4
2306 22 130 26 16  2
2307 22 131 26 16  0
2308 22 132 26 15 22
2309 22 133 26 15 20
2310 22 134 26 15 16
2311 22 135 26 15 12
2312 22 136 26 15 10
2313 22 137 26 15  4
2314 22 138 26 15  2
2315 22 139 26 15  0
2316 22 140 26 15 31
2317 22 141 26 10 20
2318 22 142 26 10 18
2319 22 143 26 10 14
2320 22 144 26 10 10
2321 22 145 26 10  4
2322 22 146 26 10  2
2323 22 147 26 10  0
2324 22 148 26 10 27
2325 22 149 26  8 22
2326 22 150 26  8 20
2327 22 151 26  8 16
2328 22 152 26  8 14
2329 22 153 26  8 10
2330 22 154 26  8  8
2331 22 155 26  8  4
2332 22 156 26  8  0
2333 22 157 26  5 70
2334 22 158 26  5 68
2335 22 159 26  5 66
2336 22 160 26  5 62
2337 22 161 26  5 58
2338 22 162 26  5 56
2339 22 163 26  5 52
2340 22 164 26  5 48
2341 22 165 25  5 22
2342 22 166 25  5 20
2343 22 167 25  5 18
2344 22 168 25  5 14
2345 22 169 25  5 10
2346 22 170 25  5  8
2347 23   1 25  5 45
2348 23   2 25  5 43
2349 23   3 25  5 39
2350 23   4 25  5 35
2351 23   5 25  5 33
2352 23   6 25  5 31
2353 23   7 25  5 27
2354 23   8 25  7 47
2355 23   9 25  7 43
2356 23  10 25  7 41
2357 23  11 25  7 37
2358 23  12 25  7 35
2359 23  13 25  7 33
2360 23  14 25  7 29
2361 23  15 25 10 47
2362 23  16 25 10 45
2363 23  17 25 10 43
2364 23  18 25 10 39
2365 23  19 25 10 37
2366 23  20 25 10 33
2367 23  21 25 10 31
2368 23  22 25 10 29
2369 23  23 25 10 25
2370 23  24 25 13 45
2371 23  25 25 13 43
2372 23  26 25 13 39
2373 23  27 25 13 35
2374 23  28 25 13 33
2375 23  29 25 13 31
2376 23  30 25 13 27
2377 23  31 25 14 47
2378 23  32 25 14 43
2379 23  33 25 14 41
2380 23  34 25 14 37
2381 23  35 25 14 33
2382 23  36 25 14 31
2383 23  37 25 14 27
2384 23  38 25 14 25
2385 23  39 25 17 45
2386 23  40 25 17 41
2387 23  41 25 17 39
2388 23  42 25 17 37
2389 23  43 25 17 33
2390 23  44 25 17 31
2391 23  45 25 17 27
2392 23  46 27 16 47
2393 23  47 27 16 43
2394 23  48 27 16 41
2395 23  49 27 16 39
2396 23  50 27 16 35
2397 23  51 27 16 33
2398 23  52 27 16 31
2399 23  53 27 16 27
2400 23  54 27 13 47
2401 23  55 27 13 43
2402 23  56 27 13 41
2403 23  57 27 13 37
2404 23  58 27 13 33
2405 23  59 27 13 31
2406 23  60 27 13 27
2407 23  61 27 13 25
2408 23  62 27  9 45
2409 23  63 27  9 43
2410 23  64 27  9 39
2411 23  65 27  9 33
2412 23  66 27  9 31
2413 23  67 27  9 29
2414 23  68 27  9 25
2415 23  69 27  7 45
2416 23  70 27  7 43
2417 23  71 27  7 39
2418 23  72 27  7 35
2419 23  73 27  7 33
2420 23  74 27  7 31
2421 23  75 27  7 27
2422 23  76 27  6 47
2423 23  77 27  6 43
2424 23  78 27  6 41
2425 23  79 27  6 39
2426 23  80 27  6 35
2427 23  81 27  6 33
2428 23  82 27  6 29
2429 23  83 27  5 47
2430 23  84 27  5 45
2431 23  85 27  5 43
2432 23  86 27  5 41
2433 23  87 27  5 37
2434 23  88 27  5 33
2435 23  89 27  5 31
2436 23  90 27  5 27
2437 23  91 28  5 47
2438 23  92 28  5 45
2439 23  93 28  5 41
2440 23  94 28  5 39
2441 23  95 28  5 35
2442 23  96 28  5 33
2443 23  97 28  5 29
2444 23  98 28  7 47
2445 23  99 28  7 45
2446 23 100 28  7 43
2447 23 101 28  7 39
2448 23 102 28  7 37
2449 23 103 28  7 35
2450 23 104 28  7 33
2451 23 105 28  7 29
2452 23 106 28  9 47
2453 23 107 28  9 45
2454 23 108 28  9 43
2455 23 109 28  9 41
2456 23 110 28  9 37
2457 23 111 28  9 33
2458 23 112 28  9 31
2459 23 113 28  9 27
2460 23 114 28 10 47
2461 23 115 28 10 45
2462 23 116 28 10 41
2463 23 117 28 10 39
2464 23 118 28 10 35
2465 23 119 28 10 33
2466 23 120 28 10 29
2467 23 121 28 10 27
2468 23 122 28 14 47
2469 23 123 28 14 43
2470 23 124 28 14 41
2471 23 125 28 14 39
2472 23 126 28 14 33
2473 23 127 28 14 29
2474 23 128 28 14 25
2475 23 129 28 17 47
2476 23 130 28 17 43
2477 23 131 28 17 41
2478 23 132 28 17 39
2479 23 133 28 17 35
2480 23 134 28 17 33
2481 23 135 28 17 31
2482 23 136 28 17 27
2483 23 137 26 16 47
2484 23 138 26 16 43
2485 23 139 26 16 41
2486 23 140 26 16 37
2487 23 141 26 16 33
2488 23 142 26 16 31
2489 23 143 26 16 27
2490 23 144 26 16 25
2491 23 145 26 15 45
2492 23 146 26 15 43
2493 23 147 26 15 39
2494 23 148 26 15 37
2495 23 149 26 15 33
2496 23 150 26 15 29
2497 23 151 26 15 27
2498 23 152 26 10 47
2499 23 153 26 10 43
2500 23 154 26 10 41
2501 23 155 26 10 37
2502 23 156 26 10 35
2503 23 157 26 10 33
2504 23 158 26 10 29
2505 23 159 26 10 25
2506 23 160 26  8 45
2507 23 161 26  8 41
2508 23 162 26  8 39
2509 23 163 26  8 37
2510 23 164 26  8 33
2511 23 165 26  8 31
2512 23 166 26  8 27
2513 23 167 26  6 47
2514 23 168 26  6 43
2515 23 169 26  6 41
2516 23 170 26  6 39
2517 23 171 26  6 35
2518 23 172 26  6 33
2519 23 173 26  6 31
2520 23 174 26  6 27
2521 23 175 26  4 23
2522 23 176 26  4 19
2523 23 177 26  4 17
2524 23 178 26  4 13
2525 23 179 26  4  9
2526 23 180 26  4  5
2527 23 181 26  4  1
2528 23 182 25  5 47
2529 24   1 25  5 46
2530 24   2 25  5 42
2531 24   3 25  5 41
2532 24   4 25  5 36
2533 24   5 25  5 30
2534 24   6 25  5 28
2535 24   7 25  5 29
2536 24   8 25  5 25
2537 24   9 25  7 45
2538 24  10 25  7 42
2539 24  11 25  7 39
2540 24  12 25  7 34
2541 24  13 25  7 30
2542 24  14 25  7 31
2543 24  15 25  7 27
2544 24  16 25  7 25
2545 24  17 25 10 44
2546 24  18 25 10 41
2547 24  19 25 10 38
2548 24  20 25 10 35
2549 24  21 25 10 30
2550 24  22 25 10 26
2551 24  23 25 10 27
2552 24  24 25 13 47
2553 24  25 25 13 42
2554 24  26 25 13 41
2555 24  27 25 13 36
2556 24  28 25 13 32
2557 24  29 25 13 30
2558 24  30 25 13 29
2559 24  31 25 13 25
2560 24  32 25 14 45
2561 24  33 25 14 42
2562 24  34 25 14 39
2563 24  35 25 14 34
2564 24  36 25 14 30
2565 24  37 25 14 29
2566 24  38 25 14 24
2567 24  39 25 17 47
2568 24  40 25 17 43
2569 24  41 25 17 40
2570 24  42 25 17 36
2571 24  43 25 17 35
2572 24  44 25 17 30
2573 24  45 25 17 29
2574 24  46 25 17 25
2575 24  47 27 16 45
2576 24  48 27 16 42
2577 24  49 27 16 38
2578 24  50 27 16 37
2579 24  51 27 16 32
2580 24  52 27 16 30
2581 24  53 27 16 29
2582 24  54 27 16 25
2583 24  55 27 13 45
2584 24  56 27 13 42
2585 24  57 27 13 39
2586 24  58 27 13 34
2587 24  59 27 13 30
2588 24  60 27 13 29
2589 24  61 27 13 24
2590 24  62 27  9 47
2591 24  63 27  9 42
2592 24  64 27  9 41
2593 24  65 27  9 36
2594 24  66 27  9 30
2595 24  67 27  9 28
2596 24  68 27  9 27
2597 24  69 27  7 47
2598 24  70 27  7 42
2599 24  71 27  7 38
2600 24  72 27  7 37
2601 24  73 27  7 32
2602 24  74 27  7 30
2603 24  75 27  7 29
2604 24  76 27  7 25
2605 24  77 27  6 45
2606 24  78 27  6 42
2607 24  79 27  6 38
2608 24  80 27  6 37
2609 24  81 27  6 30
2610 24  82 27  6 31
2611 24  83 27  6 27
2612 24  84 27  6 25
2613 24  85 27  5 44
2614 24  86 27  5 40
2615 24  87 27  5 39
2616 24  88 27  5 34
2617 24  89 27  5 30
2618 24  90 27  5 29
2619 24  91 27  5 25
2620 24  92 28  5 46
2621 24  93 28  5 43
2622 24  94 28  5 38
2623 24  95 28  5 34
2624 24  96 28  5 30
2625 24  97 28  5 31
2626 24  98 28  5 27
2627 24  99 28  5 25
2628 24 100 28  7 44
2629 24 101 28  7 41
2630 24 102 28  7 38
2631 24 103 28  7 34
2632 24 104 28  7 30
2633 24 105 28  7 31
2634 24 106 28  7 27
2635 24 107 28  7 25
2636 24 108 28  9 44
2637 24 109 28  9 40
2638 24 110 28  9 39
2639 24 111 28  9 34
2640 24 112 28  9 30
2641 24 113 28  9 29
2642 24 114 28  9 25
2643 24 115 28 10 46
2644 24 116 28 10 43
2645 24 117 28 10 40
2646 24 118 28 10 36
2647 24 119 28 10 30
2648 24 120 28 10 31
2649 24 121 28 10 24
2650 24 122 28 10 25
2651 24 123 28 14 45
2652 24 124 28 14 42
2653 24 125 28 14 38
2654 24 126 28 14 35
2655 24 127 28 14 30
2656 24 128 28 14 28
2657 24 129 28 14 27
2658 24 130 28 17 45
2659 24 131 28 17 42
2660 24 132 28 17 38
2661 24 133 28 17 37
2662 24 134 28 17 32
2663 24 135 28 17 30
2664 24 136 28 17 29
2665 24 137 28 17 25
2666 24 138 26 16 45
2667 24 139 26 16 42
2668 24 140 26 16 39
2669 24 141 26 16 36
2670 24 142 26 16 30
2671 24 143 26 16 29
2672 24 144 26 16 24
2673 24 145 26 15 47
2674 24 146 26 15 42
2675 24 147 26 15 41
2676 24 148 26 15 36
2677 24 149 26 15 35
2678 24 150 26 15 30
2679 24 151 26 15 26
2680 24 152 26 15 25
2681 24 153 26 10 45
2682 24 154 26 10 40
2683 24 155 26 10 39
2684 24 156 26 10 34
2685 24 157 26 10 30
2686 24 158 26 10 31
2687 24 159 26 10 24
2688 24 160 26  8 47
2689 24 161 26  8 43
2690 24 162 26  8 40
2691 24 163 26  8 36
2692 24 164 26  8 35
2693 24 165 26  8 30
2694 24 166 26  8 29
2695 24 167 26  8 25
2696 24 168 26  6 45
2697 24 169 26  6 42
2698 24 170 26  6 38
2699 24 171 26  6 37
2700 24 172 26  6 32
2701 24 173 26  6 30
2702 24 174 26  6 29
2703 24 175 26  6 25
2704 24 176 26  4 21
2705 24 177 26  4 18
2706 24 178 26  4 15
2707 24 179 26  4 10
2708 24 180 26  4  6
2709 24 181 26  4  3
2710 24 182 26  4  0
2711 25   1 25  5 44
2712 25   2 25  5 40
2713 25   3 25  5 38
2714 25   4 25  5 34
2715 25   5 25  5 32
2716 25   6 25  5 26
2717 25   7 25  5 24
2718 25   8 25  7 46
2719 25   9 25  7 44
2720 25  10 25  7 40
2721 25  11 25  7 38
2722 25  12 25  7 36
2723 25  13 25  7 32
2724 25  14 25  7 28
2725 25  15 25  7 26
2726 25  16 25  7 24
2727 25  17 25 10 46
2728 25  18 25 10 42
2729 25  19 25 10 40
2730 25  20 25 10 36
2731 25  21 25 10 34
2732 25  22 25 10 32
2733 25  23 25 10 28
2734 25  24 25 10 24
2735 25  25 25 13 46
2736 25  26 25 13 44
2737 25  27 25 13 40
2738 25  28 25 13 38
2739 25  29 25 13 34
2740 25  30 25 13 28
2741 25  31 25 13 26
2742 25  32 25 13 24
2743 25  33 25 14 46
2744 25  34 25 14 44
2745 25  35 25 14 40
2746 25  36 25 14 38
2747 25  37 25 14 36
2748 25  38 25 14 32
2749 25  39 25 14 28
2750 25  40 25 14 26
2751 25  41 25 17 46
2752 25  42 25 17 44
2753 25  43 25 17 42
2754 25  44 25 17 38
2755 25  45 25 17 34
2756 25  46 25 17 32
2757 25  47 25 17 28
2758 25  48 25 17 26
2759 25  49 25 17 24
2760 25  50 27 16 46
2761 25  51 27 16 44
2762 25  52 27 16 40
2763 25  53 27 16 36
2764 25  54 27 16 34
2765 25  55 27 16 28
2766 25  56 27 16 26
2767 25  57 27 16 24
2768 25  58 27 13 46
2769 25  59 27 13 44
2770 25  60 27 13 40
2771 25  61 27 13 38
2772 25  62 27 13 36
2773 25  63 27 13 32
2774 25  64 27 13 28
2775 25  65 27 13 26
2776 25  66 27  9 46
2777 25  67 27  9 44
2778 25  68 27  9 40
2779 25  69 27  9 38
2780 25  70 27  9 34
2781 25  71 27  9 32
2782 25  72 27  9 26
2783 25  73 27  9 24
2784 25  74 27  7 46
2785 25  75 27  7 44
2786 25  76 27  7 40
2787 25  77 27  7 36
2788 25  78 27  7 34
2789 25  79 27  7 28
2790 25  80 27  7 26
2791 25  81 27  7 24
2792 25  82 27  6 46
2793 25  83 27  6 44
2794 25  84 27  6 40
2795 25  85 27  6 36
2796 25  86 27  6 34
2797 25  87 27  6 32
2798 25  88 27  6 28
2799 25  89 27  6 26
2800 25  90 27  6 24
2801 25  91 27  5 46
2802 25  92 27  5 42
2803 25  93 27  5 38
2804 25  94 27  5 36
2805 25  95 27  5 32
2806 25  96 27  5 28
2807 25  97 27  5 26
2808 25  98 27  5 24
2809 25  99 28  5 44
2810 25 100 28  5 42
2811 25 101 28  5 40
2812 25 102 28  5 36
2813 25 103 28  5 32
2814 25 104 28  5 28
2815 25 105 28  5 26
2816 25 106 28  5 24
2817 25 107 28  7 46
2818 25 108 28  7 42
2819 25 109 28  7 40
2820 25 110 28  7 36
2821 25 111 28  7 32
2822 25 112 28  7 28
2823 25 113 28  7 26
2824 25 114 28  7 24
2825 25 115 28  9 59
2826 25 116 28  9 46
2827 25 117 28  9 42
2828 25 118 28  9 38
2829 25 119 28  9 36
2830 25 120 28  9 32
2831 25 121 28  9 28
2832 25 122 28  9 26
2833 25 123 28  9 24
2834 25 124 28 10 44
2835 25 125 28 10 42
2836 25 126 28 10 38
2837 25 127 28 10 34
2838 25 128 28 10 32
2839 25 129 28 10 28
2840 25 130 28 10 26
2841 25 131 28 13 55
2842 25 132 28 14 46
2843 25 133 28 14 44
2844 25 134 28 14 40
2845 25 135 28 14 36
2846 25 136 28 14 34
2847 25 137 28 14 32
2848 25 138 28 14 26
2849 25 139 28 14 24
2850 25 140 28 17 46
2851 25 141 28 17 44
2852 25 142 28 17 40
2853 25 143 28 17 36
2854 25 144 28 17 34
2855 25 145 28 17 28
2856 25 146 28 17 26
2857 25 147 28 17 24
2858 25 148 26 16 46
2859 25 149 26 16 44
2860 25 150 26 16 40
2861 25 151 26 16 38
2862 25 152 26 16 34
2863 25 153 26 16 32
2864 25 154 26 16 28
2865 25 155 26 16 26
2866 25 156 26 15 46
2867 25 157 26 15 44
2868 25 158 26 15 40
2869 25 159 26 15 38
2870 25 160 26 15 34
2871 25 161 26 15 32
2872 25 162 26 15 28
2873 25 163 26 15 24
2874 25 164 26 10 46
2875 25 165 26 10 44
2876 25 166 26 10 42
2877 25 167 26 10 38
2878 25 168 26 10 36
2879 25 169 26 10 32
2880 25 170 26 10 28
2881 25 171 26 10 26
2882 25 172 26  8 46
2883 25 173 26  8 44
2884 25 174 26  8 42
2885 25 175 26  8 38
2886 25 176 26  8 34
2887 25 177 26  8 32
2888 25 178 26  8 28
2889 25 179 26  8 26
2890 25 180 26  8 24
2891 25 181 26  6 46
2892 25 182 26  6 44
2893 25 183 26  6 40
2894 25 184 26  6 36
2895 25 185 26  6 34
2896 25 186 26  6 28
2897 25 187 26  6 26
2898 25 188 26  6 24
2899 25 189 26  4 22
2900 25 190 26  4 20
2901 25 191 26  4 16
2902 25 192 26  4 14
2903 25 193 26  4 12
2904 25 194 26  4  8
2905 25 195 26  4  4
2906 25 196 26  4  2
2907 25 197 25  5 61
2908 26   1 25  5 59
2909 26   2 25  5 57
2910 26   3 25  5 55
2911 26   4 25  5 51
2912 26   5 25  7 69
2913 26   6 25  7 67
2914 26   7 25  7 63
2915 26   8 25  7 61
2916 26   9 25  7 59
2917 26  10 25  7 55
2918 26  11 25  7 53
2919 26  12 25  7 49
2920 26  13 25 10 69
2921 26  14 25 10 65
2922 26  15 25 10 63
2923 26  16 25 10 59
2924 26  17 25 10 57
2925 26  18 25 10 55
2926 26  19 25 10 51
2927 26  20 25 13 69
2928 26  21 25 13 67
2929 26  22 25 13 65
2930 26  23 25 13 61
2931 26  24 25 13 59
2932 26  25 25 13 55
2933 26  26 25 13 53
2934 26  27 25 13 49
2935 26  28 25 14 69
2936 26  29 25 14 65
2937 26  30 25 14 63
2938 26  31 25 14 61
2939 26  32 25 14 57
2940 26  33 25 14 55
2941 26  34 25 14 51
2942 26  35 25 16 69
2943 26  36 25 16 67
2944 26  37 25 16 65
2945 26  38 25 16 61
2946 26  39 25 16 59
2947 26  40 25 16 57
2948 26  41 25 16 53
2949 26  42 25 16 49
2950 26  43 25 17 69
2951 26  44 25 17 67
2952 26  45 25 17 63
2953 26  46 25 17 61
2954 26  47 25 17 57
2955 26  48 25 17 55
2956 26  49 25 17 51
2957 26  50 27 16 69
2958 26  51 27 16 67
2959 26  52 27 16 65
2960 26  53 27 16 61
2961 26  54 27 16 59
2962 26  55 27 16 57
2963 26  56 27 16 53
2964 26  57 27 16 49
2965 26  58 27 13 69
2966 26  59 27 13 67
2967 26  60 27 13 63
2968 26  61 27 13 61
2969 26  62 27 13 59
2970 26  63 27 13 55
2971 26  64 27 13 53
2972 26  65 27 13 49
2973 26  66 27  9 67
2974 26  67 27  9 65
2975 26  68 27  9 63
2976 26  69 27  9 59
2977 26  70 27  9 57
2978 26  71 27  9 55
2979 26  72 27  9 51
2980 26  73 27  7 71
2981 26  74 27  7 67
2982 26  75 27  7 65
2983 26  76 27  7 63
2984 26  77 27  7 59
2985 26  78 27  7 55
2986 26  79 27  7 53
2987 26  80 27  7 51
2988 26  81 27  6 71
2989 26  82 27  6 67
2990 26  83 27  6 63
2991 26  84 27  6 61
2992 26  85 27  6 57
2993 26  86 27  6 55
2994 26  87 27  6 51
2995 26  88 27  6 49
2996 26  89 27  5 69
2997 26  90 27  5 65
2998 26  91 27  5 63
2999 26  92 27  5 59
3000 26  93 27  5 57
3001 26  94 27  5 55
3002 26  95 27  5 51
3003 26  96 28  5 71
3004 26  97 28  5 67
3005 26  98 28  5 65
3006 26  99 28  5 63
3007 26 100 28  5 59
3008 26 101 28  5 57
3009 26 102 28  5 55
3010 26 103 28  5 51
3011 26 104 28  7 69
3012 26 105 28  7 67
3013 26 106 28  7 65
3014 26 107 28  7 61
3015 26 108 28  7 59
3016 26 109 28  7 57
3017 26 110 28  7 53
3018 26 111 28  7 49
3019 26 112 28  9 67
3020 26 113 28  9 65
3021 26 114 28  9 63
3022 26 115 28  9 61
3023 26 116 28  9 57
3024 26 117 28  9 55
3025 26 118 28  9 51
3026 26 119 28 10 69
3027 26 120 28 10 67
3028 26 121 28 10 65
3029 26 122 28 10 61
3030 26 123 28 10 59
3031 26 124 28 10 57
3032 26 125 28 10 53
3033 26 126 28 10 49
3034 26 127 28 13 69
3035 26 128 28 13 65
3036 26 129 28 13 63
3037 26 130 28 13 61
3038 26 131 28 13 57
3039 26 132 28 13 53
3040 26 133 28 13 51
3041 26 134 28 14 69
3042 26 135 28 14 67
3043 26 136 28 14 65
3044 26 137 28 14 61
3045 26 138 28 14 59
3046 26 139 28 14 57
3047 26 140 28 14 53
3048 26 141 28 14 49
3049 26 142 28 17 69
3050 26 143 28 17 65
3051 26 144 28 17 63
3052 26 145 28 17 59
3053 26 146 28 17 57
3054 26 147 28 17 55
3055 26 148 28 17 49
3056 26 149 26 16 69
3057 26 150 26 16 67
3058 26 151 26 16 65
3059 26 152 26 16 61
3060 26 153 26 16 59
3061 26 154 26 16 57
3062 26 155 26 16 53
3063 26 156 26 16 49
3064 26 157 26 15 69
3065 26 158 26 15 65
3066 26 159 26 15 63
3067 26 160 26 15 59
3068 26 161 26 15 57
3069 26 162 26 15 55
3070 26 163 26 15 51
3071 26 164 26 10 69
3072 26 165 26 10 67
3073 26 166 26 10 65
3074 26 167 26 10 61
3075 26 168 26 10 59
3076 26 169 26 10 57
3077 26 170 26 10 55
3078 26 171 26 10 49
3079 26 172 26  8 69
3080 26 173 26  8 67
3081 26 174 26  8 63
3082 26 175 26  8 61
3083 26 176 26  8 59
3084 26 177 26  8 55
3085 26 178 26  8 53
3086 26 179 26  6 71
3087 26 180 26  6 67
3088 26 181 26  6 65
3089 26 182 26  6 63
3090 26 183 26  6 59
3091 26 184 26  6 57
3092 26 185 26  6 55
3093 26 186 26  6 53
3094 26 187 26  4 45
3095 26 188 26  4 43
3096 26 189 26  4 41
3097 26 190 26  4 37
3098 26 191 26  4 35
3099 26 192 26  4 31
3100 26 193 26  4 29
3101 26 194 26  4 25
3102 26 195 25  5 67
3103 26 196 25  5 65
3104 26 197 25  5 63
3105 27   1 25  5 58
3106 27   2 25  5 54
3107 27   3 25  5 53
3108 27   4 25  5 49
3109 27   5 25  7 71
3110 27   6 25  7 68
3111 27   7 25  7 65
3112 27   8 25  7 62
3113 27   9 25  7 58
3114 27  10 25  7 57
3115 27  11 25  7 54
3116 27  12 25  7 51
3117 27  13 25 10 71
3118 27  14 25 10 67
3119 27  15 25 10 66
3120 27  16 25 10 62
3121 27  17 25 10 58
3122 27  18 25 10 54
3123 27  19 25 10 53
3124 27  20 25 10 49
3125 27  21 25 13 71
3126 27  22 25 13 68
3127 27  23 25 13 64
3128 27  24 25 13 63
3129 27  25 25 13 58
3130 27  26 25 13 57
3131 27  27 25 13 54
3132 27  28 25 13 51
3133 27  29 25 14 71
3134 27  30 25 14 67
3135 27  31 25 14 66
3136 27  32 25 14 62
3137 27  33 25 14 58
3138 27  34 25 14 54
3139 27  35 25 14 53
3140 27  36 25 14 49
3141 27  37 25 16 71
3142 27  38 25 16 68
3143 27  39 25 16 64
3144 27  40 25 16 63
3145 27  41 25 16 58
3146 27  42 25 16 54
3147 27  43 25 16 55
3148 27  44 25 16 51
3149 27  45 25 17 71
3150 27  46 25 17 68
3151 27  47 25 17 65
3152 27  48 25 17 62
3153 27  49 25 17 58
3154 27  50 25 17 54
3155 27  51 25 17 53
3156 27  52 25 17 49
3157 27  53 27 16 71
3158 27  54 27 16 68
3159 27  55 27 16 64
3160 27  56 27 16 63
3161 27  57 27 16 58
3162 27  58 27 16 54
3163 27  59 27 16 55
3164 27  60 27 16 51
3165 27  61 27 13 71
3166 27  62 27 13 68
3167 27  63 27 13 65
3168 27  64 27 13 62
3169 27  65 27 13 58
3170 27  66 27 13 57
3171 27  67 27 13 54
3172 27  68 27 13 51
3173 27  69 27  9 71
3174 27  70 27  9 69
3175 27  71 27  9 66
3176 27  72 27  9 62
3177 27  73 27  9 61
3178 27  74 27  9 56
3179 27  75 27  9 54
3180 27  76 27  9 53
3181 27  77 27  9 49
3182 27  78 27  7 69
3183 27  79 27  7 66
3184 27  80 27  7 62
3185 27  81 27  7 61
3186 27  82 27  7 57
3187 27  83 27  7 54
3188 27  84 27  7 50
3189 27  85 27  7 49
3190 27  86 27  6 69
3191 27  87 27  6 65
3192 27  88 27  6 64
3193 27  89 27  6 60
3194 27  90 27  6 59
3195 27  91 27  6 54
3196 27  92 27  6 53
3197 27  93 27  6 48
3198 27  94 27  5 71
3199 27  95 27  5 67
3200 27  96 27  5 64
3201 27  97 27  5 61
3202 27  98 27  5 58
3203 27  99 27  5 54
3204 27 100 27  5 53
3205 27 101 27  5 49
3206 27 102 28  5 69
3207 27 103 28  5 68
3208 27 104 28  5 64
3209 27 105 28  5 61
3210 27 106 28  5 58
3211 27 107 28  5 54
3212 27 108 28  5 53
3213 27 109 28  5 49
3214 27 110 28  7 71
3215 27 111 28  7 68
3216 27 112 28  7 64
3217 27 113 28  7 63
3218 27 114 28  7 58
3219 27 115 28  7 54
3220 27 116 28  7 55
3221 27 117 28  7 51
3222 27 118 28  9 71
3223 27 119 28  9 69
3224 27 120 28  9 66
3225 27 121 28  9 62
3226 27 122 28  9 58
3227 27 123 28  9 54
3228 27 124 28  9 53
3229 27 125 28  9 49
3230 27 126 28 10 71
3231 27 127 28 10 68
3232 27 128 28 10 64
3233 27 129 28 10 63
3234 27 130 28 10 58
3235 27 131 28 10 54
3236 27 132 28 10 55
3237 27 133 28 10 51
3238 27 134 28 13 71
3239 27 135 28 13 67
3240 27 136 28 13 66
3241 27 137 28 13 62
3242 27 138 28 13 59
3243 27 139 28 13 56
3244 27 140 28 13 54
3245 27 141 28 13 49
3246 27 142 28 14 71
3247 27 143 28 14 68
3248 27 144 28 14 64
3249 27 145 28 14 63
3250 27 146 28 14 58
3251 27 147 28 14 54
3252 27 148 28 14 55
3253 27 149 28 14 51
3254 27 150 28 17 71
3255 27 151 28 17 67
3256 27 152 28 17 66
3257 27 153 28 17 62
3258 27 154 28 17 58
3259 27 155 28 17 54
3260 27 156 28 17 53
3261 27 157 28 17 51
3262 27 158 26 16 71
3263 27 159 26 16 68
3264 27 160 26 16 64
3265 27 161 26 16 63
3266 27 162 26 16 58
3267 27 163 26 16 54
3268 27 164 26 16 55
3269 27 165 26 16 51
3270 27 166 26 15 71
3271 27 167 26 15 67
3272 27 168 26 15 66
3273 27 169 26 15 62
3274 27 170 26 15 58
3275 27 171 26 15 54
3276 27 172 26 15 53
3277 27 173 26 15 49
3278 27 174 26 10 71
3279 27 175 26 10 68
3280 27 176 26 10 64
3281 27 177 26 10 63
3282 27 178 26 10 58
3283 27 179 26 10 54
3284 27 180 26 10 53
3285 27 181 26 10 51
3286 27 182 26  8 71
3287 27 183 26  8 68
3288 27 184 26  8 65
3289 27 185 26  8 62
3290 27 186 26  8 58
3291 27 187 26  8 57
3292 27 188 26  8 54
3293 27 189 26  8 51
3294 27 190 26  8 49
3295 27 191 26  6 69
3296 27 192 26  6 66
3297 27 193 26  6 62
3298 27 194 26  6 58
3299 27 195 26  6 54
3300 27 196 26  6 51
3301 27 197 26  6 49
3302 27 198 26  4 47
3303 27 199 26  4 44
3304 27 200 26  4 40
3305 27 201 26  4 39
3306 27 202 26  4 34
3307 27 203 26  4 33
3308 27 204 26  4 30
3309 27 205 26  4 27
3310 27 206 25  5 71
3311 27 207 25  5 69
3312 27 208 25  5 66
3313 27 209 25  5 62
3314 28   1 25  5 56
3315 28   2 25  5 52
3316 28   3 25  5 50
3317 28   4 25  5 48
3318 28   5 25  7 70
3319 28   6 25  7 66
3320 28   7 25  7 64
3321 28   8 25  7 60
3322 28   9 25  7 56
3323 28  10 25  7 52
3324 28  11 25  7 50
3325 28  12 25  7 48
3326 28  13 25 10 70
3327 28  14 25 10 68
3328 28  15 25 10 64
3329 28  16 25 10 60
3330 28  17 25 10 56
3331 28  18 25 10 52
3332 28  19 25 10 50
3333 28  20 25 10 48
3334 28  21 25 13 70
3335 28  22 25 13 66
3336 28  23 25 13 62
3337 28  24 25 13 60
3338 28  25 25 13 56
3339 28  26 25 13 52
3340 28  27 25 13 50
3341 28  28 25 13 48
3342 28  29 25 14 70
3343 28  30 25 14 68
3344 28  31 25 14 64
3345 28  32 25 14 60
3346 28  33 25 14 56
3347 28  34 25 14 52
3348 28  35 25 14 50
3349 28  36 25 14 48
3350 28  37 25 16 70
3351 28  38 25 16 66
3352 28  39 25 16 62
3353 28  40 25 16 60
3354 28  41 25 16 56
3355 28  42 25 16 52
3356 28  43 25 16 50
3357 28  44 25 16 48
3358 28  45 25 17 70
3359 28  46 25 17 66
3360 28  47 25 17 64
3361 28  48 25 17 60
3362 28  49 25 17 56
3363 28  50 25 17 52
3364 28  51 25 17 50
3365 28  52 25 17 48
3366 28  53 27 16 70
3367 28  54 27 16 66
3368 28  55 27 16 62
3369 28  56 27 16 60
3370 28  57 27 16 56
3371 28  58 27 16 52
3372 28  59 27 16 50
3373 28  60 27 16 48
3374 28  61 27 13 70
3375 28  62 27 13 66
3376 28  63 27 13 64
3377 28  64 27 13 60
3378 28  65 27 13 56
3379 28  66 27 13 52
3380 28  67 27 13 50
3381 28  68 27 13 48
3382 28  69 27  9 70
3383 28  70 27  9 68
3384 28  71 27  9 64
3385 28  72 27  9 60
3386 28  73 27  9 58
3387 28  74 27  9 52
3388 28  75 27  9 50
3389 28  76 27  9 48
3390 28  77 27  7 70
3391 28  78 27  7 68
3392 28  79 27  7 64
3393 28  80 27  7 60
3394 28  81 27  7 58
3395 28  82 27  7 56
3396 28  83 27  7 52
3397 28  84 27  7 48
3398 28  85 27  6 70
3399 28  86 27  6 68
3400 28  87 27  6 66
3401 28  88 27  6 62
3402 28  89 27  6 58
3403 28  90 27  6 56
3404 28  91 27  6 52
3405 28  92 27  6 50
3406 28  93 27  5 70
3407 28  94 27  5 68
3408 28  95 27  5 66
3409 28  96 27  5 62
3410 28  97 27  5 60
3411 28  98 27  5 56
3412 28  99 27  5 52
3413 28 100 27  5 50
3414 28 101 27  5 48
3415 28 102 28  5 70
3416 28 103 28  5 66
3417 28 104 28  5 62
3418 28 105 28  5 60
3419 28 106 28  5 56
3420 28 107 28  5 52
3421 28 108 28  5 50
3422 28 109 28  5 48
3423 28 110 28  7 70
3424 28 111 28  7 66
3425 28 112 28  7 62
3426 28 113 28  7 60
3427 28 114 28  7 56
3428 28 115 28  7 52
3429 28 116 28  7 50
3430 28 117 28  7 48
3431 28 118 28  9 70
3432 28 119 28  9 68
3433 28 120 28  9 64
3434 28 121 28  9 60
3435 28 122 28  9 56
3436 28 123 28  9 52
3437 28 124 28  9 50
3438 28 125 28  9 48
3439 28 126 28 10 70
3440 28 127 28 10 66
3441 28 128 28 10 62
3442 28 129 28 10 60
3443 28 130 28 10 56
3444 28 131 28 10 52
3445 28 132 28 10 50
3446 28 133 28 10 48
3447 28 134 28 13 70
3448 28 135 28 13 68
3449 28 136 28 13 64
3450 28 137 28 13 60
3451 28 138 28 13 58
3452 28 139 28 13 52
3453 28 140 28 13 50
3454 28 141 28 13 48
3455 28 142 28 14 70
3456 28 143 28 14 66
3457 28 144 28 14 62
3458 28 145 28 14 60
3459 28 146 28 14 56
3460 28 147 28 14 52
3461 28 148 28 14 50
3462 28 149 28 14 48
3463 28 150 28 17 70
3464 28 151 28 17 68
3465 28 152 28 17 64
3466 28 153 28 17 60
3467 28 154 28 17 56
3468 28 155 28 17 52
3469 28 156 28 17 50
3470 28 157 28 17 48
3471 28 158 26 16 70
3472 28 159 26 16 66
3473 28 160 26 16 62
3474 28 161 26 16 60
3475 28 162 26 16 56
3476 28 163 26 16 52
3477 28 164 26 16 50
3478 28 165 26 16 48
3479 28 166 26 15 70
3480 28 167 26 15 68
3481 28 168 26 15 64
3482 28 169 26 15 60
3483 28 170 26 15 56
3484 28 171 26 15 52
3485 28 172 26 15 50
3486 28 173 26 15 48
3487 28 174 26 10 70
3488 28 175 26 10 66
3489 28 176 26 10 62
3490 28 177 26 10 60
3491 28 178 26 10 56
3492 28 179 26 10 52
3493 28 180 26 10 50
3494 28 181 26 10 48
3495 28 182 26  8 70
3496 28 183 26  8 66
3497 28 184 26  8 64
3498 28 185 26  8 60
3499 28 186 26  8 56
3500 28 187 26  8 52
3501 28 188 26  8 50
3502 28 189 26  8 48
3503 28 190 26  6 70
3504 28 191 26  6 68
3505 28 192 26  6 64
3506 28 193 26  6 60
3507 28 194 26  6 56
3508 28 195 26  6 52
3509 28 196 26  6 50
3510 28 197 26  6 48
3511 28 198 26  4 46
3512 28 199 26  4 42
3513 28 200 26  4 38
3514 28 201 26  4 36
3515 28 202 26  4 32
3516 28 203 26  4 28
3517 28 204 26  4 26
3518 28 205 26  4 24
3519 28 206 25  5 70
3520 28 207 25  5 68
3521 28 208 25  5 64
3522 28 209 25  5 60
